[0,635,874,1163,2017]
[0,267,493,680,1163,1495,2017]
[0,161,267,635,818,1163,1495,1735,1888,2017]
[0,1003,1163,2017]
[0,493,1003,1163,2017]
[0,1163,1495,1735,1888,2017]
[0,267,680,1163,1495,1735,2017]
[0,493,639,1163,1888,2017]
[0,267,2017]
[0,267,493,680,1163,1495,1735,1888,2017]
[0,493,639,1163,1279,1888,2017]
[0,267,639,1163,1787,2017]
[0,267,639,1003,1163,1888,2017]
[0,205,267,639,1163,2017]
[0,874,1163,1495,1735,2017]
[0,267,818,1163,1888,2017]
[0,267,639,1003,1163,2017]
[0,635,818,1163,1495,1888,2017]
[0,267,1003,1163,2017]
[0,493,1163,2017]
[0,493,639,1003,1163,1888,2017]
[0,267,1003,1163,1888,2017]
[0,493,639,2017]
[0,635,874,1163,1495,2017]
[0,267,493,639,1163,1888,2017]
[0,635,874,1163,1495,1888,2017]
[0,493,639,1163,2017]
[0,635,818,1163,1495,2017]
[0,267,635,818,1163,1495,1735,2017]
[0,205,267,2017]
[0,267,493,639,1163,2017]
[0,874,1163,2017]
[0,267,1003,1163,1543,1888,2017]
[0,267,1163,1495,2017]
[0,267,635,818,1163,1495,2017]
[0,267,818,1163,1279,2017]
[0,1163,1495,1787,2017]
[0,267,818,1163,1279,1888,2017]
[0,1163,1495,1888,2017]
[0,267,818,1163,1495,2017]
[0,267,493,639,1163,1279,1888,2017]
[0,493,639,1163,1279,2017]
[0,1163,1717,2017]
[0,267,818,1163,1495,1735,2017]
[0,205,267,493,639,1163,1279,1888,2017]
[0,267,1003,1163,1279,1888,2017]
[0,1163,1543,2017]
[0,1163,2017]
[0,267,639,1003,1163,1543,2017]
[0,493,639,1003,1163,2017]
[0,639,1163,1543,2017]
[0,267,639,1163,1543,2017]
[0,267,1163,1543,2017]
[0,493,1163,1495,2017]
[0,161,267,818,1163,1279,1888,2017]
[0,267,1163,1787,2017]
[0,267,639,1003,1163,1279,1888,2017]
[0,267,1003,1163,1279,2017]
[0,205,267,493,639,1163,1279,2017]
[0,635,874,1163,1495,1735,2017]
[0,267,635,818,1163,1495,1735,1888,2017]
[0,874,1163,1495,2017]
[0,818,1163,2017]
[0,267,493,639,1163,1279,2017]
[0,493,680,1163,2017]
[0,493,639,1003,1163,1279,1888,2017]
[0,493,680,1163,1495,1735,1888,2017]
[0,267,1003,1163,1543,2017]
[0,818,1163,1495,2017]
[0,205,267,1163,2017]
[0,635,874,1163,1495,1735,1888,2017]
[0,680,1163,1495,2017]
[0,493,2017]
[0,267,639,1003,1163,1543,1787,2017]
[0,680,1163,2017]
[0,493,680,1163,1495,2017]
[0,267,493,680,1163,1495,1735,2017]
[0,267,680,1163,1495,2017]
[0,161,267,635,818,1163,1495,1888,2017]
[0,1163,1495,1735,2017]
[0,493,680,1163,1495,1735,2017]
[0,635,874,1163,1495,1787,2017]
[0,267,639,1163,1543,1787,2017]
[0,267,818,1163,2017]
[0,205,267,493,639,1003,1163,1279,1888,2017]
[0,267,493,1003,1163,2017]
[0,267,1003,1163,1787,2017]
[0,635,818,1163,2017]
[0,267,639,1003,1163,1543,1888,2017]
[0,161,267,493,680,1163,1495,1888,2017]
[0,1163,1495,2017]
[0,493,1163,1495,1735,2017]
[0,267,493,639,1003,1163,2017]
[0,267,639,1163,2017]
[0,267,493,639,1003,1163,1888,2017]
[0,267,1163,2017]
[0,639,1163,2017]
[0,205,267,493,639,1163,2017]
[0,267,493,1163,2017]
[0,493,680,2017]
[0,267,1003,1163,1543,1787,2017]
[0,267,1163,1717,2017]
[0,267,493,680,1163,1495,1888,2017]
[0,267,1163,1543,1787,2017]
[0,161,267,493,680,1163,1495,1735,1888,2017]
[0,267,635,818,1163,1495,1888,2017]
[0,493,680,1163,1495,1888,2017]
[0,267,493,639,1003,1163,1279,1888,2017]
