[0,840,1180]
[0,82,200,445,603,822,1180]
[0,82,445,822,1180]
[0,445,603,822,1180]
[0,82,445,1180]
[0,200,445,603,822,1180]
[0,82,445,603,822,1180]
[0,822,1180]
[0,200,822,1180]
[0,398,822,1180]
[0,200,445,822,1180]
[0,82,398,445,822,1180]
[0,82,1180]
[0,200,445,822,949,1180]
[0,82,834,1180]
[0,82,398,445,603,822,1180]
[0,828,1180]
[0,445,1180]
[0,82,398,822,1180]
[0,398,828,1180]
[0,398,445,1180]
[0,200,445,603,822,963,1180]
[0,82,200,822,1180]
[0,82,200,445,822,949,1180]
[0,82,200,445,603,822,963,1180]
[0,834,1180]
[0,200,1180]
[0,445,822,1180]
[0,82,398,445,1180]
[0,82,840,1180]
[0,82,822,1180]
[0,603,822,1180]
[0,82,200,445,822,1180]
[0,398,1180]
