[0,122,330,630,1132,1180]
[0,122,465,534,802,1180]
[0,122,465,534,817,1180]
[0,499,1132,1180]
[0,122,222,377,465,534,817,1132,1180]
[0,416,797,1180]
[0,122,377,465,534,802,1132,1180]
[0,122,377,465,534,802,1180]
[0,122,377,465,630,802,886,1180]
[0,122,465,534,1180]
[0,122,222,465,633,1180]
[0,122,222,377,465,802,886,1180]
[0,122,222,330,377,465,534,817,1132,1180]
[0,122,330,377,465,534,1180]
[0,122,330,377,465,534,1132,1180]
[0,122,330,465,630,1180]
[0,122,222,377,465,630,886,1180]
[0,1118,1180]
[0,122,222,377,465,534,630,1180]
[0,122,465,802,1180]
[0,122,465,630,1180]
[0,499,1180]
[0,122,222,377,465,630,802,886,1180]
[0,465,817,1180]
[0,122,222,465,633,817,1132,1180]
[0,122,465,802,886,1180]
[0,122,222,330,377,465,534,802,886,1132,1180]
[0,122,465,534,817,1132,1180]
[0,122,465,534,1132,1180]
[0,122,222,465,630,886,1180]
[0,122,465,534,630,1180]
[0,122,222,465,534,630,1180]
[0,122,1180]
[0,122,465,534,802,1132,1180]
[0,122,222,377,465,534,630,1132,1180]
[0,122,465,630,1132,1180]
[0,122,222,330,465,633,1180]
[0,122,222,377,465,802,1180]
[0,122,330,377,465,534,802,886,1132,1180]
[0,122,465,633,1132,1180]
[0,122,377,465,817,1180]
[0,122,222,377,465,534,630,802,886,1132,1180]
[0,122,377,465,534,1132,1180]
[0,465,886,1180]
[0,416,1180]
[0,122,465,1180]
[0,122,222,465,802,1180]
[0,122,377,465,630,886,1180]
[0,122,222,465,534,630,1132,1180]
[0,122,222,377,465,630,1180]
[0,122,377,465,534,817,1180]
[0,181,465,1180]
[0,122,465,1132,1180]
[0,122,222,377,465,817,1180]
[0,465,633,817,1180]
[0,122,222,465,630,1180]
[0,122,330,1132,1180]
[0,122,377,465,534,817,1132,1180]
[0,122,330,377,465,534,802,1132,1180]
[0,330,465,630,1180]
[0,122,222,377,465,534,802,886,1132,1180]
[0,122,377,465,534,630,1132,1180]
[0,122,465,817,1180]
[0,122,377,465,534,1180]
[0,330,630,1180]
[0,122,330,465,633,1180]
[0,122,222,330,465,534,630,1180]
[0,122,377,465,802,1180]
[0,122,377,465,534,802,886,1180]
[0,416,797,1132,1180]
[0,122,222,330,377,465,534,630,1132,1180]
[0,465,1180]
[0,122,377,465,630,1180]
[0,122,465,886,1180]
[0,122,1132,1180]
[0,465,633,1180]
[0,122,222,330,465,633,817,1132,1180]
[0,499,802,1132,1180]
[0,122,222,377,465,534,630,802,886,1180]
[0,122,377,465,802,886,1180]
[0,122,465,633,817,1180]
[0,122,377,465,534,630,1180]
[0,465,633,1132,1180]
[0,122,465,630,802,886,1180]
[0,122,222,465,633,817,1180]
[0,122,330,1180]
[0,122,377,465,534,802,886,1132,1180]
[0,122,330,465,633,817,1180]
[0,122,465,534,886,1180]
[0,181,465,1118,1180]
[0,122,465,534,630,1132,1180]
[0,122,465,534,802,886,1132,1180]
[0,122,222,465,817,1180]
[0,122,465,534,802,886,1180]
[0,122,330,377,465,534,817,1132,1180]
[0,122,377,465,1180]
[0,122,330,630,1180]
[0,122,465,630,886,1180]
[0,416,1132,1180]
[0,122,330,377,465,534,630,1132,1180]
[0,122,377,465,534,630,802,886,1180]
[0,499,802,1180]
[0,465,630,886,1180]
[0,465,1118,1180]
[0,122,465,802,1132,1180]
[0,330,465,633,817,1180]
[0,122,222,330,465,534,630,1132,1180]
[0,330,1118,1180]
[0,1132,1180]
[0,122,222,330,465,633,817,1180]
[0,330,465,633,1180]
[0,122,465,633,1180]
[0,465,534,1180]
[0,122,222,330,377,465,534,630,802,886,1132,1180]
[0,122,465,633,817,1132,1180]
[0,122,222,377,465,534,817,1180]
[0,330,1180]
[0,122,222,377,465,534,802,886,1180]
[0,465,802,1180]
[0,122,377,465,534,630,802,886,1132,1180]
[0,465,630,1180]
[0,122,222,330,465,630,1180]
