[0,420,581,1041,1491,1806,2017]
[0,204,581,1041,1277,1806,2017]
[0,204,420,581,1041,1277,1491,1806,2017]
[0,581,1041,1491,1806,2017]
[0,581,1041,1277,2017]
[0,204,420,581,775,1041,1277,1491,1806,2017]
[0,581,775,1041,1277,1491,1806,2017]
[0,171,422,581,1041,1806,2017]
[0,566,2017]
[0,544,2017]
[0,171,581,1041,1277,1806,2017]
[0,239,566,1044,2017]
[0,581,1277,2017]
[0,204,420,581,1041,1806,2017]
[0,204,581,1041,1806,2017]
[0,495,2017]
[0,581,1041,1277,1491,1806,2017]
[0,171,581,1041,2017]
[0,171,422,581,1041,1277,1806,2017]
[0,171,422,581,1041,1491,1701,1806,2017]
[0,581,1125,2017]
[0,239,581,1041,1806,2017]
[0,581,1041,1277,1491,2017]
[0,171,581,1041,1701,1806,2017]
[0,566,1044,1806,2017]
[0,581,1041,1806,2017]
[0,239,566,1041,2017]
[0,420,581,1041,1277,1806,2017]
[0,566,1044,2017]
[0,171,422,581,775,1041,1277,1491,1806,2017]
[0,1082,2017]
[0,204,581,1041,1277,1491,1806,2017]
[0,420,581,1041,1491,1701,1806,2017]
[0,239,581,1041,2017]
[0,566,1041,1806,2017]
[0,581,1277,1806,2017]
[0,420,581,1041,1806,2017]
[0,1277,2017]
[0,171,581,1041,1806,2017]
[0,566,1041,2017]
[0,171,422,581,1041,1491,1806,2017]
[0,171,422,581,1041,1701,1806,2017]
[0,171,581,1277,1806,2017]
[0,171,581,1277,2017]
[0,495,1082,2017]
[0,171,422,581,1041,1277,1491,1701,1806,2017]
[0,420,581,1041,1277,1491,1806,2017]
[0,581,2017]
[0,171,422,581,775,1041,1277,1491,1701,1806,2017]
[0,239,566,1044,1806,2017]
[0,204,420,581,1041,1277,1806,2017]
[0,204,581,775,1041,1277,1491,1806,2017]
[0,204,420,581,1041,1277,1491,1701,1806,2017]
[0,420,581,1041,2017]
[0,204,420,581,775,1041,1277,1491,1701,1806,2017]
[0,171,581,1041,1277,1491,1806,2017]
[0,420,581,1041,1701,1806,2017]
[0,420,581,1041,1277,1491,1701,1806,2017]
[0,581,1041,1277,1806,2017]
[0,171,422,581,1041,1277,1491,1806,2017]
[0,581,1041,2017]
[0,204,581,1041,2017]
[0,171,581,775,1041,1277,1491,1806,2017]
[0,239,581,1125,2017]
[0,239,566,1041,1806,2017]
[0,581,1041,1491,2017]
[0,171,581,1041,1491,1806,2017]
