[0,244,718,1934,2282,2759]
[0,244,439,718,1468,1934,2113,2759]
[0,244,1006,1468,1934,2282,2759]
[0,244,718,1150,1396,1684,1934,2299,2759]
[0,244,439,718,1934,2113,2759]
[0,244,1468,2759]
[0,244,718,1684,1934,2282,2759]
[0,718,1684,1934,2282,2759]
[0,244,439,718,1684,1934,2282,2759]
[0,244,439,1468,1934,2282,2759]
[0,804,1468,1934,2282,2759]
[0,1684,1934,2282,2759]
[0,244,439,1934,2759]
[0,244,718,1934,2299,2759]
[0,338,1972,2759]
[0,718,1396,1934,2282,2759]
[0,244,457,1006,1934,2759]
[0,244,1006,1934,2759]
[0,244,457,1006,1934,2282,2759]
[0,718,1934,2282,2759]
[0,718,1468,1934,2282,2759]
[0,244,718,1396,1684,1934,2282,2759]
[0,718,1684,1934,2299,2759]
[0,244,439,718,1684,1934,2299,2759]
[0,1684,1934,2299,2759]
[0,1150,1934,2299,2759]
[0,244,439,718,1934,2299,2759]
[0,244,718,1468,1934,2282,2759]
[0,718,1396,1934,2759]
[0,718,1396,1934,2299,2759]
[0,244,1934,2299,2759]
[0,804,1934,2282,2759]
[0,718,1150,1396,1684,1934,2282,2759]
[0,244,718,1396,1684,1934,2299,2759]
[0,1006,1468,1934,2759]
[0,1006,1468,1934,2282,2759]
[0,244,1468,1934,2759]
[0,244,1150,1396,1684,1934,2299,2759]
[0,244,1684,1934,2282,2759]
[0,718,1934,2759]
[0,1006,1934,2282,2759]
[0,244,718,1468,1934,2759]
[0,1150,1934,2759]
[0,244,718,1934,2759]
[0,244,1468,1934,2282,2759]
[0,244,439,718,1396,1684,1934,2282,2759]
[0,1934,2282,2759]
[0,244,439,718,1468,1934,2282,2759]
[0,244,1684,1934,2299,2759]
[0,1150,1934,2282,2759]
[0,1684,2759]
[0,1006,2759]
[0,1468,2759]
[0,1150,1684,1934,2282,2759]
[0,244,439,718,1934,2282,2759]
[0,244,439,718,1468,1934,2759]
[0,1972,2759]
[0,244,1934,2282,2759]
[0,244,804,1468,1934,2282,2759]
[0,718,1468,1934,2759]
[0,1150,1396,1684,1934,2282,2759]
[0,244,457,1006,1468,1934,2282,2759]
[0,244,1934,2759]
[0,1468,1934,2282,2759]
[0,244,439,718,1934,2759]
[0,244,439,718,1396,1684,1934,2299,2759]
[0,1934,2299,2759]
[0,244,439,718,1150,1396,1684,1934,2282,2759]
[0,1150,1684,1934,2299,2759]
[0,1468,1934,2759]
[0,1934,2759]
[0,244,439,718,1468,1934,2113,2282,2759]
[0,244,1150,1684,1934,2282,2759]
[0,1684,2282,2759]
[0,244,1150,1396,1684,1934,2282,2759]
[0,718,1934,2299,2759]
[0,1150,1396,1684,1934,2299,2759]
[0,244,718,1684,1934,2299,2759]
[0,244,1006,1934,2282,2759]
[0,718,1396,1684,1934,2282,2759]
[0,244,439,718,1150,1396,1684,1934,2299,2759]
[0,804,1468,1934,2759]
[0,244,1150,1684,1934,2299,2759]
[0,718,1150,1396,1684,1934,2299,2759]
[0,1684,2299,2759]
[0,1006,1934,2759]
[0,804,2759]
[0,244,718,1150,1396,1684,1934,2282,2759]
[0,718,1396,1684,1934,2299,2759]
[0,804,1934,2759]
