[0,832,2189]
[0,1294,2000,2189]
[0,221,832,917,1294,2000,2189]
[0,626,917,2189]
[0,221,832,2000,2189]
[0,1465,2000,2189]
[0,221,948,1294,1591,2189]
[0,753,2189]
[0,626,917,1368,2189]
[0,221,626,917,1368,2189]
[0,221,753,2189]
[0,2000,2189]
[0,948,1294,2000,2189]
[0,832,917,1294,2000,2189]
[0,221,948,1294,1577,2000,2189]
[0,221,948,1294,2000,2189]
[0,1465,2189]
[0,1553,2189]
[0,221,832,948,1294,1577,2000,2189]
[0,832,948,1465,1591,2000,2189]
[0,948,1465,1591,2000,2189]
[0,221,367,832,948,1294,1465,1591,2000,2106,2189]
[0,753,1294,2189]
[0,221,367,948,1465,1591,2000,2189]
[0,221,753,1294,2189]
[0,221,832,948,1294,2000,2106,2189]
[0,948,1294,1577,2189]
[0,221,2189]
[0,221,832,948,1294,1465,1591,2000,2189]
[0,221,948,1294,1577,2189]
[0,626,2189]
[0,221,832,948,1294,2000,2189]
[0,221,367,948,1465,2000,2189]
[0,221,753,1294,2000,2189]
[0,221,948,1294,1591,2000,2189]
[0,221,367,832,948,1294,1465,1591,2000,2189]
[0,221,948,1294,2189]
[0,221,1294,1591,2000,2189]
[0,221,1294,1591,2189]
[0,917,1368,2189]
[0,221,753,2000,2189]
[0,221,626,917,1294,1577,2000,2189]
[0,917,1294,2000,2189]
[0,221,1465,2189]
[0,917,1368,2000,2189]
[0,221,367,1465,1591,2000,2189]
[0,917,1294,1577,2189]
[0,221,1368,2189]
[0,948,1465,2189]
[0,221,626,2000,2189]
[0,832,917,2000,2189]
[0,1651,2189]
[0,221,626,917,1294,1577,2189]
[0,221,367,1465,2000,2189]
[0,1294,2189]
[0,221,626,2189]
[0,221,832,948,1294,1465,1591,2000,2106,2189]
[0,221,626,917,2189]
[0,221,626,917,1368,2000,2189]
[0,221,626,917,2000,2189]
[0,221,1465,2000,2189]
[0,832,948,2000,2189]
[0,221,948,1465,1591,2000,2189]
[0,832,2000,2189]
[0,948,1294,1591,2189]
[0,221,1465,1591,2000,2189]
[0,221,917,1294,2000,2189]
[0,221,917,1294,2189]
[0,917,2189]
[0,1368,2189]
[0,221,917,1294,1577,2000,2189]
[0,221,917,1294,1577,2189]
[0,221,367,948,1294,1465,1591,2000,2189]
[0,917,1294,2189]
[0,221,832,948,1465,1591,2000,2106,2189]
[0,221,832,948,1465,1591,2000,2189]
[0,948,1465,2000,2189]
[0,221,832,917,1294,2000,2106,2189]
[0,221,948,1465,2000,2189]
[0,221,832,2189]
[0,221,1294,2189]
[0,1465,1591,2000,2189]
[0,221,948,1294,1465,1591,2000,2189]
[0,948,1294,2189]
[0,917,2000,2189]
[0,221,367,2000,2189]
[0,626,917,1294,2189]
[0,221,626,917,1294,2189]
[0,221,917,1368,2189]
[0,221,367,948,1294,1591,2000,2189]
[0,221,2000,2189]
[0,1294,1591,2189]
[0,221,832,948,1294,1577,2000,2106,2189]
[0,626,917,1294,1577,2189]
[0,221,1294,2000,2189]
[0,221,948,1465,2189]
[0,832,948,1294,2000,2189]
