[0,407,686,992,1308,1669,2139,2475,2824]
[0,407,686,992,1669,1986,2475,2824]
[0,686,2475,2824]
[0,407,686,1669,2139,2475,2824]
[0,1308,1986,2824]
[0,407,992,1308,1669,2139,2475,2824]
[0,686,992,1986,2475,2824]
[0,407,992,1669,1986,2475,2824]
[0,579,2475,2824]
[0,686,1986,2824]
[0,992,1986,2824]
[0,579,1021,1669,2139,2475,2824]
[0,374,563,1021,1308,1669,1986,2139,2475,2824]
[0,374,563,1669,2139,2475,2824]
[0,407,2475,2824]
[0,374,1669,2139,2824]
[0,563,2824]
[0,407,686,992,1308,1669,1986,2475,2824]
[0,407,992,1986,2824]
[0,374,579,1021,1669,1986,2475,2824]
[0,374,563,1021,1308,1669,2139,2475,2824]
[0,374,579,1021,1308,1669,1986,2475,2824]
[0,374,579,1021,1308,1669,2139,2475,2631,2824]
[0,563,1669,2139,2824]
[0,407,992,1308,1669,2139,2475,2631,2824]
[0,407,1986,2824]
[0,407,1669,2824]
[0,407,1308,2824]
[0,563,1021,1669,2139,2824]
[0,563,2475,2824]
[0,579,1669,2139,2824]
[0,1669,2139,2824]
[0,1986,2824]
[0,1669,2824]
[0,407,992,1986,2475,2824]
[0,992,2139,2824]
[0,374,1669,2139,2475,2824]
[0,374,563,1021,1669,2139,2475,2824]
[0,407,686,992,1669,2139,2475,2824]
[0,374,1986,2475,2824]
[0,407,563,992,1308,1669,1986,2139,2475,2824]
[0,407,1308,1669,1986,2475,2824]
[0,686,1669,1986,2475,2824]
[0,1308,2824]
[0,563,1669,2824]
[0,374,579,1021,1308,1669,1986,2139,2475,2824]
[0,579,2824]
[0,579,1021,1986,2475,2824]
[0,407,2139,2475,2824]
[0,374,2475,2824]
[0,407,686,1669,1986,2475,2824]
[0,374,1986,2824]
[0,632,2824]
[0,407,992,2824]
[0,563,1021,1669,2139,2475,2824]
[0,563,2139,2475,2824]
[0,374,2824]
[0,992,1669,2139,2824]
[0,407,2824]
[0,407,1669,1986,2475,2824]
[0,407,1308,1669,2139,2475,2824]
[0,407,563,992,1308,1669,1986,2139,2475,2631,2824]
[0,407,992,1669,2139,2824]
[0,374,1669,2824]
[0,407,686,992,1308,1669,1986,2475,2631,2824]
[0,407,992,1308,1669,1986,2475,2824]
[0,579,2139,2475,2824]
[0,407,1308,1986,2824]
[0,407,563,992,1308,1669,2139,2475,2824]
[0,2139,2824]
[0,374,2139,2475,2824]
[0,579,1021,1669,1986,2475,2824]
[0,579,1986,2824]
[0,579,1669,2824]
[0,992,2824]
[0,374,579,1669,2139,2475,2824]
[0,686,2824]
[0,579,1986,2475,2824]
[0,407,563,992,1669,2139,2475,2824]
[0,407,686,992,1308,1669,1986,2139,2475,2631,2824]
[0,579,1021,1308,1669,2139,2475,2824]
[0,374,579,1021,1308,1669,1986,2139,2475,2631,2824]
[0,374,563,1021,1308,1669,2139,2475,2631,2824]
[0,374,563,1021,1308,1669,1986,2139,2475,2631,2824]
[0,407,563,992,1308,1669,2139,2475,2631,2824]
[0,407,563,1669,2139,2475,2824]
[0,579,1021,1308,1669,1986,2475,2824]
[0,374,1669,1986,2475,2824]
[0,374,579,1669,1986,2475,2824]
[0,686,992,1669,1986,2475,2824]
[0,407,1308,1986,2475,2824]
[0,407,686,992,1308,1669,2139,2475,2631,2824]
[0,686,1986,2475,2824]
[0,407,992,1669,2139,2475,2824]
[0,374,579,1021,1669,2139,2475,2824]
[0,407,1308,1669,2139,2824]
[0,579,1021,2824]
[0,579,1021,1986,2824]
[0,407,1986,2475,2824]
[0,407,1669,2139,2475,2824]
[0,579,1669,2139,2475,2824]
[0,407,1669,2139,2824]
[0,563,1669,2139,2475,2824]
[0,407,686,992,1308,1669,1986,2139,2475,2824]
[0,563,1021,1308,1669,2139,2475,2824]
[0,579,1021,1669,2139,2824]
[0,579,1669,1986,2475,2824]
[0,374,579,1021,1308,1669,1986,2475,2631,2824]
[0,579,1669,1986,2824]
[0,374,579,1021,1308,1669,2139,2475,2824]
