[0,108,1249]
[0,536,911,1249]
[0,108,290,536,781,911,1249]
[0,108,536,743,910,1249]
[0,536,743,910,1249]
[0,536,781,1249]
[0,108,910,1249]
[0,290,566,781,911,1249]
[0,108,237,303,536,781,910,1249]
[0,536,937,1249]
[0,290,566,822,1249]
[0,108,303,536,781,911,1249]
[0,900,1249]
[0,911,1249]
[0,108,237,303,536,781,910,1081,1146,1249]
[0,290,536,911,1249]
[0,108,566,822,1146,1249]
[0,108,303,536,937,1249]
[0,937,1249]
[0,108,237,303,536,743,910,1249]
[0,781,1249]
[0,237,566,822,1249]
[0,640,1249]
[0,108,290,566,822,1249]
[0,108,237,303,536,937,1249]
[0,108,743,910,1249]
[0,108,303,536,781,910,1146,1249]
[0,108,303,536,781,910,1249]
[0,108,303,536,910,1249]
[0,536,781,911,1249]
[0,237,781,1249]
[0,781,911,1249]
[0,108,237,303,536,622,781,910,1146,1249]
[0,536,1249]
[0,566,822,1249]
[0,743,910,1249]
[0,303,536,743,910,1249]
[0,108,290,566,822,1146,1249]
[0,108,566,822,1249]
[0,108,303,743,910,1249]
[0,536,911,1081,1249]
[0,108,237,303,536,781,911,1081,1175,1249]
[0,108,237,303,743,910,1249]
[0,303,536,911,1081,1249]
[0,303,536,781,911,1081,1249]
[0,108,303,536,781,911,1081,1249]
[0,536,781,910,1249]
[0,781,910,1249]
[0,108,237,303,536,781,910,1146,1249]
[0,566,911,1249]
[0,108,937,1249]
[0,108,536,781,910,1249]
[0,108,1146,1249]
[0,108,237,303,536,622,781,910,1081,1146,1249]
[0,108,303,536,622,781,910,1146,1249]
[0,108,303,536,781,911,1175,1249]
[0,108,822,1249]
[0,986,1249]
[0,303,536,937,1249]
[0,237,640,986,1249]
[0,290,1249]
[0,108,237,303,536,622,781,910,1249]
[0,290,536,781,911,1249]
[0,566,781,911,1249]
[0,237,536,781,1146,1249]
[0,108,303,536,743,910,1249]
[0,108,303,536,781,911,1081,1175,1249]
[0,108,781,910,1249]
[0,303,900,1249]
[0,237,1249]
[0,108,303,536,622,781,910,1249]
[0,303,536,910,1249]
[0,237,986,1249]
[0,108,566,781,911,1249]
[0,536,910,1249]
[0,108,237,303,536,781,911,1175,1249]
[0,640,986,1249]
[0,108,536,937,1249]
[0,108,536,781,911,1249]
[0,237,536,781,1249]
[0,108,237,303,536,781,911,1249]
[0,303,536,781,911,1249]
[0,822,1249]
[0,290,822,1249]
[0,910,1249]
[0,108,237,303,536,910,1249]
[0,108,781,911,1249]
[0,303,910,1249]
[0,237,536,1249]
[0,303,743,910,1249]
[0,108,911,1249]
[0,237,1146,1249]
[0,108,290,566,781,911,1249]
[0,108,536,910,1249]
[0,290,566,911,1249]
[0,237,566,822,1146,1249]
[0,237,822,1249]
[0,566,1249]
[0,237,536,1146,1249]
[0,536,781,911,1081,1249]
[0,303,536,781,910,1249]
[0,108,536,622,781,910,1249]
[0,303,536,911,1249]
