[0,191,589,1427]
[0,589,920,1208,1427]
[0,118,191,278,589,920,1208,1353,1427]
[0,117,191,278,589,920,1353,1427]
[0,118,191,278,589,1353,1427]
[0,191,278,1353,1427]
[0,117,191,278,546,589,1208,1427]
[0,117,191,278,589,1353,1427]
[0,117,191,278,589,920,1208,1265,1353,1427]
[0,118,191,278,1208,1427]
[0,191,278,1427]
[0,117,191,278,546,589,920,1208,1265,1353,1427]
[0,117,191,278,1353,1427]
[0,191,589,920,1208,1427]
[0,191,589,920,1427]
[0,191,278,589,1208,1353,1427]
[0,117,191,278,589,1208,1265,1353,1427]
[0,589,1208,1427]
[0,117,191,1208,1427]
[0,117,191,278,589,920,1208,1353,1427]
[0,118,191,1427]
[0,118,191,278,546,589,920,1208,1427]
[0,118,191,278,589,1208,1353,1427]
[0,191,278,589,920,1208,1353,1427]
[0,191,278,589,920,1353,1427]
[0,117,191,1427]
[0,191,1208,1427]
[0,278,1208,1427]
[0,117,191,278,589,920,1208,1427]
[0,1208,1427]
[0,117,191,278,546,589,920,1208,1427]
[0,118,191,278,546,589,1208,1265,1353,1427]
[0,1353,1427]
[0,118,191,278,589,1208,1427]
[0,118,191,278,589,1208,1265,1353,1427]
[0,117,191,278,589,1208,1353,1427]
[0,118,191,1353,1427]
[0,589,1427]
[0,589,920,1427]
[0,117,191,278,589,1208,1427]
[0,191,278,589,1427]
[0,117,191,278,1208,1427]
[0,191,278,589,920,1427]
[0,191,278,589,1208,1427]
[0,278,1427]
[0,118,191,278,546,589,1208,1427]
[0,118,191,278,1353,1427]
[0,118,191,278,589,920,1208,1265,1353,1427]
[0,191,589,1208,1427]
[0,117,191,278,546,589,1208,1265,1353,1427]
[0,118,191,278,546,589,920,1208,1265,1353,1427]
[0,191,278,589,1353,1427]
[0,117,191,1353,1427]
[0,191,278,589,920,1208,1427]
[0,118,191,278,589,920,1208,1427]
[0,118,191,278,589,920,1353,1427]
[0,191,1427]
[0,191,1353,1427]
[0,191,278,1208,1427]
[0,118,191,1208,1427]
