[0,522,1264]
[0,608,699,1264]
[0,434,1022,1264]
[0,125,209,434,608,699,1022,1087,1264]
[0,125,1022,1264]
[0,125,209,434,561,608,699,1022,1087,1264]
[0,581,1022,1264]
[0,166,434,581,1022,1264]
[0,125,209,355,434,611,699,1264]
[0,125,209,434,561,611,699,1264]
[0,209,434,699,1087,1264]
[0,434,561,1264]
[0,125,209,355,434,611,699,1087,1264]
[0,125,209,434,561,608,699,1264]
[0,434,561,1022,1264]
[0,125,209,608,699,1264]
[0,125,209,355,434,608,699,1264]
[0,125,209,355,434,608,699,1022,1087,1264]
[0,125,209,355,434,561,611,699,1022,1087,1264]
[0,125,434,561,1022,1264]
[0,166,434,561,699,1264]
[0,209,434,608,699,1264]
[0,125,209,355,434,561,608,699,1022,1087,1264]
[0,209,699,1264]
[0,125,209,434,699,1264]
[0,125,209,434,561,611,699,1087,1264]
[0,125,699,1264]
[0,125,209,434,608,699,1264]
[0,166,434,699,1264]
[0,125,209,434,608,699,1087,1264]
[0,209,434,699,1264]
[0,209,434,611,699,1264]
[0,125,209,434,611,699,1022,1087,1264]
[0,209,1264]
[0,581,1264]
[0,434,581,1022,1264]
[0,125,209,561,608,699,1264]
[0,125,209,434,611,699,1264]
[0,434,581,1264]
[0,125,434,561,1264]
[0,561,1264]
[0,166,581,1022,1264]
[0,522,1022,1264]
[0,125,209,434,561,608,699,1087,1264]
[0,125,209,355,434,699,1022,1087,1264]
[0,355,1022,1264]
[0,125,209,355,434,611,699,1022,1087,1264]
[0,125,434,561,699,1264]
[0,699,1264]
[0,209,434,611,699,1087,1264]
[0,125,209,434,561,611,699,1022,1087,1264]
[0,434,561,699,1264]
[0,125,209,1264]
[0,209,608,699,1264]
[0,125,209,434,611,699,1087,1264]
[0,125,434,699,1264]
[0,209,434,608,699,1087,1264]
[0,125,209,699,1264]
[0,1022,1264]
[0,125,561,1264]
[0,125,209,355,434,608,699,1087,1264]
[0,561,1022,1264]
[0,434,699,1264]
[0,125,209,434,699,1022,1087,1264]
[0,125,209,434,699,1087,1264]
[0,125,209,355,434,699,1264]
[0,125,434,1022,1264]
[0,125,209,355,434,699,1087,1264]
[0,355,1264]
[0,434,1264]
