[0,147,401,872,1249]
[0,401,468,648,726,886,999,1249]
[0,54,129,401,658,872,999,1249]
[0,401,468,648,726,933,1249]
[0,401,468,648,726,999,1249]
[0,129,401,658,933,1249]
[0,401,933,1249]
[0,129,401,468,658,726,872,933,999,1249]
[0,401,468,658,933,1249]
[0,54,129,401,468,658,872,933,1249]
[0,54,401,872,999,1249]
[0,54,129,401,468,658,872,999,1249]
[0,401,999,1249]
[0,54,401,468,658,872,999,1137,1249]
[0,54,401,468,648,726,933,999,1249]
[0,129,401,468,658,933,1249]
[0,401,658,872,999,1137,1249]
[0,129,401,658,872,999,1137,1249]
[0,129,401,468,658,872,999,1137,1249]
[0,54,401,468,648,726,886,999,1249]
[0,54,179,401,468,648,726,872,933,999,1044,1249]
[0,54,401,468,648,726,872,933,999,1249]
[0,147,401,872,999,1249]
[0,54,401,658,872,999,1137,1249]
[0,54,179,401,468,648,726,872,933,1249]
[0,147,413,933,1249]
[0,54,129,401,468,658,872,999,1137,1249]
[0,179,401,468,648,726,872,933,1249]
[0,54,401,872,999,1137,1249]
[0,401,468,658,872,999,1137,1249]
[0,147,401,658,872,1249]
[0,54,401,468,648,726,872,933,999,1044,1249]
[0,129,401,872,999,1249]
[0,54,129,401,468,658,872,999,1044,1249]
[0,129,401,872,999,1137,1249]
[0,54,401,468,648,726,872,933,1249]
[0,401,872,1249]
[0,179,401,468,648,933,1249]
[0,54,129,401,468,658,872,933,999,1044,1249]
[0,401,468,648,726,872,933,999,1249]
[0,401,658,872,1249]
[0,401,648,726,886,999,1249]
[0,401,468,648,726,872,933,1249]
[0,54,401,468,648,933,1249]
[0,401,648,886,1249]
[0,401,468,648,726,933,999,1249]
[0,54,401,658,872,999,1249]
[0,179,401,468,648,726,933,999,1249]
[0,179,401,648,726,933,1249]
[0,54,401,468,648,726,933,1249]
[0,401,1249]
[0,401,648,726,999,1249]
[0,129,401,468,658,726,933,1249]
[0,129,401,468,658,872,933,999,1249]
[0,54,129,401,468,658,726,872,933,1249]
[0,129,401,933,1249]
[0,54,401,933,1249]
[0,401,726,1249]
[0,54,401,648,726,999,1249]
[0,129,401,468,658,726,872,933,1249]
[0,401,872,999,1137,1249]
[0,129,401,468,658,726,933,999,1249]
[0,129,401,468,658,872,933,1249]
[0,401,726,999,1249]
[0,129,401,468,658,872,999,1249]
[0,147,401,658,872,999,1249]
[0,54,401,468,658,933,1249]
[0,179,401,648,933,1249]
[0,179,401,468,648,726,872,933,999,1249]
[0,413,933,1249]
[0,401,658,872,999,1249]
[0,401,886,999,1249]
[0,54,129,401,468,658,872,933,999,1249]
[0,401,468,933,1249]
[0,179,401,468,648,726,933,1249]
[0,54,401,468,658,872,999,1044,1249]
[0,401,468,648,933,1249]
[0,54,401,468,648,726,886,999,1044,1249]
[0,129,401,468,933,1249]
[0,401,872,999,1249]
[0,401,886,1249]
[0,147,401,999,1249]
[0,413,1249]
[0,54,129,401,468,658,726,872,933,999,1249]
[0,54,129,401,468,658,726,872,933,999,1044,1249]
[0,129,401,658,872,999,1249]
[0,401,648,933,1249]
[0,54,401,468,933,1249]
[0,129,401,658,726,933,1249]
[0,401,648,886,999,1249]
[0,54,401,468,648,726,933,999,1044,1249]
[0,179,401,933,1249]
[0,54,401,468,658,872,933,1249]
[0,54,401,468,658,872,999,1249]
[0,401,648,726,933,1249]
[0,129,401,872,1249]
[0,54,401,872,1249]
[0,54,401,726,999,1249]
[0,54,401,648,933,1249]
[0,129,401,658,872,1249]
[0,54,401,468,648,726,999,1249]
[0,54,401,999,1249]
[0,54,179,401,468,648,726,872,933,999,1249]
[0,401,468,658,872,933,1249]
[0,401,468,658,872,999,1249]
[0,401,658,933,1249]
