[0,210,293,499,614,946,1046]
[0,283,1046]
[0,178,499,614,1046]
[0,520,614,1046]
[0,178,499,1046]
[0,210,293,962,1046]
[0,210,941,1046]
[0,210,1046]
[0,178,293,941,1046]
[0,520,1046]
[0,178,941,1046]
[0,210,293,614,962,1046]
[0,210,293,499,614,895,946,1046]
[0,178,573,1046]
[0,573,1046]
[0,210,499,614,1046]
[0,178,293,573,941,1046]
[0,210,520,1046]
[0,210,962,1046]
[0,178,293,573,1046]
[0,210,293,1046]
[0,210,499,614,946,1046]
[0,178,499,614,941,1046]
[0,210,520,614,962,1046]
[0,178,499,614,946,1046]
[0,499,614,1046]
[0,178,293,1046]
[0,614,1046]
[0,178,1046]
[0,178,499,614,895,946,1046]
[0,499,1046]
[0,210,520,614,1046]
[0,210,614,1046]
[0,210,614,962,1046]
[0,210,499,1046]
[0,210,499,614,895,946,1046]
[0,210,293,520,614,962,1046]
