[0,95,432,905,1264]
[0,260,432,605,905,1264]
[0,432,865,1052,1264]
[0,260,432,865,1052,1264]
[0,285,432,865,1052,1264]
[0,285,432,1264]
[0,285,648,1052,1264]
[0,95,285,432,648,905,1052,1264]
[0,432,605,905,1264]
[0,260,432,1264]
[0,865,1264]
[0,95,432,865,1264]
[0,285,865,1264]
[0,432,648,1264]
[0,432,648,865,1052,1264]
[0,260,432,905,1264]
[0,285,432,905,1264]
[0,95,432,605,1264]
[0,153,432,905,1264]
[0,432,905,1264]
[0,285,432,865,1264]
[0,95,260,432,605,905,1264]
[0,153,432,1264]
[0,285,432,905,1052,1264]
[0,95,432,648,905,1052,1264]
[0,95,285,359,432,648,905,1052,1264]
[0,260,432,865,1264]
[0,285,432,648,865,1052,1264]
[0,95,432,648,865,1052,1264]
[0,95,432,1264]
[0,285,432,648,905,1052,1264]
[0,285,432,605,1264]
[0,95,285,432,648,865,1052,1264]
[0,648,1264]
[0,432,865,1264]
[0,285,1264]
[0,95,260,432,865,1052,1264]
[0,432,648,1052,1264]
[0,285,648,905,1052,1264]
[0,432,1264]
[0,95,432,905,1052,1264]
[0,95,260,432,905,1264]
[0,432,648,905,1052,1264]
[0,285,648,865,1052,1264]
[0,95,432,865,1052,1264]
[0,285,648,1264]
[0,95,285,432,865,1052,1264]
[0,432,605,1264]
[0,432,905,1052,1264]
[0,95,285,432,605,1264]
