[0,313,430,524,712,935,1046]
[0,275,430,578,636,1046]
[0,712,1046]
[0,275,430,524,578,636,894,1046]
[0,313,430,524,578,636,935,1046]
[0,304,430,1046]
[0,304,441,1046]
[0,275,430,524,838,894,1046]
[0,51,430,636,1046]
[0,51,304,430,524,578,636,1046]
[0,51,275,430,636,1046]
[0,304,430,524,1046]
[0,51,313,430,524,578,636,712,935,1046]
[0,275,430,524,1046]
[0,275,430,636,1046]
[0,51,275,430,524,636,1046]
[0,304,636,1046]
[0,51,313,430,524,636,1046]
[0,51,313,1046]
[0,313,1046]
[0,51,275,430,524,578,636,894,1046]
[0,51,1046]
[0,313,430,712,935,1046]
[0,51,275,430,1046]
[0,275,430,524,636,894,1046]
[0,275,430,524,578,636,1046]
[0,304,430,524,636,1046]
[0,51,275,1046]
[0,51,636,1046]
[0,64,1046]
[0,636,1046]
[0,275,1046]
[0,275,430,838,1046]
[0,313,430,524,636,1046]
[0,313,430,524,578,636,712,935,1046]
[0,313,636,1046]
[0,313,430,636,935,1046]
[0,275,636,1046]
[0,51,347,1046]
[0,347,1046]
[0,275,430,636,894,1046]
[0,51,304,430,524,1046]
[0,275,838,1046]
[0,313,430,712,1046]
[0,51,275,430,578,636,1046]
[0,51,275,430,524,1046]
[0,313,712,1046]
[0,313,430,524,636,935,1046]
[0,51,304,430,1046]
[0,51,304,441,1046]
[0,313,430,524,712,1046]
[0,430,636,1046]
[0,51,304,430,636,1046]
[0,275,430,524,636,1046]
[0,51,313,430,524,1046]
[0,313,430,1046]
[0,275,430,524,578,636,838,894,1046]
[0,51,313,430,1046]
[0,275,430,524,636,838,894,1046]
[0,51,304,1046]
[0,51,313,430,524,578,636,935,1046]
[0,275,430,524,838,1046]
[0,304,1046]
[0,51,275,430,524,578,636,1046]
[0,275,430,1046]
[0,304,430,636,1046]
[0,313,430,524,1046]
[0,313,430,636,1046]
[0,51,275,430,524,578,636,838,894,1046]
[0,51,313,430,524,578,636,1046]
[0,51,304,441,636,1046]
[0,51,304,430,524,636,1046]
[0,313,430,524,636,712,935,1046]
[0,313,430,524,578,636,1046]
[0,304,441,636,1046]
[0,304,430,524,578,636,1046]
