[0,209,550,686,1197]
[0,223,553,758,974,1080,1197]
[0,209,550,758,1080,1197]
[0,686,1080,1197]
[0,209,550,686,1080,1197]
[0,223,553,686,1197]
[0,553,686,974,1080,1197]
[0,177,553,758,1080,1197]
[0,550,1197]
[0,553,686,1197]
[0,407,1197]
[0,209,550,758,1197]
[0,553,1080,1197]
[0,177,550,758,1197]
[0,553,686,1080,1197]
[0,223,553,686,974,1080,1197]
[0,209,550,686,974,1080,1197]
[0,177,553,758,1197]
[0,223,553,686,1080,1197]
[0,1080,1197]
[0,550,686,1197]
[0,223,550,686,974,1080,1197]
[0,223,550,758,1080,1197]
[0,223,550,686,1197]
[0,223,553,1197]
[0,270,1197]
[0,686,1197]
[0,209,550,758,974,1080,1197]
[0,550,686,1080,1197]
[0,223,550,686,1080,1197]
[0,223,550,758,974,1080,1197]
[0,223,553,758,1197]
[0,550,758,974,1080,1197]
[0,209,550,1197]
[0,553,758,1197]
[0,223,553,758,1080,1197]
[0,177,550,758,1080,1197]
[0,223,550,758,1197]
[0,553,758,1080,1197]
[0,550,758,1080,1197]
[0,553,1197]
[0,553,758,974,1080,1197]
[0,550,758,1197]
[0,223,550,1197]
[0,550,686,974,1080,1197]
[0,177,550,758,974,1080,1197]
[0,177,553,758,974,1080,1197]
