[0,226,366,869,976,1343]
[0,75,869,976,1284,1343]
[0,226,918,1343]
[0,226,366,698,918,1047,1343]
[0,75,226,366,698,774,918,1343]
[0,75,698,918,976,1047,1284,1343]
[0,226,366,698,774,918,1047,1343]
[0,918,1343]
[0,366,918,1047,1343]
[0,75,698,869,976,1284,1343]
[0,75,366,869,976,1047,1343]
[0,75,226,366,769,869,976,1047,1343]
[0,366,698,918,1343]
[0,75,366,698,768,869,976,1284,1343]
[0,75,226,366,918,1284,1343]
[0,75,366,869,976,1343]
[0,75,366,698,768,918,1284,1343]
[0,75,366,698,768,918,976,1047,1284,1343]
[0,226,366,769,918,1343]
[0,226,366,918,1047,1343]
[0,366,869,1343]
[0,75,226,366,769,869,918,1284,1343]
[0,75,366,698,768,918,1047,1284,1343]
[0,75,918,1343]
[0,75,226,366,869,918,1284,1343]
[0,75,698,768,918,1284,1343]
[0,75,698,976,1343]
[0,75,226,366,769,918,1343]
[0,75,366,698,918,1343]
[0,698,918,1047,1343]
[0,75,226,366,769,869,976,1343]
[0,75,226,366,698,769,918,1284,1343]
[0,75,698,768,869,976,1047,1343]
[0,75,226,366,918,1343]
[0,226,769,918,1343]
[0,75,698,918,976,1284,1343]
[0,75,226,366,698,769,869,976,1343]
[0,75,226,366,698,774,918,976,1047,1284,1343]
[0,75,226,366,698,918,1047,1284,1343]
[0,75,366,698,768,869,918,1284,1343]
[0,75,226,366,698,769,918,1343]
[0,75,698,768,869,918,1284,1343]
[0,226,366,869,1343]
[0,75,226,366,698,918,1047,1343]
[0,75,698,918,1047,1343]
[0,75,366,918,1343]
[0,75,226,366,698,769,869,918,1284,1343]
[0,75,226,366,869,1343]
[0,75,869,976,1047,1343]
[0,75,698,768,918,1047,1284,1343]
[0,976,1343]
[0,75,226,366,769,918,1284,1343]
[0,75,919,1343]
[0,75,698,869,976,1047,1343]
[0,75,366,698,768,869,976,1047,1343]
[0,75,226,366,918,1047,1343]
[0,75,366,869,1343]
[0,75,918,1284,1343]
[0,75,226,366,698,774,918,1284,1343]
[0,75,366,698,768,918,1047,1343]
[0,75,226,366,869,976,1343]
[0,226,366,698,774,918,1343]
[0,75,226,366,698,769,869,918,976,1284,1343]
[0,366,918,1343]
[0,226,366,769,869,976,1343]
[0,75,698,768,869,976,1343]
[0,75,226,366,698,774,918,1047,1284,1343]
[0,75,698,918,1284,1343]
[0,75,698,768,918,1047,1343]
[0,75,698,768,918,976,1047,1284,1343]
[0,366,768,869,976,1343]
[0,226,698,918,1343]
[0,75,366,918,1047,1343]
[0,75,226,366,918,976,1284,1343]
[0,75,366,698,768,918,976,1284,1343]
[0,366,698,918,1047,1343]
[0,698,869,1343]
[0,226,366,698,918,1343]
[0,75,226,366,698,918,1343]
[0,75,366,698,768,869,976,1047,1284,1343]
[0,75,226,366,698,769,869,918,976,1047,1284,1343]
[0,75,226,366,698,769,869,976,1047,1284,1343]
[0,75,366,698,918,1047,1343]
[0,226,869,1343]
[0,226,366,918,1343]
[0,75,226,366,918,976,1047,1284,1343]
[0,75,226,366,769,869,976,1284,1343]
[0,768,869,976,1343]
[0,75,226,366,918,1047,1284,1343]
[0,698,976,1343]
[0,75,698,976,1284,1343]
[0,75,226,366,869,976,1047,1343]
[0,869,1343]
[0,75,226,366,698,918,976,1047,1284,1343]
[0,75,226,366,698,769,869,976,1047,1343]
[0,75,698,768,918,1343]
[0,918,1047,1343]
[0,698,869,976,1343]
[0,75,366,768,869,976,1047,1343]
[0,75,698,768,918,976,1284,1343]
[0,75,869,976,1343]
[0,75,869,1343]
[0,75,226,366,698,774,918,1047,1343]
[0,75,366,768,869,976,1343]
[0,75,366,698,768,918,1343]
[0,75,698,918,1343]
[0,75,698,918,1047,1284,1343]
[0,75,698,768,869,976,1284,1343]
[0,919,1343]
[0,75,366,698,768,869,918,976,1047,1284,1343]
[0,75,366,698,768,869,976,1343]
[0,75,226,366,869,976,1284,1343]
[0,366,869,976,1343]
[0,75,698,869,976,1343]
[0,698,918,1343]
[0,75,976,1343]
[0,75,226,366,698,918,1284,1343]
[0,869,976,1343]
[0,75,226,366,698,769,869,976,1284,1343]
[0,75,366,698,768,869,918,976,1284,1343]
