[0,219,378,457,803,1359,1494,1657,1875]
[0,219,382,1494,1657,1875]
[0,207,261,382,1359,1462,1875]
[0,803,1462,1875]
[0,378,1494,1875]
[0,386,1462,1875]
[0,219,382,1359,1494,1657,1875]
[0,207,261,382,457,1359,1462,1875]
[0,207,382,457,803,1359,1462,1875]
[0,207,382,1494,1875]
[0,382,1359,1494,1875]
[0,261,1462,1875]
[0,1494,1875]
[0,207,382,457,1359,1494,1875]
[0,207,382,803,1359,1494,1657,1875]
[0,382,1462,1875]
[0,207,382,803,1462,1875]
[0,382,1875]
[0,378,457,1359,1494,1875]
[0,207,382,1359,1462,1875]
[0,378,457,803,1359,1494,1657,1875]
[0,207,261,382,1359,1494,1875]
[0,803,1494,1875]
[0,378,1494,1657,1875]
[0,219,382,803,1494,1657,1875]
[0,207,382,457,1359,1462,1875]
[0,207,382,803,1359,1494,1875]
[0,378,1359,1494,1875]
[0,207,382,1462,1875]
[0,207,261,382,457,803,1359,1494,1657,1875]
[0,382,1494,1657,1875]
[0,207,382,803,1494,1875]
[0,1462,1875]
[0,207,261,382,457,1359,1494,1875]
[0,207,382,1359,1494,1657,1875]
[0,207,382,457,803,1359,1494,1875]
[0,378,1359,1494,1657,1875]
[0,382,1359,1462,1875]
[0,378,1468,1875]
[0,378,803,1494,1657,1875]
[0,1468,1875]
[0,378,803,1359,1494,1657,1875]
[0,219,382,803,1359,1494,1657,1875]
[0,207,261,382,457,803,1359,1494,1875]
[0,219,382,457,1359,1494,1657,1875]
[0,378,1875]
[0,386,1493,1875]
[0,382,457,1359,1494,1875]
[0,378,457,1359,1494,1657,1875]
[0,803,1875]
[0,219,382,1494,1875]
[0,261,803,1462,1875]
[0,207,382,803,1359,1462,1875]
[0,382,803,1494,1875]
[0,219,382,1359,1494,1875]
[0,261,1875]
[0,219,378,1494,1657,1875]
[0,207,382,457,803,1359,1494,1657,1875]
[0,207,382,803,1494,1657,1875]
[0,1493,1875]
[0,386,1875]
[0,351,1875]
[0,378,803,1494,1875]
[0,219,378,803,1359,1494,1657,1875]
[0,351,1493,1875]
[0,219,382,457,1359,1494,1875]
[0,386,1494,1875]
[0,207,382,457,1359,1494,1657,1875]
[0,219,382,457,803,1359,1494,1657,1875]
[0,207,382,1494,1657,1875]
[0,207,261,382,457,1359,1494,1657,1875]
[0,382,1494,1875]
[0,207,261,382,457,803,1359,1462,1875]
[0,382,803,1875]
[0,207,382,1359,1494,1875]
[0,382,803,1462,1875]
[0,382,803,1494,1657,1875]
[0,219,378,803,1494,1657,1875]
[0,219,378,1359,1494,1657,1875]
