[0,221,374,580,760,922]
[0,478,922]
[0,78,169,247,296,478,580,760,922]
[0,78,221,374,478,580,763,922]
[0,78,169,247,374,474,580,760,922]
[0,78,169,247,478,580,760,820,922]
[0,221,580,922]
[0,247,474,922]
[0,78,169,247,296,474,580,642,760,820,922]
[0,78,169,247,296,474,580,760,820,922]
[0,247,478,580,760,922]
[0,78,169,247,474,580,760,820,922]
[0,247,474,760,922]
[0,247,478,922]
[0,78,169,247,374,478,580,760,922]
[0,471,922]
[0,78,247,296,474,580,760,922]
[0,221,478,580,922]
[0,221,374,474,580,760,922]
[0,221,474,580,760,922]
[0,78,169,247,474,580,642,760,820,922]
[0,478,580,760,922]
[0,78,169,247,374,478,580,642,760,820,922]
[0,78,169,247,478,580,642,760,820,922]
[0,78,169,247,296,374,474,580,642,760,820,922]
[0,221,478,922]
[0,169,247,374,478,580,760,922]
[0,78,221,374,478,580,760,922]
[0,221,478,760,922]
[0,78,169,247,374,474,580,760,820,922]
[0,78,169,247,474,580,642,760,922]
[0,78,169,247,296,478,580,642,760,820,922]
[0,78,169,247,478,580,760,922]
[0,221,478,580,760,922]
[0,247,296,474,580,760,922]
[0,78,169,247,478,580,642,760,922]
[0,78,221,478,580,763,922]
[0,78,247,374,478,580,642,760,922]
[0,169,247,474,580,760,922]
[0,221,474,760,922]
[0,221,471,580,763,922]
[0,247,374,580,760,922]
[0,221,374,922]
[0,78,221,474,580,642,760,922]
[0,221,471,580,922]
[0,580,922]
[0,78,221,478,580,760,922]
[0,474,922]
[0,78,169,247,474,580,760,922]
[0,247,374,580,922]
[0,169,478,922]
[0,78,922]
[0,374,580,760,922]
[0,78,169,247,374,478,580,760,820,922]
[0,247,374,478,580,760,922]
[0,474,580,922]
[0,78,221,374,474,580,642,760,820,922]
[0,221,474,580,642,760,922]
[0,471,763,922]
[0,478,760,922]
[0,78,221,374,474,580,760,922]
[0,247,474,580,922]
[0,78,247,474,580,760,922]
[0,78,221,474,580,642,760,820,922]
[0,221,478,580,763,922]
[0,247,374,478,580,642,760,820,922]
[0,374,580,922]
[0,471,580,922]
[0,221,474,580,642,760,820,922]
[0,78,169,247,296,478,580,760,820,922]
[0,78,247,374,478,580,642,760,820,922]
[0,221,478,763,922]
[0,221,474,922]
[0,78,247,374,478,580,760,922]
[0,78,247,478,580,760,922]
[0,169,247,478,580,760,922]
[0,374,922]
[0,78,169,247,374,474,580,642,760,922]
[0,247,478,580,922]
[0,78,169,247,296,474,580,760,922]
[0,247,474,580,760,922]
[0,78,478,580,922]
[0,221,478,580,760,820,922]
[0,221,374,478,580,763,922]
[0,247,374,474,580,760,922]
[0,78,478,580,760,922]
[0,247,374,922]
[0,471,580,763,922]
[0,221,374,580,763,922]
[0,247,478,760,922]
[0,374,580,763,922]
[0,78,247,374,478,580,760,820,922]
[0,247,374,478,580,642,760,922]
[0,78,221,374,478,580,760,820,922]
[0,221,474,580,922]
[0,221,471,763,922]
[0,478,580,922]
[0,247,374,478,580,760,820,922]
[0,221,471,922]
[0,78,221,478,580,760,820,922]
[0,78,221,374,474,580,642,760,922]
[0,221,374,580,922]
[0,221,922]
[0,78,169,247,374,474,580,642,760,820,922]
[0,221,474,580,760,820,922]
[0,169,247,374,474,580,760,922]
[0,221,374,478,580,760,922]
[0,78,221,474,580,760,922]
[0,78,169,247,374,478,580,642,760,922]
