[0,189,958,1557,2017]
[0,287,1100,1845,2017]
[0,287,539,658,1245,2017]
[0,287,473,658,1845,2017]
[0,189,287,539,1024,1845,2017]
[0,189,1024,2017]
[0,189,287,1024,2017]
[0,287,539,1024,2017]
[0,115,189,287,1100,2017]
[0,189,287,473,658,2017]
[0,1024,2017]
[0,287,539,658,1024,1845,2017]
[0,287,1099,1214,1557,2017]
[0,658,1245,2017]
[0,287,658,1245,2017]
[0,189,958,2017]
[0,1099,1214,1557,2017]
[0,189,287,539,958,1845,2017]
[0,287,994,2017]
[0,1245,1557,2017]
[0,115,189,287,958,1099,1214,1557,2017]
[0,287,1024,2017]
[0,189,287,539,658,1099,1245,1557,2017]
[0,189,287,1100,2017]
[0,287,658,1099,1245,2017]
[0,115,189,287,539,658,1024,1099,1245,1557,2017]
[0,189,287,1100,1845,2017]
[0,1100,2017]
[0,287,958,1099,1214,1557,2017]
[0,189,958,1100,1557,1845,2017]
[0,287,1099,1214,2017]
[0,1024,1845,2017]
[0,189,658,2017]
[0,287,539,658,1099,1245,2017]
[0,189,1024,1845,2017]
[0,115,189,287,539,658,1099,1245,2017]
[0,1214,2017]
[0,287,958,1214,1557,2017]
[0,287,1245,1557,2017]
[0,1024,1099,1845,2017]
[0,287,1100,2017]
[0,958,1214,1557,2017]
[0,115,189,287,1099,1214,1557,2017]
[0,658,1099,1245,2017]
[0,958,1557,2017]
[0,287,539,658,1099,1245,1557,2017]
[0,115,189,287,2017]
[0,189,287,958,2017]
[0,287,539,958,2017]
[0,287,1214,2017]
[0,958,2017]
[0,189,287,1099,1214,1557,2017]
[0,958,1099,1214,2017]
[0,658,1099,1245,1557,2017]
[0,287,658,1099,1245,1557,2017]
[0,287,658,1245,1557,2017]
[0,189,287,2017]
[0,1845,2017]
[0,1214,1557,2017]
[0,115,189,287,1214,2017]
[0,189,287,539,1024,1099,1845,2017]
[0,1099,1214,2017]
[0,115,189,287,1099,1214,2017]
[0,958,1845,2017]
[0,189,958,1845,2017]
[0,189,287,658,2017]
[0,287,539,658,2017]
[0,189,1024,1099,1845,2017]
[0,287,958,2017]
[0,189,287,539,658,1099,1245,2017]
[0,189,287,539,658,1024,1099,1845,2017]
[0,115,189,287,539,658,1245,2017]
[0,287,1214,1557,2017]
[0,115,189,287,539,658,1099,1245,1557,2017]
[0,115,189,287,539,658,2017]
[0,287,539,958,1845,2017]
[0,658,1245,1557,2017]
[0,189,287,539,658,1845,2017]
[0,658,2017]
[0,287,539,658,1845,2017]
[0,287,658,1845,2017]
[0,287,473,658,2017]
[0,115,189,287,1100,1845,2017]
[0,287,658,2017]
[0,189,287,539,958,2017]
[0,189,287,539,658,1024,1845,2017]
[0,189,287,539,1024,2017]
[0,658,1845,2017]
[0,287,539,1024,1845,2017]
[0,189,287,539,658,1024,1099,1245,1557,2017]
[0,287,539,1245,2017]
[0,1245,2017]
[0,189,287,1099,1214,2017]
[0,994,2017]
[0,189,287,1214,2017]
[0,958,1099,1214,1557,2017]
[0,189,958,1557,1845,2017]
[0,189,287,539,658,1245,2017]
[0,189,287,473,658,1845,2017]
[0,189,287,539,658,2017]
[0,189,287,958,1099,1214,1557,2017]
[0,539,658,2017]
[0,958,1214,2017]
[0,287,1245,2017]
[0,287,2017]
