[0,492,1820,1961,2017]
[0,442,1820,2017]
[0,57,187,638,1469,1672,1820,1961,2017]
[0,187,638,1469,1820,2017]
[0,638,1820,2017]
[0,57,258,454,638,1469,1820,2017]
[0,1090,2017]
[0,960,1820,2017]
[0,57,258,492,1606,1820,1961,2017]
[0,57,187,638,1090,1469,1672,1820,2017]
[0,128,492,1606,2017]
[0,57,187,638,1469,1672,1820,2017]
[0,454,1149,1469,1820,2017]
[0,258,492,1606,2017]
[0,57,1820,2017]
[0,258,492,1018,1213,1606,1820,2017]
[0,1820,2017]
[0,492,1606,2017]
[0,187,442,638,1090,1469,1820,2017]
[0,57,187,442,1820,2017]
[0,442,1469,2017]
[0,187,638,1090,1469,1820,2017]
[0,492,1606,1958,2017]
[0,638,1090,1469,2017]
[0,638,2017]
[0,1606,1958,2017]
[0,57,187,442,638,1090,1469,1672,1820,1961,2017]
[0,57,187,442,638,1090,1469,1672,1820,2017]
[0,454,1469,2017]
[0,57,187,442,1469,1672,1820,1961,2017]
[0,442,1469,1672,1820,2017]
[0,492,1018,2017]
[0,1820,1961,2017]
[0,57,258,454,638,1149,1469,1820,1961,2017]
[0,258,492,1018,1606,1820,2017]
[0,492,1606,1820,1961,2017]
[0,1469,1820,1961,2017]
[0,258,492,1820,1961,2017]
[0,258,492,1018,1606,2017]
[0,187,442,1820,2017]
[0,1705,2017]
[0,442,960,1672,1820,2017]
[0,258,492,1606,1820,2017]
[0,128,492,1606,1958,2017]
[0,442,960,2017]
[0,187,638,1090,1469,1672,1820,2017]
[0,1469,1672,1820,1961,2017]
[0,258,492,1469,1820,1961,2017]
[0,492,2017]
[0,57,258,454,1469,1820,2017]
[0,187,442,1469,1672,1820,2017]
[0,1090,1705,2017]
[0,1469,2017]
[0,258,492,1469,1820,2017]
[0,960,1672,1820,2017]
[0,57,258,492,1018,1606,1820,2017]
[0,57,258,492,1018,1606,1820,1961,2017]
[0,442,1469,1820,2017]
[0,57,258,492,1469,1820,2017]
[0,57,187,442,1820,1961,2017]
[0,128,492,1606,1820,1961,2017]
[0,1469,1820,2017]
[0,57,960,1820,2017]
[0,57,258,492,1018,1213,1606,1820,2017]
[0,57,258,492,1469,1820,1961,2017]
[0,258,454,638,1149,1469,1820,2017]
[0,960,2017]
[0,57,258,492,1606,1820,2017]
[0,258,492,1606,1820,1961,2017]
[0,454,1149,1469,2017]
[0,492,1606,1820,2017]
[0,454,1469,1820,1961,2017]
[0,442,1469,1672,1820,1961,2017]
[0,187,442,1820,1961,2017]
[0,258,492,1820,2017]
[0,187,442,638,1090,1469,1672,1820,2017]
[0,258,454,1149,1469,1820,2017]
[0,57,258,454,638,1469,1820,1961,2017]
[0,258,454,638,1469,1820,2017]
[0,492,1820,2017]
[0,638,1090,1469,1820,2017]
[0,454,1469,1820,2017]
[0,187,442,1469,1820,2017]
[0,187,442,1469,1672,1820,1961,2017]
[0,442,960,1820,2017]
[0,638,1469,1672,1820,2017]
[0,258,492,2017]
[0,442,2017]
[0,187,638,1469,1672,1820,2017]
[0,258,454,1469,1820,1961,2017]
[0,57,442,960,1672,1820,2017]
[0,57,258,492,1018,1213,1606,1820,1961,2017]
[0,638,1469,1820,2017]
[0,57,187,638,1090,1469,1672,1820,1961,2017]
[0,128,492,1606,1820,2017]
[0,638,1469,2017]
[0,258,492,1469,2017]
[0,1606,2017]
[0,1672,2017]
[0,57,187,442,1469,1672,1820,2017]
[0,492,1469,2017]
[0,187,638,1469,1672,1820,1961,2017]
[0,258,454,1469,1820,2017]
[0,1469,1672,1820,2017]
[0,638,1469,1672,1820,1961,2017]
[0,442,638,1090,1469,1820,2017]
[0,1018,2017]
[0,442,1820,1961,2017]
[0,638,1090,1469,1672,1820,2017]
[0,57,258,454,638,1149,1469,1820,2017]
[0,57,960,1672,1820,2017]
[0,57,258,454,1469,1820,1961,2017]
[0,442,1672,1820,2017]
[0,492,1018,1606,2017]
