[0,980,2186,2824]
[0,407,2473,2824]
[0,407,686,980,1184,1669,2186,2476,2631,2824]
[0,407,686,988,1669,2067,2476,2824]
[0,407,1669,2067,2476,2824]
[0,1669,2186,2824]
[0,980,2067,2824]
[0,988,2824]
[0,407,980,2067,2824]
[0,407,686,980,1184,1669,2067,2208,2473,2824]
[0,407,686,980,1669,2186,2476,2824]
[0,407,686,980,1669,2067,2476,2824]
[0,988,2067,2824]
[0,407,2186,2824]
[0,407,686,1669,2067,2208,2476,2824]
[0,407,988,2067,2824]
[0,407,1669,2067,2473,2824]
[0,407,686,980,1184,1669,2067,2473,2631,2824]
[0,407,980,1669,2067,2476,2824]
[0,407,1669,2186,2824]
[0,407,2067,2476,2824]
[0,407,686,980,1184,1669,2067,2476,2824]
[0,407,980,1669,2067,2824]
[0,407,686,980,1184,1669,2067,2186,2476,2824]
[0,407,988,1669,2067,2824]
[0,407,686,980,1184,1669,2186,2476,2824]
[0,407,686,980,1669,2067,2208,2476,2824]
[0,407,686,1669,2067,2476,2824]
[0,407,2067,2824]
[0,2186,2824]
[0,407,988,1669,2067,2476,2824]
[0,407,686,980,1669,2067,2473,2824]
[0,407,2067,2473,2824]
[0,407,2476,2824]
[0,407,1669,2067,2824]
[0,980,2824]
[0,407,980,1669,2067,2473,2824]
[0,2067,2824]
[0,980,1669,2186,2824]
[0,407,980,1669,2186,2824]
[0,407,1669,2186,2476,2824]
[0,407,980,1669,2186,2476,2824]
[0,407,686,1669,2067,2208,2473,2824]
[0,407,686,980,1669,2067,2208,2473,2824]
[0,623,2824]
[0,407,686,1669,2067,2473,2824]
[0,407,2186,2476,2824]
[0,407,686,980,1184,1669,2067,2473,2824]
[0,407,2824]
[0,407,686,980,1184,1669,2067,2186,2476,2631,2824]
[0,407,686,980,1184,1669,2067,2208,2476,2824]
[0,407,686,980,1184,1669,2067,2208,2473,2631,2824]
[0,407,686,1669,2186,2476,2824]
