[0,553,624,1103,1234,1376,2211]
[0,553,624,1103,1376,2211]
[0,384,553,1103,1234,1376,2211]
[0,553,1103,1234,1376,2211]
[0,384,553,1103,1376,1615,2211]
[0,384,553,676,950,1103,1234,1376,1924,2211]
[0,384,553,676,1103,1234,1376,2211]
[0,384,553,676,1103,1234,1376,1924,2211]
[0,553,1103,1376,1924,2211]
[0,553,1229,2211]
[0,384,553,1103,1376,2211]
[0,553,676,1103,1234,1376,2211]
[0,384,553,1103,1234,1376,1615,2211]
[0,553,2211]
[0,553,1924,2211]
[0,553,1376,2211]
[0,384,553,950,1103,1234,1376,1924,2211]
[0,1229,2211]
[0,1376,2211]
[0,553,676,1103,1376,2211]
[0,384,553,1103,1376,1924,2211]
[0,384,553,624,1103,1234,1376,2211]
[0,553,1103,1376,1615,2211]
[0,553,1103,1376,2211]
[0,384,553,950,1103,1376,1924,2211]
[0,384,553,1103,1234,1376,1924,2211]
[0,553,1376,1924,2211]
