[0,598,1586,2374,2956]
[0,598,1317,2956]
[0,114,567,2374,2956]
[0,567,1317,2374,2956]
[0,114,567,1317,2374,2956]
[0,195,567,1317,2374,2956]
[0,1317,2956]
[0,1317,2374,2956]
[0,598,1586,2956]
[0,598,1317,2374,2956]
[0,275,598,1317,2374,2956]
[0,113,275,598,1586,2374,2956]
[0,275,598,1586,2374,2956]
[0,598,2374,2956]
[0,114,275,567,1317,2374,2956]
[0,598,2956]
[0,2374,2956]
[0,275,567,1317,2374,2956]
[0,567,2956]
[0,275,567,2374,2956]
[0,1586,2956]
[0,275,598,2374,2956]
[0,567,2374,2956]
[0,557,598,2956]
