[0,195,262,635,829,1038,1180]
[0,262,635,829,1180]
[0,197,635,829,1180]
[0,56,195,262,635,728,829,1038,1128,1180]
[0,56,197,635,829,1038,1180]
[0,197,635,757,1038,1180]
[0,195,674,1180]
[0,197,635,1038,1180]
[0,56,195,262,635,829,1038,1180]
[0,56,195,262,635,829,1038,1128,1180]
[0,262,635,728,1038,1180]
[0,56,195,635,728,1180]
[0,56,195,262,635,697,829,1038,1180]
[0,195,635,728,1038,1180]
[0,195,262,635,697,829,1038,1180]
[0,262,728,1038,1180]
[0,262,635,697,829,1038,1180]
[0,56,197,635,757,1180]
[0,46,262,635,728,1180]
[0,674,1180]
[0,195,262,635,728,829,1038,1180]
[0,56,195,635,829,1180]
[0,56,195,635,829,1038,1128,1180]
[0,195,635,728,1038,1128,1180]
[0,46,195,635,1180]
[0,195,635,728,1180]
[0,56,195,262,635,697,829,1038,1128,1180]
[0,195,635,829,1180]
[0,46,262,635,728,1038,1128,1180]
[0,56,197,635,757,1038,1128,1180]
[0,46,195,635,728,1038,1180]
[0,56,197,635,829,1180]
[0,56,195,262,635,728,829,1038,1180]
[0,195,262,635,728,1038,1128,1180]
[0,56,197,635,829,1038,1128,1180]
[0,46,195,262,635,728,829,1038,1128,1180]
[0,195,635,1180]
[0,56,195,635,1180]
[0,56,195,635,829,1038,1180]
[0,195,262,635,728,829,1038,1128,1180]
[0,46,262,635,1180]
[0,56,195,262,635,728,1038,1128,1180]
[0,46,195,635,728,1038,1128,1180]
[0,56,195,635,728,1038,1180]
[0,262,635,829,1038,1180]
[0,728,1180]
[0,56,197,635,757,1038,1180]
[0,262,728,1180]
[0,46,195,262,635,728,1038,1128,1180]
[0,635,1180]
[0,262,635,728,829,1038,1128,1180]
[0,262,635,1180]
[0,56,195,635,728,1038,1128,1180]
[0,56,197,635,697,829,1038,1180]
[0,195,757,1180]
[0,197,635,1180]
[0,262,635,728,829,1038,1180]
[0,195,262,635,728,1038,1180]
[0,46,262,635,728,829,1038,1128,1180]
[0,195,728,1180]
[0,195,728,1038,1180]
[0,46,195,635,728,1180]
[0,56,197,635,1180]
[0,56,195,262,635,728,1038,1180]
[0,46,262,635,728,1038,1180]
[0,197,635,757,1180]
[0,197,674,1180]
[0,262,635,728,1180]
[0,757,1180]
[0,197,635,697,829,1038,1180]
[0,262,635,728,1038,1128,1180]
[0,195,635,829,1038,1180]
[0,56,197,635,697,829,1038,1128,1180]
[0,197,635,829,1038,1180]
[0,56,197,674,1180]
