[0,336,673,865,1620,1783,2017]
[0,336,673,865,1218,2017]
[0,336,673,865,1014,1218,1620,1783,2017]
[0,336,673,1218,1620,2017]
[0,673,1649,2017]
[0,336,673,2017]
[0,330,673,865,1014,1218,1649,2017]
[0,336,673,865,1218,1620,2017]
[0,1154,2017]
[0,330,1014,1783,2017]
[0,673,865,2017]
[0,330,673,2017]
[0,1649,2017]
[0,336,673,1362,2017]
[0,234,336,673,865,1014,1362,2017]
[0,883,2017]
[0,330,865,1154,2017]
[0,330,673,865,2017]
[0,234,330,673,865,2017]
[0,673,1218,1649,2017]
[0,330,865,1014,1783,2017]
[0,330,865,1154,1747,2017]
[0,336,673,865,1783,2017]
[0,330,1014,2017]
[0,330,673,865,1218,1649,2017]
[0,104,330,673,865,1014,1218,2017]
[0,673,1362,2017]
[0,865,2017]
[0,673,1218,1620,2017]
[0,883,1649,2017]
[0,330,2017]
[0,336,673,1218,2017]
[0,336,673,865,1014,1362,2017]
[0,336,673,865,1218,1620,1783,2017]
[0,336,673,865,1014,1218,1620,2017]
[0,234,330,673,865,1014,1218,1649,2017]
[0,234,336,673,865,1014,1218,1620,2017]
[0,330,673,865,1014,1218,2017]
[0,234,336,673,865,1014,1218,1620,1783,2017]
[0,336,673,865,1362,2017]
[0,330,1154,2017]
[0,330,673,865,1014,2017]
[0,673,865,1014,2017]
[0,336,1154,2017]
[0,330,673,1649,2017]
[0,336,673,865,1014,2017]
[0,1362,2017]
[0,234,336,673,865,1014,1218,2017]
[0,234,330,673,865,1014,1218,1649,1783,2017]
[0,673,2017]
[0,330,673,1218,1649,2017]
[0,336,673,883,2017]
[0,1014,2017]
[0,104,234,330,673,865,1014,1218,2017]
[0,336,2017]
[0,234,336,673,883,2017]
[0,234,330,673,865,1014,1218,2017]
[0,330,673,1218,2017]
[0,336,673,865,1014,1218,2017]
[0,330,1649,2017]
[0,673,1218,2017]
[0,330,883,1649,2017]
[0,336,673,1783,2017]
[0,330,673,883,2017]
[0,330,865,1014,2017]
[0,336,673,865,2017]
[0,330,673,865,1218,2017]
[0,330,673,865,1014,1218,1649,1783,2017]
[0,330,673,865,1649,2017]
[0,1218,2017]
[0,330,1783,2017]
[0,865,1014,2017]
