[0,1275,2017]
[0,324,595,809,1105,1275,1499,2017]
[0,1105,1275,2017]
[0,595,1177,2017]
[0,324,595,809,1105,1275,2017]
[0,68,324,595,809,1105,1177,1275,1499,2017]
[0,324,595,1275,2017]
[0,324,595,1275,1499,2017]
[0,68,324,595,809,1105,1275,1499,2017]
[0,324,595,809,1275,2017]
[0,595,809,1105,1177,1275,2017]
[0,324,595,695,809,1105,1275,1499,2017]
[0,68,324,595,695,809,1105,1177,1275,1499,2017]
[0,595,1275,2017]
[0,324,595,1105,1275,2017]
[0,324,595,809,1119,1275,2017]
[0,68,324,595,809,1105,1275,2017]
[0,324,595,1105,1275,1499,2017]
[0,324,1275,2017]
[0,68,324,595,809,1119,1275,1499,2017]
[0,324,595,1119,1275,1499,2017]
[0,324,595,695,809,1105,1177,1275,1499,2017]
[0,1177,2017]
[0,324,595,809,1105,1177,1275,2017]
[0,324,595,809,1275,1499,2017]
[0,68,324,595,809,1105,1177,1275,2017]
[0,595,809,1119,1275,2017]
[0,809,1105,1275,2017]
[0,595,1119,1275,2017]
[0,324,595,1177,2017]
[0,68,324,595,809,1119,1275,2017]
[0,595,809,1275,2017]
[0,324,1105,1275,2017]
[0,809,1119,1275,2017]
[0,595,809,1105,1275,2017]
[0,324,595,1119,1275,2017]
[0,1119,1275,2017]
[0,324,595,809,1119,1275,1499,2017]
[0,324,595,809,1105,1177,1275,1499,2017]
[0,809,1275,2017]
