[0,135,291,1077,1328,1560,2209,2554]
[0,1077,1328,2209,2554]
[0,771,1286,2554]
[0,1077,2209,2554]
[0,771,1286,1428,2015,2209,2554]
[0,135,291,493,1077,1286,1428,2209,2554]
[0,135,291,1286,2209,2554]
[0,291,1077,1286,1428,2209,2554]
[0,292,2209,2554]
[0,291,1328,2209,2554]
[0,1328,2209,2554]
[0,2128,2554]
[0,99,291,2209,2554]
[0,135,292,1286,2209,2554]
[0,292,2015,2554]
[0,135,292,2209,2554]
[0,2209,2554]
[0,771,1286,2084,2209,2554]
[0,291,493,1077,1286,1560,2209,2554]
[0,291,2209,2554]
[0,291,1077,1286,1560,2209,2554]
[0,1077,1328,1560,2209,2554]
[0,291,1560,2209,2554]
[0,135,291,1286,1428,2209,2554]
[0,2015,2554]
[0,291,1286,1428,2128,2554]
[0,99,291,1286,1428,2209,2554]
[0,1560,2209,2554]
[0,291,493,1077,1286,2209,2554]
[0,1286,2128,2554]
[0,135,291,2209,2554]
[0,135,292,1286,1428,2209,2554]
[0,291,493,1077,1328,1560,2015,2209,2554]
[0,135,291,1077,1286,1428,2209,2554]
[0,291,493,1077,1328,1560,2209,2554]
[0,1077,2554]
[0,291,1077,1286,2209,2554]
[0,198,1328,1560,2209,2554]
[0,292,1286,1428,2209,2554]
[0,198,2209,2554]
[0,1286,2554]
[0,493,2209,2554]
[0,291,493,1077,1286,1428,2209,2554]
[0,291,1286,2209,2554]
[0,1328,1560,2209,2554]
[0,99,291,1286,2209,2554]
[0,99,291,493,1077,1286,1428,2209,2554]
[0,1286,2209,2554]
[0,493,2554]
[0,1560,2554]
[0,291,2128,2554]
[0,99,291,1286,1560,2209,2554]
[0,771,1286,2209,2554]
[0,99,291,1077,1286,1560,2209,2554]
[0,771,1286,2015,2209,2554]
[0,291,1286,1560,2209,2554]
[0,291,1077,1328,2209,2554]
[0,99,291,493,1077,1286,1560,2209,2554]
[0,198,1560,2209,2554]
[0,135,291,493,1077,1328,1560,2209,2554]
[0,771,2209,2554]
[0,771,1286,1428,2209,2554]
[0,99,291,1077,1286,1428,2209,2554]
[0,291,1077,1328,1560,2209,2554]
[0,135,291,1328,1560,2209,2554]
[0,198,1077,1328,1560,2209,2554]
[0,135,291,493,1077,1328,1560,2015,2209,2554]
[0,291,1286,1428,2209,2554]
[0,292,1286,2209,2554]
[0,1328,2554]
[0,291,1328,1560,2209,2554]
[0,771,2554]
[0,291,1286,2128,2554]
