[0,59,179,254,1121,1334,1651]
[0,254,627,1121,1334,1487,1651]
[0,897,1121,1651]
[0,254,627,1121,1360,1651]
[0,225,1651]
[0,254,475,627,897,1121,1334,1487,1651]
[0,179,252,1092,1334,1487,1651]
[0,195,627,897,1121,1651]
[0,59,254,1121,1651]
[0,225,1121,1651]
[0,179,252,475,1092,1334,1651]
[0,508,1121,1651]
[0,252,475,627,719,1092,1334,1487,1651]
[0,59,252,1092,1651]
[0,59,179,252,1092,1651]
[0,623,1651]
[0,252,475,627,1092,1334,1651]
[0,254,508,897,1121,1334,1651]
[0,179,252,627,719,1092,1334,1487,1651]
[0,179,254,1121,1334,1651]
[0,252,719,1092,1334,1651]
[0,252,627,719,1092,1334,1487,1651]
[0,254,475,627,897,1121,1360,1651]
[0,59,179,254,1121,1334,1487,1651]
[0,252,475,719,1092,1334,1651]
[0,252,719,1092,1651]
[0,59,179,252,1092,1334,1487,1651]
[0,195,1121,1651]
[0,59,179,252,627,1092,1334,1487,1651]
[0,252,1092,1334,1487,1651]
[0,59,179,252,627,719,1092,1334,1487,1651]
[0,225,623,1334,1651]
[0,252,1092,1651]
[0,254,627,897,1121,1651]
[0,254,627,897,1121,1360,1651]
[0,254,1121,1334,1651]
[0,254,627,1121,1334,1651]
[0,254,1121,1651]
[0,252,475,719,1092,1334,1487,1651]
[0,179,254,627,897,1121,1334,1487,1651]
[0,254,508,1121,1334,1487,1651]
[0,179,252,475,627,719,1092,1334,1487,1651]
[0,179,254,1121,1651]
[0,179,254,475,627,897,1121,1360,1651]
[0,254,508,897,1121,1651]
[0,391,1121,1651]
[0,254,627,1121,1651]
[0,59,179,254,627,897,1121,1334,1487,1651]
[0,254,508,897,1121,1334,1487,1651]
[0,254,508,1121,1651]
[0,179,252,475,627,1092,1334,1651]
[0,252,627,1092,1651]
[0,254,627,897,1121,1334,1487,1651]
[0,225,1194,1651]
[0,179,252,1092,1334,1651]
[0,179,252,475,627,852,1092,1334,1651]
[0,252,475,627,852,1092,1334,1651]
[0,195,627,1121,1651]
[0,1092,1651]
[0,59,179,254,1121,1651]
[0,623,1334,1651]
[0,719,1092,1651]
[0,1334,1651]
[0,254,1121,1334,1487,1651]
[0,179,254,475,627,897,1121,1334,1487,1651]
[0,252,475,1092,1334,1487,1651]
[0,252,475,1092,1334,1651]
[0,179,254,627,1121,1334,1487,1651]
[0,179,252,627,1092,1334,1487,1651]
[0,254,508,1121,1334,1651]
[0,252,475,852,1092,1334,1651]
[0,179,254,1121,1334,1487,1651]
[0,179,252,1092,1651]
[0,179,254,508,897,1121,1334,1487,1651]
[0,254,627,897,1121,1334,1651]
[0,225,1334,1651]
[0,252,627,1092,1334,1487,1651]
[0,252,475,1092,1651]
[0,252,1092,1334,1651]
[0,59,179,254,627,1121,1334,1487,1651]
[0,627,1121,1651]
[0,195,1651]
[0,252,627,1092,1334,1651]
[0,627,897,1121,1651]
[0,1194,1651]
[0,179,254,508,627,897,1121,1334,1487,1651]
[0,59,179,252,1092,1334,1651]
[0,179,254,627,897,1121,1651]
[0,254,1651]
[0,252,1651]
[0,1121,1651]
[0,252,852,1092,1334,1651]
[0,179,254,627,897,1121,1360,1651]
[0,254,508,627,897,1121,1334,1487,1651]
[0,627,1092,1651]
