[0,116,353,432,498,693,1148,1483,1810]
[0,159,432,1148,1483,1810]
[0,432,503,1148,1483,1810]
[0,104,432,1148,1483,1810]
[0,159,432,1148,1484,1810]
[0,432,498,1148,1483,1810]
[0,159,432,503,693,1148,1483,1810]
[0,1148,1810]
[0,104,432,693,1148,1483,1810]
[0,104,353,432,498,1148,1483,1810]
[0,104,353,432,693,1148,1483,1810]
[0,116,432,503,1148,1483,1810]
[0,432,1148,1483,1810]
[0,116,353,432,1148,1483,1810]
[0,116,432,1148,1483,1810]
[0,432,1148,1484,1810]
[0,104,432,498,1148,1483,1810]
[0,116,432,503,693,1148,1483,1810]
[0,432,1148,1810]
[0,116,432,498,1148,1483,1810]
[0,104,353,432,1148,1483,1810]
[0,428,1810]
[0,159,432,693,1148,1483,1810]
[0,432,503,693,1148,1483,1810]
[0,116,353,432,693,1148,1483,1810]
[0,432,498,1148,1810]
[0,432,693,1148,1483,1810]
[0,428,1148,1810]
[0,116,432,693,1148,1483,1810]
[0,432,1810]
[0,432,1483,1810]
[0,116,353,432,498,1148,1483,1810]
[0,104,353,432,498,693,1148,1483,1810]
[0,428,1148,1484,1810]
[0,428,1483,1810]
[0,1483,1810]
