[0,495,1194,1483,1875]
[0,495,1194,1352,1483,1875]
[0,495,1352,1483,1757,1875]
[0,368,905,1483,1875]
[0,368,495,1194,1352,1483,1757,1875]
[0,1483,1875]
[0,368,905,1875]
[0,368,905,1352,1483,1757,1875]
[0,271,368,495,1352,1483,1641,1757,1875]
[0,271,368,495,905,1352,1535,1875]
[0,368,495,1352,1535,1875]
[0,495,905,1875]
[0,271,368,495,1194,1352,1483,1875]
[0,271,368,495,1352,1535,1875]
[0,368,905,1352,1535,1875]
[0,495,1194,1352,1483,1641,1757,1875]
[0,271,368,495,1194,1352,1483,1641,1757,1875]
[0,495,1194,1352,1483,1757,1875]
[0,271,368,495,905,1352,1483,1757,1875]
[0,271,368,1352,1535,1875]
[0,495,1352,1483,1875]
[0,368,1352,1535,1875]
[0,495,905,1483,1875]
[0,495,905,1352,1535,1875]
[0,905,1483,1875]
[0,368,905,1535,1875]
[0,495,1352,1483,1641,1757,1875]
[0,368,495,905,1352,1483,1875]
[0,495,905,1352,1483,1757,1875]
[0,368,495,1352,1483,1641,1757,1875]
[0,368,495,905,1352,1483,1641,1757,1875]
[0,495,1352,1535,1875]
[0,368,1483,1875]
[0,368,495,1352,1483,1757,1875]
[0,495,1483,1875]
[0,368,495,905,1352,1483,1757,1875]
[0,271,368,495,1352,1483,1757,1875]
[0,905,1875]
[0,271,368,495,905,1352,1483,1875]
[0,368,495,1352,1483,1875]
[0,368,1875]
[0,271,368,495,905,1352,1483,1641,1757,1875]
[0,495,905,1535,1875]
[0,271,368,1352,1483,1875]
[0,368,1535,1875]
[0,368,1352,1483,1875]
[0,368,495,905,1352,1535,1875]
[0,495,905,1352,1483,1641,1757,1875]
[0,495,905,1352,1483,1875]
[0,271,368,495,1352,1483,1875]
[0,368,905,1352,1483,1875]
[0,368,495,1194,1352,1483,1875]
[0,495,1535,1875]
[0,368,495,1194,1352,1483,1641,1757,1875]
[0,495,1875]
