[0,169,438,1197]
[0,108,169,438,548,1197]
[0,108,169,222,438,548,826,1143,1197]
[0,169,448,553,652,826,986,1099,1197]
[0,169,222,448,1143,1197]
[0,169,548,1197]
[0,169,448,1099,1197]
[0,548,1197]
[0,169,448,1143,1197]
[0,169,448,826,1197]
[0,169,438,1143,1197]
[0,169,438,826,1197]
[0,169,448,553,826,986,1143,1197]
[0,169,438,1099,1197]
[0,108,169,438,548,1143,1197]
[0,169,1197]
[0,169,222,448,1099,1197]
[0,169,448,826,1099,1197]
[0,108,169,438,548,826,1197]
[0,169,448,826,1143,1197]
[0,169,438,548,652,1197]
[0,169,222,448,826,1099,1197]
[0,169,548,1099,1197]
[0,169,222,448,826,1143,1197]
[0,169,448,553,826,986,1099,1197]
[0,169,448,553,652,826,986,1197]
[0,169,438,548,1197]
[0,120,169,222,448,826,1099,1197]
[0,120,169,222,448,826,1143,1197]
[0,108,169,438,548,826,1099,1197]
[0,108,169,438,548,826,1143,1197]
[0,108,169,438,548,652,1099,1197]
[0,169,1143,1197]
[0,448,1197]
[0,169,448,553,826,1197]
[0,169,222,448,553,826,986,1099,1197]
[0,120,169,222,448,1143,1197]
[0,108,169,222,438,548,826,1099,1197]
[0,120,169,222,448,553,652,826,986,1099,1197]
[0,169,438,548,1099,1197]
[0,448,826,1197]
[0,169,438,548,826,1197]
[0,108,169,438,1197]
[0,169,222,448,553,826,1143,1197]
[0,108,169,438,548,1099,1197]
[0,108,169,222,438,548,652,1099,1197]
[0,169,222,438,548,826,1099,1197]
[0,438,1197]
[0,108,169,222,438,548,1099,1197]
[0,169,438,652,1197]
[0,108,169,222,438,548,1143,1197]
[0,169,438,548,652,1099,1197]
[0,169,448,553,826,986,1197]
[0,169,448,1197]
[0,120,169,448,1099,1197]
[0,120,169,448,1143,1197]
[0,108,169,222,438,1099,1197]
[0,173,1197]
[0,108,169,222,438,1143,1197]
[0,120,169,222,448,826,986,1099,1197]
[0,169,438,548,826,1099,1197]
[0,169,448,826,986,1197]
[0,120,169,222,448,553,826,986,1143,1197]
[0,169,222,438,1099,1197]
[0,108,169,438,1099,1197]
[0,108,169,438,1143,1197]
[0,120,169,222,448,553,826,1143,1197]
[0,108,169,438,826,1197]
[0,169,222,448,826,986,1099,1197]
[0,169,448,826,986,1099,1197]
[0,169,448,553,652,826,1197]
[0,169,222,448,553,652,826,986,1099,1197]
[0,120,169,222,448,553,826,986,1099,1197]
[0,438,652,1197]
[0,169,222,438,548,1099,1197]
[0,438,826,1197]
[0,169,222,448,553,826,986,1143,1197]
[0,120,169,222,448,1099,1197]
[0,169,448,553,826,1143,1197]
