[0,53,117,481,555,612,724,855,927,1046]
[0,120,555,1046]
[0,555,612,1046]
[0,555,724,1046]
[0,117,481,555,612,724,855,1046]
[0,53,481,562,724,855,1046]
[0,120,555,724,1046]
[0,117,481,555,724,860,927,1046]
[0,120,481,555,612,724,855,1046]
[0,562,1046]
[0,555,724,860,1046]
[0,117,481,555,612,860,1046]
[0,541,724,1046]
[0,53,562,724,855,1046]
[0,481,541,724,865,1046]
[0,53,562,1046]
[0,53,481,541,724,865,1046]
[0,562,724,855,927,1046]
[0,120,481,562,724,855,1046]
[0,92,481,541,724,865,927,1046]
[0,555,724,855,1046]
[0,117,481,555,724,1046]
[0,53,481,562,724,855,927,1046]
[0,481,541,724,1046]
[0,53,120,481,562,724,855,927,1046]
[0,117,555,724,1046]
[0,92,541,724,1046]
[0,92,481,541,724,865,1046]
[0,117,555,724,860,1046]
[0,53,541,724,865,1046]
[0,481,541,724,865,927,1046]
[0,92,541,1046]
[0,541,1046]
[0,117,481,555,612,724,860,927,1046]
[0,117,481,555,724,855,927,1046]
[0,117,555,860,1046]
[0,53,562,724,1046]
[0,120,562,1046]
[0,120,481,555,724,855,1046]
[0,120,481,555,724,1046]
[0,53,541,1046]
[0,92,481,541,609,724,865,927,1046]
[0,92,541,724,865,1046]
[0,53,120,481,555,612,724,855,927,1046]
[0,481,562,724,855,1046]
[0,117,555,724,855,1046]
[0,92,1046]
[0,53,481,541,724,865,927,1046]
[0,120,481,555,612,724,855,927,1046]
[0,481,562,724,855,927,1046]
[0,120,1046]
[0,120,562,724,855,1046]
[0,92,541,609,724,865,1046]
[0,117,555,1046]
[0,562,724,855,1046]
[0,481,562,724,865,1046]
[0,117,481,555,724,860,1046]
[0,92,541,609,724,865,927,1046]
[0,117,481,555,612,724,855,927,1046]
[0,555,860,1046]
[0,120,555,724,855,1046]
[0,541,724,865,927,1046]
[0,117,1046]
[0,117,481,555,612,1046]
[0,555,1046]
[0,120,481,562,724,855,927,1046]
[0,117,481,555,1046]
[0,53,1046]
[0,117,481,555,724,855,1046]
[0,117,555,612,1046]
[0,562,724,865,1046]
[0,53,481,562,724,865,1046]
[0,53,541,724,1046]
[0,92,541,724,865,927,1046]
[0,562,724,1046]
[0,120,562,724,1046]
[0,120,481,555,724,855,927,1046]
[0,53,562,724,865,1046]
[0,53,117,481,555,612,724,860,927,1046]
[0,53,481,541,724,1046]
[0,541,724,865,1046]
[0,117,481,555,860,1046]
[0,117,481,555,612,724,860,1046]
