[0,46,200,250,681,824,1036,1180]
[0,46,200,250,690,824,1036,1118,1180]
[0,241,681,824,1036,1118,1180]
[0,241,681,824,1036,1180]
[0,46,200,824,1180]
[0,46,241,681,1180]
[0,46,250,679,824,1036,1180]
[0,250,681,1036,1180]
[0,46,250,690,824,1180]
[0,200,250,690,824,1036,1180]
[0,46,241,681,824,1180]
[0,250,681,824,1036,1118,1180]
[0,679,1180]
[0,117,200,690,824,1180]
[0,46,250,690,824,1036,1180]
[0,250,679,1180]
[0,690,1180]
[0,250,690,1036,1180]
[0,681,1180]
[0,46,200,690,824,1036,1118,1180]
[0,250,690,1180]
[0,200,690,824,1036,1180]
[0,241,681,1036,1180]
[0,200,690,824,1036,1118,1180]
[0,117,200,690,824,1036,1180]
[0,250,681,1180]
[0,46,250,679,1180]
[0,241,690,1180]
[0,200,690,1180]
[0,46,250,690,1180]
[0,117,200,690,824,1036,1118,1180]
[0,241,681,1180]
[0,200,824,1180]
[0,824,1180]
[0,200,250,679,824,1036,1118,1180]
[0,250,679,824,1036,1118,1180]
[0,241,681,824,1038,1180]
[0,250,681,824,1036,1180]
[0,250,681,824,1180]
[0,200,250,690,824,1036,1118,1180]
[0,46,200,690,824,1036,1180]
[0,117,200,250,690,824,1036,1180]
[0,46,200,250,679,824,1036,1180]
[0,46,241,681,824,1036,1118,1180]
[0,46,241,681,824,1036,1180]
[0,200,824,1036,1180]
[0,46,250,681,824,1036,1180]
[0,46,250,681,824,1180]
[0,250,690,824,1036,1180]
[0,250,690,824,1180]
[0,46,250,679,824,1180]
[0,46,200,250,679,824,1036,1118,1180]
[0,250,690,824,1036,1118,1180]
[0,46,241,681,824,1038,1180]
[0,200,690,1036,1180]
[0,200,250,679,824,1036,1180]
[0,241,681,824,1180]
[0,46,200,824,1036,1180]
[0,46,200,250,681,824,1036,1118,1180]
[0,200,250,681,824,1036,1118,1180]
[0,250,679,824,1180]
[0,46,117,200,250,690,824,1036,1118,1180]
[0,46,200,250,690,824,1036,1180]
[0,46,200,690,1180]
[0,117,200,690,1180]
[0,117,200,250,690,824,1036,1118,1180]
[0,200,250,681,824,1036,1180]
[0,250,679,824,1036,1180]
[0,200,690,824,1180]
[0,46,200,690,824,1180]
[0,46,250,681,1180]
