[0,290,417,626,902,1180]
[0,193,417,626,994,1180]
[0,193,290,626,1180]
[0,193,1180]
[0,994,1180]
[0,275,838,1180]
[0,101,994,1180]
[0,101,417,626,902,1180]
[0,290,417,626,994,1180]
[0,101,417,626,979,1180]
[0,101,626,1180]
[0,193,290,417,626,994,1180]
[0,193,290,417,626,889,994,1096,1180]
[0,193,626,979,1180]
[0,626,1180]
[0,193,417,626,1180]
[0,290,626,1180]
[0,417,1180]
[0,193,290,417,626,994,1096,1180]
[0,584,1180]
[0,212,1180]
[0,193,626,902,1180]
[0,101,626,979,1180]
[0,101,417,626,994,1180]
[0,193,417,626,889,994,1180]
[0,101,290,417,626,902,1180]
[0,193,626,889,994,1180]
[0,193,290,1180]
[0,101,290,417,626,979,1180]
[0,193,290,417,626,889,994,1180]
[0,193,290,626,902,1180]
[0,193,290,626,979,1180]
[0,193,626,994,1180]
[0,626,979,1180]
[0,417,902,1180]
[0,212,584,979,1180]
[0,212,584,1180]
[0,101,626,994,1180]
[0,417,626,979,1180]
[0,101,290,417,626,994,1180]
[0,417,626,902,1180]
[0,626,902,1180]
[0,193,290,626,994,1180]
[0,290,626,902,1180]
[0,626,994,1180]
[0,275,1180]
[0,101,1180]
[0,290,417,626,979,1180]
[0,979,1180]
[0,290,1180]
[0,417,626,994,1180]
[0,193,626,1180]
[0,417,626,1180]
[0,101,417,626,1180]
[0,902,1180]
[0,838,1180]
