[0,480,1046]
[0,167,570,770,918,1046]
[0,167,366,570,770,918,1046]
[0,570,1046]
[0,195,570,770,918,1046]
[0,167,570,770,918,982,1046]
[0,195,433,570,770,918,1046]
[0,167,456,570,770,918,1046]
[0,366,570,770,1046]
[0,195,456,570,770,918,982,1046]
[0,195,344,570,770,1046]
[0,195,344,570,770,918,1046]
[0,195,570,770,918,982,1046]
[0,570,770,1046]
[0,167,366,570,770,1046]
[0,195,344,570,770,918,982,1046]
[0,167,570,770,1046]
[0,195,570,1046]
[0,167,456,570,770,918,982,1046]
[0,183,570,770,1046]
[0,195,570,770,1046]
[0,570,770,918,1046]
[0,195,433,570,770,1046]
[0,366,570,1046]
[0,183,570,770,918,1046]
[0,195,456,570,770,918,1046]
