[0,370,986,1345,1533,2017,2209,2554]
[0,370,1345,2209,2554]
[0,341,1084,2242,2554]
[0,99,370,986,2017,2209,2554]
[0,341,1020,1533,2017,2209,2554]
[0,370,2554]
[0,341,1084,2017,2554]
[0,291,909,2086,2554]
[0,287,1844,2209,2554]
[0,341,812,1951,2209,2554]
[0,1345,2554]
[0,370,986,1345,2554]
[0,812,2554]
[0,291,1146,2070,2554]
[0,341,2017,2209,2554]
[0,341,2017,2242,2554]
[0,812,986,2017,2209,2554]
[0,370,986,2017,2209,2554]
[0,291,909,1951,2209,2554]
[0,291,909,2209,2554]
[0,291,2086,2554]
[0,1020,2017,2554]
[0,2086,2554]
[0,99,370,1345,2017,2209,2554]
[0,2209,2554]
[0,370,2017,2554]
[0,2242,2554]
[0,341,1020,2017,2554]
[0,99,341,2017,2554]
[0,909,2086,2554]
[0,370,986,1345,2017,2209,2554]
[0,1084,2017,2554]
[0,1146,2554]
[0,99,370,1345,2209,2554]
[0,1084,2554]
[0,291,2209,2554]
[0,341,1411,2209,2554]
[0,370,1345,2017,2209,2554]
[0,341,1020,2017,2209,2554]
[0,1020,1533,2017,2554]
[0,99,341,812,1951,2209,2554]
[0,2070,2554]
[0,370,1345,2554]
[0,287,2209,2554]
[0,341,2017,2554]
[0,99,341,2017,2209,2554]
[0,1844,2209,2554]
[0,99,341,2017,2242,2554]
[0,1146,2070,2554]
[0,99,370,986,1345,1533,2017,2209,2554]
[0,1411,2209,2554]
[0,370,986,1345,2209,2554]
[0,370,986,2017,2554]
[0,386,1839,2554]
[0,341,1020,1533,2017,2554]
[0,341,1411,1533,2017,2209,2554]
[0,287,812,1844,2209,2554]
[0,1411,2554]
[0,341,812,2209,2554]
[0,370,2209,2554]
[0,341,1020,1411,1533,2017,2209,2554]
[0,909,2554]
[0,370,1345,1533,2017,2209,2554]
[0,986,2554]
[0,1844,2554]
[0,341,2554]
[0,986,2017,2554]
[0,341,1411,2017,2209,2554]
[0,99,370,1345,1533,2017,2209,2554]
[0,986,2017,2209,2554]
[0,99,341,812,2209,2554]
[0,812,1844,2554]
[0,341,2209,2554]
[0,341,2242,2554]
[0,2017,2209,2554]
[0,812,2209,2554]
[0,909,2209,2554]
[0,341,1084,2554]
[0,99,341,1020,1411,1533,2017,2209,2554]
[0,99,341,1411,2017,2209,2554]
[0,99,341,1411,1533,2017,2209,2554]
[0,99,341,1084,2017,2209,2554]
[0,1839,2554]
[0,99,341,1084,2017,2242,2554]
[0,2017,2554]
[0,812,1844,2209,2554]
[0,291,2070,2554]
[0,1020,2554]
[0,341,1084,2017,2209,2554]
[0,341,1084,2017,2242,2554]
