[0,600,1086,1327]
[0,400,461,644,848,1086,1148,1252,1327]
[0,461,1091,1327]
[0,461,644,848,1086,1252,1327]
[0,461,1086,1148,1327]
[0,1086,1327]
[0,400,461,1086,1148,1327]
[0,400,461,664,872,1086,1148,1252,1327]
[0,439,1327]
[0,400,461,644,848,1086,1327]
[0,400,461,664,872,1086,1327]
[0,1143,1327]
[0,400,461,848,896,1086,1327]
[0,400,461,1091,1327]
[0,400,461,1086,1327]
[0,400,461,644,848,902,1086,1148,1252,1327]
[0,400,461,644,848,902,1086,1327]
[0,461,848,1086,1327]
[0,461,1086,1148,1252,1327]
[0,400,461,644,848,1086,1148,1327]
[0,461,1086,1327]
[0,461,644,848,1086,1148,1327]
[0,461,664,872,1086,1252,1327]
[0,400,461,1086,1148,1252,1327]
[0,400,461,848,1086,1327]
[0,400,461,848,896,1086,1148,1327]
[0,461,848,1086,1252,1327]
[0,461,848,1086,1148,1252,1327]
[0,461,664,1086,1327]
[0,400,461,664,872,1086,1148,1327]
[0,400,461,664,1086,1327]
[0,439,1091,1327]
[0,461,848,1086,1148,1327]
[0,400,461,848,896,1086,1148,1252,1327]
[0,461,664,872,1086,1148,1327]
[0,400,461,848,1086,1148,1327]
[0,400,461,644,848,902,1086,1148,1327]
[0,1091,1327]
[0,461,664,872,1086,1148,1252,1327]
[0,848,1086,1327]
[0,461,872,1086,1327]
[0,600,1327]
[0,400,461,848,1086,1148,1252,1327]
[0,461,644,848,1086,1327]
[0,461,664,872,1086,1327]
[0,461,1327]
[0,461,1086,1252,1327]
[0,461,644,848,1086,1148,1252,1327]
