[0,116,548,1558,2017]
[0,548,823,1041,1558,2017]
[0,1083,1558,2017]
[0,823,1558,2017]
[0,555,2017]
[0,548,1083,2017]
[0,116,548,823,1041,1558,2017]
[0,548,1041,2017]
[0,548,1558,2017]
[0,549,1083,1558,2017]
[0,323,555,2017]
[0,1083,2017]
[0,323,548,2017]
[0,323,549,1558,2017]
[0,1041,1558,2017]
[0,1041,2017]
[0,548,2017]
[0,548,1083,1558,2017]
[0,823,2017]
[0,116,259,548,823,950,1083,1558,2017]
[0,548,823,1558,2017]
[0,323,1083,1558,2017]
[0,528,1558,2017]
[0,528,2017]
[0,823,1041,1558,2017]
[0,323,555,1041,1558,2017]
[0,323,548,823,1083,1558,2017]
[0,549,823,1083,1558,2017]
[0,823,1083,1558,2017]
[0,259,548,823,1083,1558,2017]
[0,549,1083,2017]
[0,1558,2017]
[0,116,549,1558,2017]
[0,259,548,823,950,1083,1558,2017]
[0,548,823,1083,1558,2017]
[0,323,1041,1558,2017]
[0,323,555,1558,2017]
[0,323,548,1558,2017]
[0,548,1041,1558,2017]
[0,116,548,823,1083,1558,2017]
[0,549,1558,2017]
[0,323,549,1083,1558,2017]
[0,555,1558,2017]
[0,323,549,2017]
[0,323,549,823,1083,1558,2017]
[0,549,2017]
[0,323,548,1083,1558,2017]
[0,323,555,823,1041,1558,2017]
