[0,74,707,1183,1419]
[0,354,744,1419]
[0,158,962,1419]
[0,158,744,964,1221,1419]
[0,249,354,744,1183,1419]
[0,158,610,964,1419]
[0,158,744,1419]
[0,744,1183,1419]
[0,1189,1419]
[0,354,964,1419]
[0,65,158,249,354,610,744,964,1221,1419]
[0,610,1419]
[0,65,158,249,354,744,1183,1419]
[0,249,354,610,964,1419]
[0,74,1183,1419]
[0,74,744,1183,1419]
[0,962,1419]
[0,65,610,964,1419]
[0,158,249,354,964,1419]
[0,744,1419]
[0,1173,1419]
[0,158,354,744,1183,1419]
[0,158,249,354,610,964,1419]
[0,1221,1419]
[0,65,964,1419]
[0,158,249,744,1221,1419]
[0,65,249,354,610,964,1419]
[0,74,744,1189,1419]
[0,158,1183,1419]
[0,610,1183,1419]
[0,158,354,610,964,1419]
[0,249,744,1183,1419]
[0,65,249,354,610,964,1221,1419]
[0,744,1221,1419]
[0,610,964,1221,1419]
[0,158,249,744,1183,1419]
[0,354,610,964,1419]
[0,74,744,1173,1419]
[0,158,610,744,964,1221,1419]
[0,158,249,964,1419]
[0,158,354,610,964,1221,1419]
[0,65,1183,1419]
[0,65,354,610,964,1419]
[0,74,610,1183,1419]
[0,964,1221,1419]
[0,65,249,354,744,1183,1419]
[0,158,744,1173,1419]
[0,744,964,1221,1419]
[0,158,964,1419]
[0,158,1173,1419]
[0,707,1419]
[0,158,744,1221,1419]
[0,65,744,1183,1419]
[0,744,1189,1419]
[0,158,249,354,744,1183,1419]
[0,249,744,1221,1419]
[0,610,964,1419]
[0,158,249,354,610,744,964,1221,1419]
[0,249,354,610,964,1221,1419]
[0,964,1419]
[0,158,744,1183,1419]
[0,744,964,1419]
[0,354,744,1183,1419]
[0,744,1173,1419]
[0,354,610,964,1221,1419]
[0,158,354,964,1419]
[0,74,1189,1419]
[0,249,744,1419]
[0,65,249,744,1183,1419]
[0,158,354,610,744,964,1221,1419]
[0,707,1183,1419]
[0,158,249,744,964,1221,1419]
[0,158,610,964,1221,1419]
[0,1183,1419]
[0,74,1173,1419]
[0,65,158,249,354,610,964,1221,1419]
[0,158,249,354,610,964,1221,1419]
