[0,553,969]
[0,54,236,553,969]
[0,236,969]
[0,236,465,553,969]
[0,54,236,406,491,553,969]
[0,54,236,406,465,553,922,969]
[0,192,491,969]
[0,236,406,465,553,969]
[0,236,406,922,969]
[0,54,236,406,516,969]
[0,54,236,406,491,553,922,969]
[0,54,236,553,922,969]
[0,236,406,969]
[0,491,969]
[0,192,969]
[0,54,236,406,465,553,969]
[0,54,236,406,516,922,969]
[0,54,236,969]
[0,54,236,406,969]
[0,236,406,516,969]
[0,192,922,969]
[0,236,491,553,969]
[0,236,406,465,969]
[0,54,236,922,969]
[0,54,236,406,922,969]
[0,236,406,491,553,969]
[0,236,406,491,969]
[0,236,553,969]
[0,491,553,969]
