[0,214,1935,2020]
[0,214,472,1473,1935,2020]
[0,587,1458,2020]
[0,1473,2020]
[0,156,587,1458,1935,2020]
[0,214,2020]
[0,214,1458,1935,2020]
[0,472,1473,2020]
[0,587,1473,2020]
[0,214,587,1473,2020]
[0,156,587,1473,2020]
[0,214,1934,2020]
[0,156,1458,2020]
[0,156,1458,1935,2020]
[0,472,2020]
[0,214,472,1473,2020]
[0,214,1473,1935,2020]
[0,156,2020]
[0,483,1473,2020]
[0,156,1473,1935,2020]
[0,155,214,472,1473,1935,2020]
[0,214,483,1473,2020]
[0,156,587,1473,1935,2020]
[0,214,483,1473,1935,2020]
[0,587,2020]
[0,155,214,1935,2020]
[0,214,587,1473,1935,2020]
[0,156,472,1473,2020]
[0,214,1458,2020]
[0,155,214,1473,1935,2020]
[0,156,472,1473,1935,2020]
[0,156,1473,2020]
[0,1458,2020]
[0,156,1935,2020]
[0,155,214,483,1473,1935,2020]
[0,483,2020]
[0,156,587,1458,2020]
[0,214,1473,2020]
