[0,211,1875]
[0,325,1010,1875]
[0,325,924,1258,1806,1875]
[0,924,1875]
[0,325,924,1258,1875]
[0,325,1268,1806,1875]
[0,325,703,1806,1875]
[0,1806,1875]
[0,325,918,1268,1806,1875]
[0,325,918,1258,1806,1875]
[0,325,924,1875]
[0,325,1875]
[0,325,918,1268,1875]
[0,325,703,1258,1875]
[0,325,1258,1806,1875]
[0,1258,1875]
[0,918,1258,1875]
[0,325,1806,1875]
[0,325,1258,1875]
[0,325,703,1258,1806,1875]
[0,325,1268,1875]
[0,703,1875]
[0,918,1268,1875]
[0,325,703,1875]
[0,1268,1875]
[0,918,1875]
[0,325,1010,1268,1806,1875]
[0,703,1258,1875]
[0,325,918,1875]
[0,325,918,1806,1875]
[0,325,918,1258,1875]
[0,325,1010,1268,1875]
[0,924,1258,1875]
[0,211,1806,1875]
[0,1010,1875]
