[0,112,517,661,1037,1180]
[0,992,1180]
[0,213,1180]
[0,112,213,406,517,661,776,868,1180]
[0,213,406,517,661,1037,1180]
[0,517,661,1037,1180]
[0,112,213,341,406,517,661,776,868,1037,1180]
[0,112,213,341,406,517,661,1180]
[0,517,661,1180]
[0,213,406,517,661,868,1037,1180]
[0,213,992,1180]
[0,517,661,868,1037,1180]
[0,112,213,341,406,517,661,776,868,992,1037,1180]
[0,406,517,661,868,1180]
[0,112,213,341,406,517,661,868,1037,1180]
[0,112,213,406,517,661,776,1037,1180]
[0,112,406,517,661,1037,1180]
[0,148,406,517,661,1037,1180]
[0,661,1180]
[0,148,213,341,406,517,661,1180]
[0,148,213,341,406,517,661,868,1037,1180]
[0,112,406,517,661,1180]
[0,213,517,992,1180]
[0,112,406,517,661,776,1037,1180]
[0,213,406,517,661,776,1037,1180]
[0,112,213,406,517,661,1180]
[0,517,1180]
[0,148,213,341,406,517,661,776,868,1180]
[0,213,406,517,661,868,1180]
[0,112,517,661,776,1037,1180]
[0,213,341,406,517,661,868,1180]
[0,148,213,406,517,661,992,1037,1180]
[0,213,341,406,517,661,1180]
[0,148,517,661,1180]
[0,148,213,341,406,517,661,776,868,1037,1180]
[0,112,213,341,406,517,661,1037,1180]
[0,213,517,1180]
[0,148,213,341,406,517,661,868,992,1037,1180]
[0,148,213,406,517,661,1180]
[0,213,517,661,776,1037,1180]
[0,213,517,661,1180]
[0,517,661,868,1180]
[0,213,341,406,517,661,1037,1180]
[0,661,868,1180]
[0,112,517,661,1180]
[0,148,406,517,661,1180]
[0,406,517,1180]
[0,406,517,661,776,868,1180]
[0,112,406,517,661,868,1037,1180]
[0,213,517,661,868,1180]
[0,406,1180]
[0,112,213,406,517,661,868,1180]
[0,406,517,661,1180]
[0,112,213,406,517,661,992,1037,1180]
[0,148,213,341,406,517,661,992,1037,1180]
[0,112,406,517,661,868,1180]
[0,148,1180]
[0,112,517,661,868,1037,1180]
[0,213,517,661,1037,1180]
[0,406,517,661,1037,1180]
[0,112,213,406,517,661,776,868,1037,1180]
[0,148,213,341,406,517,661,776,868,992,1037,1180]
[0,517,992,1180]
[0,112,213,406,517,661,1037,1180]
[0,112,213,341,406,517,661,776,868,1180]
[0,148,213,341,406,517,661,868,1180]
[0,213,406,517,661,776,868,1037,1180]
[0,213,406,517,661,1180]
[0,213,661,1180]
[0,213,406,517,661,776,868,1180]
[0,112,517,661,868,1180]
[0,112,213,341,406,517,661,868,992,1037,1180]
[0,213,341,406,517,661,776,868,1037,1180]
[0,112,213,341,406,517,661,868,1180]
[0,112,213,341,406,517,661,992,1037,1180]
[0,341,406,517,661,1180]
[0,213,341,406,517,661,868,1037,1180]
[0,517,661,776,1037,1180]
[0,148,517,661,1037,1180]
[0,213,661,868,1180]
[0,148,661,1180]
[0,213,517,661,868,1037,1180]
[0,148,213,406,517,661,1037,1180]
[0,148,213,341,406,517,661,1037,1180]
[0,112,213,406,517,661,868,1037,1180]
[0,213,341,406,517,661,776,868,1180]
