[0,1989,2956]
[0,432,2232,2388,2505,2659,2956]
[0,1205,2956]
[0,432,1205,1989,2388,2505,2659,2956]
[0,432,1132,2232,2388,2505,2659,2956]
[0,432,1470,1989,2232,2388,2659,2956]
[0,432,1205,2232,2388,2659,2956]
[0,432,1989,2388,2659,2865,2956]
[0,432,2388,2659,2956]
[0,1132,2956]
[0,1989,2865,2956]
[0,2505,2956]
[0,432,1989,2956]
[0,432,2388,2505,2659,2956]
[0,432,1132,2388,2659,2956]
[0,432,1470,2388,2956]
[0,432,1205,2388,2659,2956]
[0,432,1132,2232,2388,2505,2659,2865,2956]
[0,432,1470,1989,2232,2388,2505,2659,2956]
[0,432,1470,1989,2388,2505,2659,2956]
[0,2388,2659,2956]
[0,2865,2956]
[0,432,2232,2388,2505,2659,2865,2956]
[0,432,1132,1989,2232,2388,2659,2956]
[0,432,2232,2388,2659,2956]
[0,432,1132,1989,2232,2388,2505,2659,2865,2956]
[0,432,1205,1989,2388,2956]
[0,432,1132,1989,2232,2388,2505,2659,2956]
[0,432,1989,2388,2505,2659,2865,2956]
[0,432,1470,1989,2232,2388,2505,2659,2865,2956]
[0,432,2388,2956]
[0,432,1132,1989,2388,2956]
[0,432,2637,2956]
[0,432,1132,1989,2388,2659,2956]
[0,432,1989,2388,2505,2659,2956]
[0,432,2956]
[0,2388,2659,2865,2956]
[0,432,1205,2388,2956]
[0,2388,2505,2659,2956]
[0,2388,2505,2659,2865,2956]
[0,2637,2956]
[0,432,1470,1989,2388,2505,2659,2865,2956]
[0,1132,2388,2956]
[0,432,1205,1989,2388,2659,2956]
[0,432,1989,2637,2956]
[0,432,2388,2659,2865,2956]
[0,432,2865,2956]
[0,432,1132,1989,2388,2505,2659,2956]
[0,432,1470,1989,2388,2956]
[0,2388,2956]
[0,432,1989,2388,2659,2956]
[0,432,1205,2232,2388,2505,2659,2956]
[0,1470,2956]
[0,432,1989,2388,2956]
[0,432,1205,1989,2232,2388,2505,2659,2956]
[0,432,1989,2865,2956]
[0,432,1470,1989,2388,2659,2956]
[0,432,1132,2232,2388,2659,2956]
[0,1205,2388,2956]
[0,432,1132,1989,2388,2505,2659,2865,2956]
[0,432,1132,2388,2956]
[0,432,1205,1989,2232,2388,2659,2956]
[0,432,2388,2505,2659,2865,2956]
[0,1470,2388,2956]
