[0,109,222,409,646,919,1096,1343]
[0,222,409,646,919,1343]
[0,409,919,1096,1343]
[0,222,646,919,1096,1343]
[0,646,919,1096,1343]
[0,109,254,409,646,869,919,1096,1343]
[0,222,919,1343]
[0,109,254,409,646,919,1096,1343]
[0,646,919,1343]
[0,109,409,646,826,869,919,1096,1343]
[0,109,222,409,919,1096,1343]
[0,222,919,1096,1343]
[0,109,222,409,646,869,919,1096,1343]
[0,919,1096,1343]
[0,109,409,646,869,919,1096,1343]
[0,222,409,646,919,1096,1343]
[0,409,646,919,1343]
[0,109,919,1343]
[0,254,409,646,919,1096,1343]
[0,254,646,919,1343]
[0,222,409,919,1343]
[0,109,222,409,646,826,869,919,1096,1343]
[0,869,1343]
[0,222,646,919,1343]
[0,254,919,1343]
[0,109,646,919,1096,1343]
[0,109,919,1096,1343]
[0,254,409,919,1096,1343]
[0,109,869,919,1096,1343]
[0,109,409,919,1096,1343]
[0,254,919,1096,1343]
[0,109,254,409,919,1096,1343]
[0,109,254,409,869,919,1096,1343]
[0,409,646,919,1096,1343]
[0,222,409,919,1096,1343]
[0,109,646,826,869,919,1096,1343]
[0,254,646,919,1096,1343]
[0,919,1343]
[0,409,919,1343]
[0,109,409,869,919,1096,1343]
[0,109,254,409,646,826,869,919,1096,1343]
[0,109,646,869,919,1096,1343]
[0,109,222,409,869,919,1096,1343]
[0,109,409,646,919,1096,1343]
