[0,63,355,654,842,918,1046]
[0,63,355,654,842,984,1046]
[0,63,355,654,775,842,1046]
[0,355,654,842,984,1046]
[0,63,295,355,654,842,1046]
[0,63,654,842,918,1046]
[0,355,654,918,1046]
[0,63,178,295,355,654,842,918,984,1046]
[0,63,594,654,842,984,1046]
[0,63,355,654,918,1046]
[0,63,178,355,654,842,918,984,1046]
[0,295,355,594,654,842,918,984,1046]
[0,594,654,842,984,1046]
[0,355,594,654,842,984,1046]
[0,63,355,918,1046]
[0,63,654,842,1046]
[0,63,178,355,654,775,842,918,1046]
[0,295,355,654,842,984,1046]
[0,63,594,654,842,1046]
[0,918,984,1046]
[0,295,355,842,1046]
[0,63,178,355,654,842,1046]
[0,63,295,355,594,654,842,918,984,1046]
[0,355,654,842,1046]
[0,63,918,1046]
[0,63,355,654,775,842,918,1046]
[0,654,842,918,984,1046]
[0,295,355,594,654,842,984,1046]
[0,63,355,594,654,842,918,984,1046]
[0,355,654,775,842,1046]
[0,63,178,295,355,594,654,775,842,918,984,1046]
[0,355,842,1046]
[0,295,355,654,842,1046]
[0,295,355,654,842,918,984,1046]
[0,295,355,1046]
[0,842,918,1046]
[0,355,654,842,918,1046]
[0,594,654,842,918,984,1046]
[0,63,654,842,918,984,1046]
[0,63,355,594,654,775,842,918,984,1046]
[0,842,1046]
[0,63,654,842,984,1046]
[0,178,355,654,842,918,1046]
[0,63,355,654,842,918,984,1046]
[0,63,842,1046]
[0,355,654,775,842,918,1046]
[0,63,178,355,594,654,842,918,984,1046]
[0,355,918,1046]
[0,594,654,842,1046]
[0,63,178,295,355,654,842,1046]
[0,178,355,654,842,1046]
[0,63,918,984,1046]
[0,355,654,1046]
[0,295,355,594,654,842,1046]
[0,654,842,918,1046]
[0,654,842,984,1046]
[0,355,594,654,842,918,984,1046]
[0,355,654,842,918,984,1046]
[0,63,178,355,654,775,842,918,984,1046]
[0,63,355,654,775,842,918,984,1046]
[0,355,1046]
[0,178,355,654,775,842,918,1046]
[0,918,1046]
[0,63,842,918,984,1046]
[0,63,842,918,1046]
[0,63,842,984,1046]
[0,63,295,355,654,842,918,984,1046]
[0,63,178,355,654,842,918,1046]
[0,654,842,1046]
[0,63,178,295,355,594,654,842,918,984,1046]
[0,63,355,654,842,1046]
[0,63,178,355,594,654,775,842,918,984,1046]
[0,842,918,984,1046]
[0,63,594,654,842,918,984,1046]
[0,355,594,654,842,1046]
