[0,973,3280,3353]
[0,394,973,1825,2832,3353]
[0,1931,3353]
[0,973,1825,3353]
[0,773,1829,3353]
[0,973,1829,2429,3280,3353]
[0,775,1825,3353]
[0,775,1825,2189,2832,3280,3353]
[0,2239,3353]
[0,917,2239,3033,3353]
[0,1825,3353]
[0,775,1825,2189,2832,3353]
[0,773,2839,3353]
[0,773,3353]
[0,917,2832,3353]
[0,394,973,2832,3353]
[0,973,1829,3353]
[0,973,2839,3353]
[0,773,2839,3280,3353]
[0,775,3353]
[0,790,1931,3353]
[0,790,1931,3033,3353]
[0,3033,3353]
[0,394,973,1825,2832,3280,3353]
[0,973,3353]
[0,1829,3353]
[0,973,2839,3280,3353]
[0,2839,3353]
[0,973,2832,3353]
[0,790,2239,3353]
[0,790,3353]
[0,790,3033,3353]
[0,973,2429,3353]
[0,917,2239,3353]
[0,790,2239,3033,3353]
[0,775,2832,3353]
[0,775,1825,2832,3280,3353]
[0,917,3033,3353]
[0,394,973,2832,3280,3353]
[0,973,2832,3280,3353]
[0,973,1829,2839,3353]
[0,2832,3353]
[0,775,2832,3280,3353]
[0,394,973,1825,2189,2832,3280,3353]
[0,2429,3353]
[0,917,3353]
[0,775,1825,2832,3353]
[0,973,1829,2839,3280,3353]
[0,394,973,1825,2189,2832,3353]
[0,822,2429,3353]
[0,973,2429,3280,3353]
[0,773,1829,2839,3353]
[0,973,1825,2832,3353]
[0,973,1829,2429,3353]
[0,773,1829,2839,3280,3353]
