[0,253,658,1038,1134,1288,1651]
[0,253,658,1038,1134,1288,1450,1569,1651]
[0,253,1288,1450,1651]
[0,77,253,1288,1651]
[0,253,658,1288,1450,1651]
[0,253,658,1288,1651]
[0,658,1288,1651]
[0,77,253,658,1038,1134,1288,1450,1569,1651]
[0,1288,1651]
[0,253,1134,1288,1651]
[0,77,253,1134,1288,1450,1651]
[0,253,1038,1134,1288,1450,1569,1651]
[0,77,194,253,658,1038,1134,1288,1450,1569,1651]
[0,253,1038,1134,1288,1450,1651]
[0,253,658,1134,1288,1651]
[0,253,1134,1288,1450,1569,1651]
[0,253,1038,1134,1288,1651]
[0,253,1134,1288,1450,1651]
[0,253,658,1038,1134,1288,1450,1651]
[0,253,1288,1651]
[0,77,253,1134,1288,1651]
[0,77,194,253,1038,1134,1288,1450,1569,1651]
[0,253,1651]
[0,658,1651]
[0,77,253,1134,1288,1450,1569,1651]
[0,77,253,1038,1134,1288,1450,1569,1651]
[0,253,658,1134,1288,1450,1651]
