[0,972,1385,2120,3056,4285]
[0,972,1385,3056,4285]
[0,1146,2120,3056,4285]
[0,1063,4285]
[0,948,1385,1876,2120,3056,4285]
[0,948,1385,2120,3056,4285]
[0,411,948,1146,1385,1876,2120,3056,3502,4022,4285]
[0,411,1146,1876,2120,3056,4022,4285]
[0,1063,3309,4285]
[0,411,1146,2120,3056,3502,4285]
[0,2634,4285]
[0,972,3056,4285]
[0,948,4285]
[0,972,2120,3056,3502,4285]
[0,235,1063,1876,2120,3056,4285]
[0,948,1385,2120,3056,3502,4285]
[0,411,948,1385,2120,3056,4022,4285]
[0,411,948,1385,1876,2120,3056,4022,4285]
[0,235,1063,2120,3056,4285]
[0,411,948,1146,1876,2120,3056,4285]
[0,3056,4285]
[0,411,948,1385,2120,3056,3502,4285]
[0,411,972,1385,3056,4285]
[0,411,948,1385,1876,2120,3056,4285]
[0,411,1146,2120,3056,3502,4022,4285]
[0,411,972,1385,1876,2120,3056,3502,4022,4285]
[0,411,972,1385,2612,3056,3502,4022,4285]
[0,948,2634,3502,4285]
[0,411,972,1385,1876,2120,3056,4285]
[0,411,1146,3056,4285]
[0,411,948,1385,2120,3056,3502,4022,4285]
[0,411,972,1385,2612,3056,3502,4285]
[0,411,972,1385,1876,2120,3056,4022,4285]
[0,235,948,1385,2120,3056,4285]
[0,948,2634,4285]
[0,948,2120,3056,3502,4285]
[0,972,1385,2612,3056,4285]
[0,948,2120,3056,4285]
[0,411,1146,2120,3056,4022,4285]
[0,235,948,1385,1876,2120,3056,4285]
[0,972,2612,3056,4285]
[0,411,972,1385,3056,4022,4285]
[0,411,972,1385,2120,3056,4022,4285]
[0,972,1385,2120,3056,3502,4285]
[0,1146,2120,3056,3502,4285]
[0,411,948,1146,1876,2120,3056,3502,4022,4285]
[0,972,2612,3056,3502,4285]
[0,948,3056,4285]
[0,972,3056,3502,4285]
[0,411,972,1385,2120,3056,3502,4285]
[0,411,1146,1876,2120,3056,4285]
[0,411,972,1385,3056,3502,4285]
[0,1063,2120,3056,4285]
[0,411,972,1385,2612,3056,4285]
[0,1146,4285]
[0,411,972,1385,2120,3056,3502,4022,4285]
[0,235,948,1385,3056,4285]
[0,972,4285]
[0,1063,3056,4285]
[0,948,3502,4285]
[0,948,1385,3056,4285]
[0,972,2120,3056,4285]
[0,235,948,2634,3502,4285]
[0,1063,3502,4285]
[0,1146,3056,4285]
[0,411,972,1385,3056,3502,4022,4285]
[0,411,948,1385,2120,3056,4285]
[0,411,1146,2120,3056,4285]
[0,411,948,1385,1876,2120,3056,3502,4022,4285]
[0,411,972,1385,2120,3056,4285]
[0,411,1146,1876,2120,3056,3502,4022,4285]
[0,1063,1876,2120,3056,4285]
[0,972,1385,3056,3502,4285]
[0,972,1385,2612,3056,3502,4285]
[0,411,948,1146,1876,2120,3056,4022,4285]
[0,235,948,3502,4285]
[0,411,972,3056,4285]
