[0,335,1395,1929,2189]
[0,335,640,1317,2189]
[0,275,2189]
[0,640,1317,1929,2114,2189]
[0,1395,1929,2189]
[0,640,1317,2189]
[0,329,1395,2189]
[0,329,640,1317,1929,2114,2189]
[0,335,987,1395,2189]
[0,275,435,1317,1395,1929,2189]
[0,640,1317,1929,2189]
[0,1395,2189]
[0,987,1317,2189]
[0,275,1395,2189]
[0,275,435,1317,2189]
[0,329,640,1395,1929,2189]
[0,1485,2189]
[0,335,640,1317,1447,1929,2189]
[0,335,1395,2189]
[0,275,435,1317,1929,2189]
[0,329,640,1317,2189]
[0,329,640,1317,1929,2189]
[0,275,640,1317,1395,1929,2123,2189]
[0,275,640,1317,1929,2189]
[0,329,640,1317,1447,1929,2114,2189]
[0,275,486,2189]
[0,1212,2189]
[0,275,486,1395,1929,2189]
[0,335,640,987,1317,1447,1929,2189]
[0,275,435,2189]
[0,275,987,1317,2189]
[0,275,1395,1929,2189]
[0,335,640,987,1317,1929,2189]
[0,335,640,987,1317,2189]
[0,275,435,1317,1929,2123,2189]
[0,1317,2189]
[0,275,435,1317,1395,1929,2123,2189]
[0,335,987,1317,2189]
[0,275,640,1317,1395,1929,2189]
[0,275,640,1317,1929,2123,2189]
[0,335,1317,2189]
[0,275,987,1317,1929,2189]
[0,987,1395,2189]
[0,329,640,1317,1447,1929,2189]
[0,335,640,1317,1929,2189]
[0,275,435,1317,1929,2114,2189]
[0,329,640,1395,2189]
[0,275,486,1395,2189]
[0,1317,1929,2114,2189]
[0,1317,1929,2189]
[0,335,987,1395,1929,2189]
[0,275,1317,2189]
[0,275,640,1317,2189]
[0,1212,1929,2189]
[0,275,1317,1929,2189]
