[0,518,744,944,1054,1197]
[0,518,779,944,1197]
[0,518,796,1197]
[0,240,518,813,1054,1197]
[0,518,813,1054,1197]
[0,518,779,1054,1197]
[0,518,813,944,1197]
[0,779,1197]
[0,744,1197]
[0,518,875,1197]
[0,518,744,813,944,1079,1197]
[0,518,813,944,1054,1147,1197]
[0,518,813,1197]
[0,240,518,813,944,1054,1197]
[0,518,796,1147,1197]
[0,518,779,944,1054,1147,1197]
[0,518,744,1147,1197]
[0,796,1197]
[0,518,779,944,1147,1197]
[0,518,744,944,1197]
[0,518,813,944,1079,1197]
[0,875,1197]
[0,518,796,944,1147,1197]
[0,518,744,813,944,1054,1197]
[0,518,796,944,1197]
[0,518,744,944,1054,1147,1197]
[0,518,813,944,1147,1197]
[0,518,744,1054,1197]
[0,240,518,813,1197]
[0,240,518,744,813,944,1054,1197]
[0,518,813,1079,1197]
[0,518,796,1054,1197]
[0,518,779,1079,1197]
[0,518,744,1197]
[0,813,1197]
[0,518,744,813,944,1054,1147,1197]
[0,518,779,1197]
[0,518,744,944,1147,1197]
[0,518,779,944,1054,1197]
[0,518,796,944,1054,1147,1197]
[0,518,813,944,1054,1197]
[0,518,796,944,1054,1197]
[0,518,779,875,1079,1197]
[0,518,813,1147,1197]
[0,518,1197]
[0,518,779,1147,1197]
[0,240,518,744,813,944,1054,1147,1197]
