[0,329,530,841,1046]
[0,89,329,530,660,841,1046]
[0,329,530,660,841,1046]
[0,530,841,1046]
[0,89,171,284,329,530,585,725,841,1046]
[0,171,329,530,725,841,1046]
[0,89,171,329,530,585,660,841,1046]
[0,329,530,585,841,1046]
[0,562,1046]
[0,530,725,841,1046]
[0,329,530,585,660,841,1046]
[0,329,562,1046]
[0,329,530,585,1046]
[0,530,660,1046]
[0,171,329,530,725,1046]
[0,530,585,1046]
[0,89,171,329,530,585,725,841,1046]
[0,89,171,329,530,725,841,1046]
[0,284,329,530,585,841,1046]
[0,171,284,329,530,585,725,841,1046]
[0,89,329,530,1046]
[0,530,585,725,841,1046]
[0,171,329,530,585,725,841,1046]
[0,329,530,1046]
[0,89,329,530,585,660,841,1046]
[0,89,171,329,530,660,841,1046]
[0,329,530,725,1046]
[0,530,585,841,1046]
[0,329,585,1046]
[0,89,329,530,725,841,1046]
[0,329,530,725,841,1046]
[0,89,329,530,585,725,841,1046]
[0,530,660,841,1046]
[0,530,1046]
[0,585,1046]
[0,530,725,1046]
[0,329,530,585,725,841,1046]
[0,284,329,530,585,1046]
[0,89,329,562,1046]
[0,284,329,530,585,725,841,1046]
