[0,80,201,358,601,700,823,928,1180]
[0,216,601,700,823,1180]
[0,162,823,1180]
[0,216,342,700,823,928,1180]
[0,342,700,1180]
[0,162,342,613,823,928,1084,1180]
[0,201,342,613,823,1180]
[0,342,823,1180]
[0,201,700,823,1180]
[0,216,358,601,700,823,928,1180]
[0,162,342,613,823,1180]
[0,861,1180]
[0,162,700,984,1180]
[0,201,601,700,823,1180]
[0,216,358,601,700,823,1180]
[0,201,342,613,823,984,1044,1180]
[0,201,358,700,823,1180]
[0,216,358,601,700,823,928,1084,1180]
[0,216,358,700,823,928,1180]
[0,216,823,1180]
[0,823,1180]
[0,253,700,928,1180]
[0,201,700,1180]
[0,216,342,823,1180]
[0,216,358,823,1180]
[0,162,342,700,823,984,1044,1180]
[0,162,342,700,928,1180]
[0,201,358,823,1180]
[0,201,342,613,823,928,1084,1180]
[0,162,216,342,402,601,700,823,928,1180]
[0,216,700,823,1180]
[0,851,1180]
[0,162,700,928,1180]
[0,201,342,613,823,984,1180]
[0,201,700,823,928,1180]
[0,162,216,358,601,700,823,928,1084,1180]
[0,201,342,613,700,823,984,1180]
[0,342,613,823,1180]
[0,201,358,601,700,823,928,1084,1180]
[0,201,613,823,984,1180]
[0,201,358,601,700,823,1180]
[0,201,342,402,613,700,823,928,1084,1180]
[0,162,342,613,700,823,984,1180]
[0,162,342,613,823,984,1180]
[0,162,342,613,700,823,928,1084,1180]
[0,216,700,823,928,1180]
[0,253,851,1180]
[0,201,700,861,1180]
[0,216,358,700,823,1180]
[0,201,342,613,823,928,1180]
[0,162,342,700,984,1180]
[0,201,342,613,700,823,984,1044,1180]
[0,342,700,928,1180]
[0,201,613,823,1180]
[0,201,358,601,700,823,928,1180]
[0,162,342,700,823,1180]
[0,162,613,823,1180]
[0,700,984,1180]
[0,201,358,700,823,928,1180]
[0,162,342,613,700,823,1180]
[0,216,342,700,823,1180]
[0,700,1180]
[0,162,700,823,1180]
[0,162,342,823,1180]
[0,162,342,613,823,928,1180]
[0,216,601,700,823,928,1180]
[0,201,342,613,700,823,1180]
[0,201,342,402,613,700,823,928,984,1084,1180]
[0,216,342,402,601,700,823,928,1180]
[0,201,861,1180]
[0,613,823,1180]
[0,162,342,700,823,984,1180]
[0,342,700,984,1180]
[0,201,342,613,700,823,928,1084,1180]
[0,216,342,601,700,823,928,1180]
[0,700,928,1180]
[0,201,700,928,1180]
[0,253,700,1180]
[0,162,342,613,700,823,984,1044,1180]
[0,162,700,1180]
[0,162,342,613,823,984,1044,1180]
[0,201,823,1180]
