[0,391,1283,2189]
[0,1283,2189]
[0,156,391,1614,2063,2189]
[0,156,391,1283,1634,2063,2189]
[0,337,720,1283,1614,2189]
[0,391,1283,1634,2189]
[0,337,720,1345,2063,2189]
[0,391,1283,1614,2189]
[0,391,720,1283,1634,2189]
[0,720,1283,1634,2189]
[0,337,1283,2189]
[0,156,1634,2189]
[0,720,1345,2063,2189]
[0,156,1614,2189]
[0,391,720,1283,1634,2063,2189]
[0,163,1283,2189]
[0,720,1283,1634,2063,2189]
[0,156,391,1634,2063,2189]
[0,720,1345,2189]
[0,1345,2063,2189]
[0,156,391,1634,2189]
[0,163,391,1634,2063,2189]
[0,337,720,1345,2189]
[0,163,391,1283,2189]
[0,1520,2189]
[0,1283,1634,2063,2189]
[0,1283,2063,2189]
[0,391,1634,2189]
[0,1614,2189]
[0,156,391,1614,2189]
[0,391,1614,2189]
[0,1614,2063,2189]
[0,337,720,1283,2189]
[0,337,720,1283,1614,2063,2189]
[0,156,391,1283,1634,2189]
[0,720,1283,2189]
[0,337,1283,1614,2063,2189]
[0,163,391,1283,1634,2189]
[0,1283,1614,2063,2189]
[0,1634,2189]
[0,337,1283,1614,2189]
[0,156,391,1283,1614,2063,2189]
[0,156,391,1283,1614,2189]
[0,156,1283,2189]
[0,163,1634,2189]
[0,156,391,1283,2189]
[0,1634,2063,2189]
[0,163,391,1283,1634,1948,2063,2189]
[0,1283,1634,2189]
[0,163,391,1283,1634,2063,2189]
[0,163,391,1634,2189]
[0,1283,1614,2189]
[0,1345,2189]
