[0,417,664,715,922]
[0,80,922]
[0,417,664,715,839,922]
[0,417,664,717,922]
[0,178,751,922]
[0,80,417,664,751,839,922]
[0,80,178,417,664,751,839,922]
[0,80,417,664,717,839,922]
[0,417,664,717,839,922]
[0,417,664,922]
[0,178,417,664,839,922]
[0,417,664,751,839,922]
[0,178,417,664,751,922]
[0,80,178,417,664,839,922]
[0,80,417,664,922]
[0,178,922]
[0,80,417,664,715,839,922]
[0,80,178,417,664,715,839,922]
[0,80,178,356,417,664,717,839,922]
[0,417,664,751,922]
[0,664,922]
[0,80,664,922]
[0,80,178,356,417,664,751,839,922]
[0,417,664,839,922]
[0,417,839,922]
[0,80,178,417,664,717,839,922]
[0,80,178,356,417,664,839,922]
[0,178,417,664,751,839,922]
[0,80,417,839,922]
[0,417,922]
[0,178,417,664,922]
[0,80,417,922]
[0,80,178,356,417,664,715,839,922]
[0,80,417,664,839,922]
