[0,220,529,682,792,1046]
[0,164,479,682,792,1046]
[0,327,529,660,792,1046]
[0,164,1046]
[0,93,529,682,792,1046]
[0,93,164,327,529,682,792,984,1046]
[0,164,529,660,792,984,1046]
[0,93,164,327,404,529,660,792,984,1046]
[0,529,1046]
[0,220,404,529,660,792,1046]
[0,93,164,220,529,660,792,984,1046]
[0,93,220,529,682,792,984,1046]
[0,93,529,682,792,984,1046]
[0,529,682,792,1046]
[0,164,220,529,1046]
[0,327,660,1046]
[0,220,660,1046]
[0,93,164,220,327,529,660,792,984,1046]
[0,164,529,682,792,984,1046]
[0,164,529,984,1046]
[0,93,220,302,529,682,792,1046]
[0,93,529,660,1046]
[0,164,405,1046]
[0,660,792,1046]
[0,164,220,529,682,792,1046]
[0,479,719,1046]
[0,93,220,529,660,792,1046]
[0,93,164,327,529,682,792,1046]
[0,405,1046]
[0,93,164,220,327,404,529,660,792,984,1046]
[0,164,529,660,1046]
[0,220,529,682,1046]
[0,164,529,682,1046]
[0,220,529,660,792,1046]
[0,93,220,404,529,660,792,1046]
[0,660,1046]
[0,164,529,660,792,1046]
[0,93,164,220,327,404,479,529,660,792,984,1046]
[0,792,1046]
[0,93,220,404,529,660,792,984,1046]
[0,93,327,529,660,792,1046]
[0,220,479,719,1046]
[0,93,164,327,529,660,792,1046]
[0,164,220,529,660,1046]
[0,93,164,220,404,529,660,792,984,1046]
[0,93,220,529,660,792,984,1046]
[0,164,479,682,792,984,1046]
[0,164,479,1046]
[0,682,1046]
[0,93,529,660,792,984,1046]
[0,93,164,327,404,529,660,792,1046]
[0,164,327,1046]
[0,164,479,719,1046]
[0,93,327,529,682,792,984,1046]
[0,93,164,220,404,479,529,660,792,984,1046]
[0,93,164,220,479,529,660,792,984,1046]
[0,164,529,1046]
[0,327,1046]
[0,220,529,1046]
[0,93,529,660,792,1046]
[0,220,660,792,1046]
[0,164,220,529,682,792,984,1046]
[0,529,660,1046]
[0,529,682,1046]
[0,479,682,1046]
[0,529,660,792,1046]
[0,529,792,1046]
[0,93,220,302,529,682,792,984,1046]
[0,327,529,682,792,1046]
[0,93,327,529,660,792,984,1046]
[0,93,327,404,529,660,792,1046]
[0,164,220,1046]
[0,93,164,220,302,529,682,792,984,1046]
[0,93,164,220,302,479,529,682,792,984,1046]
[0,93,220,529,682,792,1046]
[0,164,220,529,660,792,1046]
[0,164,792,1046]
[0,327,660,792,1046]
[0,479,719,984,1046]
[0,327,682,1046]
[0,164,529,682,792,1046]
[0,220,719,1046]
[0,93,164,327,529,660,792,984,1046]
[0,164,479,682,1046]
[0,164,220,529,984,1046]
[0,93,327,529,682,792,1046]
[0,93,164,220,529,682,792,984,1046]
[0,164,220,529,660,792,984,1046]
[0,164,529,792,1046]
[0,220,479,719,984,1046]
[0,327,529,682,1046]
[0,719,1046]
[0,93,529,682,1046]
[0,479,1046]
