[0,718,785,936,981,1417,2017]
[0,981,1417,1633,2017]
[0,719,941,1200,1452,1633,1866,2017]
[0,719,969,1417,2017]
[0,718,2017]
[0,785,941,1452,2017]
[0,1417,1866,2017]
[0,214,981,1243,1417,1633,1866,2017]
[0,718,785,936,981,1452,2017]
[0,718,785,1417,2017]
[0,719,941,1200,1452,1633,2017]
[0,214,785,1243,1417,2017]
[0,936,1452,2017]
[0,941,1452,1866,2017]
[0,785,1417,2017]
[0,1243,1417,1866,2017]
[0,969,1417,2017]
[0,718,785,936,1417,2017]
[0,214,1243,1417,1866,2017]
[0,785,936,1417,2017]
[0,718,785,941,1452,1866,2017]
[0,718,1243,1417,2017]
[0,718,785,1243,1417,1866,2017]
[0,785,936,981,2017]
[0,981,1417,2017]
[0,1452,2017]
[0,719,2017]
[0,785,2017]
[0,214,718,785,1243,1417,1866,2017]
[0,719,1452,1633,2017]
[0,1243,1417,2017]
[0,214,785,1417,2017]
[0,785,936,1452,2017]
[0,214,1243,1417,2017]
[0,310,941,1452,2017]
[0,941,2017]
[0,941,1200,1452,1633,1866,2017]
[0,718,785,2017]
[0,718,785,941,1452,2017]
[0,310,1452,2017]
[0,214,981,1417,1633,2017]
[0,941,1200,1452,1633,2017]
[0,719,1200,1452,1633,2017]
[0,941,1200,1452,1866,2017]
[0,214,981,1243,1417,1633,2017]
[0,936,2017]
[0,1510,2017]
[0,936,981,2017]
[0,214,981,1243,1417,1866,2017]
[0,785,1452,2017]
[0,214,1417,2017]
[0,718,785,1417,1866,2017]
[0,785,1417,1866,2017]
[0,718,785,941,2017]
[0,718,1243,1417,1866,2017]
[0,718,785,936,981,2017]
[0,310,941,1200,1452,1633,2017]
[0,718,785,936,1452,2017]
[0,214,981,1417,2017]
[0,719,941,1200,1452,2017]
[0,310,941,1200,1452,2017]
[0,1417,2017]
[0,719,1200,1452,2017]
[0,1452,1866,2017]
[0,785,941,2017]
[0,719,1452,2017]
[0,941,1452,2017]
[0,214,785,1243,1417,1866,2017]
[0,941,1200,1452,2017]
[0,718,785,936,2017]
[0,719,1200,1452,1633,1866,2017]
[0,719,1452,1866,2017]
[0,718,1417,2017]
[0,785,936,2017]
[0,785,941,1452,1866,2017]
[0,719,1452,1633,1866,2017]
[0,214,981,1243,1417,2017]
[0,310,941,1200,1452,1633,1866,2017]
