[0,228,558,830,1018,1256,1343]
[0,228,760,830,941,1018,1069,1209,1256,1343]
[0,228,760,1343]
[0,481,732,1018,1343]
[0,228,760,830,1018,1343]
[0,228,558,941,1018,1256,1343]
[0,228,481,942,1343]
[0,228,732,830,941,1018,1069,1343]
[0,481,1018,1343]
[0,228,481,941,1018,1343]
[0,228,481,760,830,941,1018,1343]
[0,228,481,993,1256,1343]
[0,228,481,732,1018,1343]
[0,228,558,830,941,1018,1256,1343]
[0,228,558,1018,1256,1343]
[0,228,481,732,830,941,1018,1256,1343]
[0,228,760,830,941,1018,1069,1256,1343]
[0,228,558,830,941,1018,1343]
[0,228,760,830,941,1018,1069,1343]
[0,228,760,830,941,1018,1343]
[0,228,760,830,941,1018,1256,1343]
[0,228,481,830,941,1018,1343]
[0,228,481,760,830,941,1018,1069,1209,1256,1343]
[0,228,481,760,830,941,1018,1256,1343]
[0,228,481,784,993,1343]
[0,228,760,1018,1256,1343]
[0,228,732,830,1018,1256,1343]
[0,228,481,830,1018,1256,1343]
[0,558,1343]
[0,228,558,941,1018,1069,1256,1343]
[0,228,481,732,830,941,1018,1069,1256,1343]
[0,228,1343]
[0,481,942,1343]
[0,760,1018,1343]
[0,228,732,941,1018,1069,1343]
[0,228,558,1343]
[0,228,941,1018,1069,1343]
[0,228,481,941,1018,1256,1343]
[0,228,1018,1343]
[0,732,1343]
[0,228,481,732,830,941,1018,1069,1209,1256,1343]
[0,481,1343]
[0,228,481,732,830,941,1018,1343]
[0,228,760,941,1018,1343]
[0,481,942,1256,1343]
[0,228,732,1343]
[0,228,481,1343]
[0,228,481,993,1343]
[0,228,481,830,941,1018,1256,1343]
[0,481,941,1343]
[0,760,1343]
[0,228,558,941,1018,1069,1343]
[0,228,481,941,1018,1069,1209,1256,1343]
[0,228,732,830,941,1018,1256,1343]
[0,228,941,1018,1343]
[0,228,732,830,941,1018,1343]
[0,228,481,941,1018,1069,1256,1343]
[0,228,481,830,1256,1343]
[0,228,558,830,941,1018,1069,1209,1256,1343]
[0,228,558,941,1018,1343]
[0,228,481,1018,1256,1343]
[0,228,481,732,830,1018,1343]
[0,228,558,830,941,1018,1069,1343]
[0,228,558,1018,1069,1343]
[0,228,481,732,830,941,1018,1069,1343]
[0,228,732,1018,1343]
[0,228,481,760,830,941,1018,1069,1343]
[0,228,732,1018,1256,1343]
[0,228,481,830,1018,1343]
[0,228,558,830,941,1018,1069,1256,1343]
[0,228,558,1018,1343]
[0,228,481,1256,1343]
[0,228,481,784,993,1256,1343]
[0,228,558,941,1018,1069,1209,1256,1343]
[0,481,993,1343]
[0,228,481,942,1256,1343]
[0,228,481,732,830,1018,1256,1343]
[0,228,732,830,1018,1343]
[0,228,481,941,1018,1069,1343]
[0,481,830,1343]
[0,228,481,941,1343]
[0,228,732,830,941,1018,1069,1209,1256,1343]
[0,228,481,1018,1343]
[0,228,732,941,1018,1343]
[0,228,760,941,1018,1256,1343]
[0,228,732,830,941,1018,1069,1256,1343]
[0,228,558,830,1018,1343]
[0,1018,1343]
[0,228,760,1018,1343]
[0,228,481,760,830,941,1018,1069,1256,1343]
[0,228,481,732,1018,1256,1343]
[0,732,1018,1343]
[0,228,481,830,1343]
[0,558,1018,1343]
[0,228,481,941,1256,1343]
