[0,220,401,478,608,846,1169,1729,1918,2017]
[0,220,401,846,1169,2017]
[0,220,401,846,1169,1918,2017]
[0,401,1169,2017]
[0,220,401,608,846,1169,1729,1918,2017]
[0,199,401,608,852,1174,1729,2017]
[0,401,2017]
[0,1169,2017]
[0,401,608,852,1174,1729,2017]
[0,199,401,852,1174,1729,2017]
[0,199,401,852,1174,2017]
[0,220,401,608,846,1169,1729,2017]
[0,401,846,1169,2017]
[0,401,852,1174,1729,2017]
[0,401,846,1169,1729,2017]
[0,220,401,846,1169,1729,1918,2017]
[0,199,401,608,852,1174,1729,1918,2017]
[0,199,401,478,852,1174,1729,1918,2017]
[0,401,852,1174,2017]
[0,401,846,1174,2017]
[0,401,1174,2017]
[0,220,401,478,846,1169,1729,1918,2017]
[0,220,401,846,1169,1729,2017]
[0,401,1284,2017]
[0,1284,2017]
[0,199,401,852,1174,1729,1918,2017]
[0,199,401,852,1174,1918,2017]
[0,199,401,478,608,852,1174,1729,1918,2017]
[0,1174,2017]
[0,401,608,846,1169,1729,2017]
