[0,574,1351,2334,2759]
[0,1563,2759]
[0,1146,1563,2759]
[0,453,610,945,1146,1563,1932,2026,2363,2759]
[0,453,610,945,1146,1405,1563,2026,2363,2759]
[0,453,610,945,1146,1563,1932,2026,2280,2363,2759]
[0,453,945,1146,1563,2026,2280,2363,2759]
[0,997,2759]
[0,453,1146,1563,2759]
[0,453,1146,2026,2363,2759]
[0,1351,2759]
[0,453,1563,2334,2759]
[0,997,1438,2334,2759]
[0,453,610,945,1146,1405,1563,1932,2026,2280,2363,2759]
[0,574,1351,2000,2334,2759]
[0,945,1146,2363,2759]
[0,453,997,1438,2000,2334,2759]
[0,1146,1563,2363,2759]
[0,453,1146,2759]
[0,574,1351,2759]
[0,453,610,945,1146,1405,1563,1932,2026,2363,2759]
[0,997,2000,2759]
[0,945,1146,2026,2363,2759]
[0,453,945,1146,1563,2026,2363,2759]
[0,453,997,1438,2759]
[0,1146,2759]
[0,1146,2000,2363,2759]
[0,997,2000,2334,2759]
[0,453,1146,1563,2000,2363,2759]
[0,1146,2000,2759]
[0,574,1366,2759]
[0,1146,2363,2759]
[0,1146,1563,2334,2759]
[0,1146,2000,2334,2759]
[0,453,1146,2000,2363,2759]
[0,453,1438,2759]
[0,1146,2026,2759]
[0,1366,2759]
[0,453,1146,1563,2363,2759]
[0,453,1146,2000,2334,2759]
[0,997,1438,2759]
[0,453,1146,2000,2759]
[0,453,945,1146,1563,1932,2026,2363,2759]
[0,453,1146,1563,2000,2334,2759]
[0,453,1146,1563,2334,2759]
[0,1146,2026,2363,2759]
[0,453,1146,1563,2026,2363,2759]
[0,1146,2334,2759]
[0,453,945,1146,1563,1932,2026,2280,2363,2759]
[0,453,1563,2759]
[0,1351,2000,2334,2759]
[0,997,1438,2000,2334,2759]
[0,945,2759]
[0,453,997,1438,2334,2759]
[0,1438,2759]
[0,1351,2334,2759]
[0,453,1146,2026,2759]
[0,453,610,945,1146,1563,2026,2363,2759]
[0,453,945,1146,1405,1563,2026,2363,2759]
