[0,537,976,1242,1374,1642]
[0,544,976,1642]
[0,1374,1642]
[0,202,976,1374,1642]
[0,537,976,1124,1268,1374,1642]
[0,537,976,1374,1475,1578,1642]
[0,537,976,1124,1268,1374,1475,1563,1642]
[0,537,976,1642]
[0,544,1642]
[0,138,349,537,976,1124,1374,1642]
[0,1292,1642]
[0,537,976,1124,1268,1374,1475,1578,1642]
[0,138,537,976,1374,1642]
[0,537,976,1242,1642]
[0,138,349,537,976,1124,1268,1374,1475,1563,1642]
[0,138,537,976,1124,1268,1374,1475,1642]
[0,537,1642]
[0,138,349,537,976,1124,1268,1374,1475,1642]
[0,202,1374,1642]
[0,537,976,1124,1374,1475,1642]
[0,544,976,1242,1374,1642]
[0,138,537,976,1124,1268,1374,1475,1563,1642]
[0,138,537,976,1124,1268,1374,1642]
[0,537,976,1124,1374,1475,1563,1642]
[0,537,976,1124,1268,1374,1475,1642]
[0,976,1374,1642]
[0,259,1642]
[0,259,1292,1642]
[0,537,976,1124,1374,1642]
[0,349,537,976,1374,1642]
[0,537,976,1124,1268,1374,1578,1642]
[0,537,976,1374,1475,1642]
[0,537,976,1374,1475,1563,1642]
[0,537,976,1124,1374,1475,1578,1642]
[0,349,537,976,1124,1374,1642]
[0,544,976,1242,1642]
[0,976,1642]
[0,537,976,1374,1642]
[0,138,349,537,976,1124,1268,1374,1642]
[0,138,537,976,1124,1374,1642]
