[0,1133,1306,1421,2371,2812]
[0,1133,2812]
[0,1130,1975,2371,2812]
[0,1288,2812]
[0,830,1141,1725,2311,2812]
[0,830,1141,1288,1725,2311,2812]
[0,1141,1288,1725,2311,2812]
[0,512,2812]
[0,1288,2371,2812]
[0,512,1421,2812]
[0,1133,2371,2812]
[0,1141,1725,2812]
[0,830,1141,1288,1421,2311,2812]
[0,1130,2371,2812]
[0,830,1141,2311,2812]
[0,1421,2812]
[0,1133,1975,2371,2812]
[0,830,1141,1288,1725,1975,2311,2812]
[0,830,1141,1288,2311,2812]
[0,830,1141,1725,1975,2311,2812]
[0,1130,2812]
[0,1133,1725,1975,2371,2812]
[0,1130,1332,1725,1975,2371,2812]
[0,1141,2311,2812]
[0,1141,1288,1421,2311,2812]
[0,1141,1288,2311,2812]
[0,1130,1725,1975,2371,2812]
[0,1288,1975,2812]
[0,1133,1306,2371,2812]
[0,1141,1975,2812]
[0,1141,2812]
[0,1133,1332,1725,1975,2371,2812]
[0,1141,1725,2311,2812]
