[0,283,576,820,1263,1508,1899,2017]
[0,576,1263,1899,2017]
[0,233,883,1705,2017]
[0,283,576,820,1006,1263,1508,1899,2017]
[0,883,1705,2017]
[0,283,576,820,1006,1263,1508,2017]
[0,820,1263,1899,2017]
[0,820,1222,1899,2017]
[0,820,1006,1508,2017]
[0,623,820,1222,1508,1777,2017]
[0,821,1845,2017]
[0,63,283,576,820,1006,1263,1508,1899,2017]
[0,883,2017]
[0,820,1006,2017]
[0,283,576,1263,1508,2017]
[0,576,1899,2017]
[0,820,1222,1508,1899,2017]
[0,821,2017]
[0,820,1161,1508,1845,2017]
[0,63,283,400,820,1006,1263,1508,1899,2017]
[0,400,820,1263,2017]
[0,820,1006,1508,1899,2017]
[0,461,623,820,1222,1508,1777,2017]
[0,400,820,1263,1508,2017]
[0,820,1263,1508,1899,2017]
[0,576,1263,2017]
[0,820,1263,2017]
[0,820,1899,2017]
[0,283,400,820,1006,1263,1508,1899,2017]
[0,1263,2017]
[0,820,1006,1263,1508,1899,2017]
[0,283,576,820,1263,1508,2017]
[0,283,576,820,1263,2017]
[0,820,1222,1508,1777,2017]
[0,820,1006,1899,2017]
[0,576,1263,1508,1899,2017]
[0,820,1222,1845,2017]
[0,623,820,1006,1222,1508,1777,2017]
[0,576,2017]
[0,233,883,2017]
[0,576,1263,1508,2017]
[0,820,1222,1508,1845,2017]
[0,820,1161,1845,2017]
[0,820,1006,1263,1508,2017]
[0,820,1222,1508,2017]
[0,820,1161,1508,2017]
[0,820,1161,2017]
[0,283,576,1263,2017]
[0,461,623,820,1006,1222,1508,1777,2017]
[0,820,1263,1508,2017]
[0,820,2017]
[0,400,820,1006,1263,1508,2017]
[0,820,1845,2017]
[0,283,576,1263,1508,1899,2017]
[0,820,1222,2017]
[0,400,820,1006,1263,1508,1899,2017]
[0,820,1508,2017]
