[0,416,1911]
[0,409,1528,1911]
[0,206,409,1528,1785,1911]
[0,1528,1785,1911]
[0,206,416,1528,1911]
[0,1596,1911]
[0,409,1585,1911]
[0,206,409,1578,1785,1911]
[0,206,463,1528,1911]
[0,1578,1911]
[0,206,409,1553,1911]
[0,409,1528,1785,1911]
[0,409,1911]
[0,206,409,1553,1785,1911]
[0,357,1528,1785,1911]
[0,409,1578,1911]
[0,416,1553,1911]
[0,1553,1911]
[0,206,409,1528,1911]
[0,206,409,1585,1911]
[0,416,1528,1911]
[0,463,1528,1911]
[0,416,1528,1785,1911]
[0,206,409,1585,1785,1911]
[0,357,1528,1911]
[0,463,1528,1785,1911]
[0,409,1553,1911]
[0,463,1911]
[0,206,416,1528,1785,1911]
[0,206,409,1578,1911]
[0,206,416,1553,1911]
[0,206,416,1553,1785,1911]
[0,1528,1911]
[0,206,463,1528,1785,1911]
[0,1585,1911]
[0,1785,1911]
