[0,53,345,686,802,1072,1462,1608,2017]
[0,53,310,686,802,1145,1271,1462,1608,2017]
[0,53,690,2017]
[0,200,690,2017]
[0,686,942,2017]
[0,310,686,942,2017]
[0,310,690,2017]
[0,686,1168,1462,2017]
[0,53,345,686,1072,1323,2017]
[0,686,1072,1462,2017]
[0,53,310,686,802,1168,1462,1608,2017]
[0,686,1072,1323,2017]
[0,345,686,2017]
[0,686,1168,2017]
[0,53,686,942,2017]
[0,53,686,802,1168,1462,1608,2017]
[0,345,686,1072,1462,2017]
[0,686,1072,1462,1608,2017]
[0,345,686,1072,1462,1608,2017]
[0,310,686,1168,1462,1608,2017]
[0,345,686,1072,1323,2017]
[0,686,802,1145,1271,1462,1608,2017]
[0,310,686,1168,2017]
[0,53,686,802,1072,1462,1608,2017]
[0,53,310,690,2017]
[0,53,345,572,686,802,1072,1462,1608,2017]
[0,690,1462,2017]
[0,686,1168,1462,1608,2017]
[0,53,686,802,1145,1271,1462,1608,2017]
[0,53,345,686,2017]
[0,310,572,686,802,1145,1271,1462,1608,2017]
[0,310,686,802,1168,1462,1608,2017]
[0,686,802,1168,1462,1608,2017]
[0,686,1145,1462,1608,2017]
[0,310,690,1193,2017]
[0,686,802,1462,1608,2017]
[0,686,802,2017]
[0,686,1145,1462,2017]
[0,310,686,1145,1462,1608,2017]
[0,686,1462,2017]
[0,686,2017]
[0,686,1145,2017]
[0,345,686,1072,2017]
[0,53,310,690,1193,2017]
[0,690,1193,2017]
[0,53,310,572,686,802,1145,1271,1462,1608,2017]
[0,686,1145,1271,1462,1608,2017]
[0,686,802,1462,2017]
[0,310,686,802,1145,1271,1462,1608,2017]
[0,200,690,1462,2017]
[0,53,686,2017]
[0,686,1462,1608,2017]
[0,345,686,802,1072,1462,1608,2017]
[0,53,310,686,942,2017]
[0,686,802,1145,1462,1608,2017]
[0,686,1072,2017]
[0,310,686,1168,1462,2017]
[0,690,2017]
[0,345,572,686,802,1072,1462,1608,2017]
[0,310,686,2017]
[0,53,686,1072,1323,2017]
[0,686,802,1072,1462,1608,2017]
[0,310,686,1145,1462,2017]
[0,310,686,1145,1271,1462,1608,2017]
