[0,212,382,573,708,904,1046]
[0,342,412,573,1046]
[0,342,412,573,708,904,1046]
[0,342,412,573,904,953,1046]
[0,342,412,1046]
[0,362,618,1046]
[0,362,618,928,1046]
[0,362,1046]
[0,412,573,953,1046]
[0,412,904,1046]
[0,342,1046]
[0,212,1046]
[0,212,382,1046]
[0,342,953,1046]
[0,212,382,928,1046]
[0,362,928,1046]
[0,573,1046]
[0,79,212,382,573,708,904,953,1046]
[0,412,1046]
[0,382,573,708,904,953,1046]
[0,342,412,573,953,1046]
[0,412,573,904,1046]
[0,412,573,618,1046]
[0,212,382,573,708,904,953,1046]
[0,342,412,573,618,904,953,1046]
[0,412,573,708,1046]
[0,573,708,904,953,1046]
[0,412,573,708,904,1046]
[0,412,573,1046]
[0,342,412,573,618,904,1046]
[0,212,382,573,708,1046]
[0,212,382,573,904,1046]
[0,212,382,573,1046]
[0,342,412,573,618,1046]
[0,382,573,708,1046]
[0,382,573,904,1046]
[0,573,708,904,1046]
[0,342,412,573,708,904,953,1046]
[0,573,953,1046]
[0,904,1046]
[0,342,412,573,904,1046]
[0,573,618,1046]
[0,573,708,1046]
[0,573,904,1046]
[0,342,412,573,708,1046]
[0,79,212,382,573,708,904,1046]
[0,382,573,708,904,1046]
[0,382,573,1046]
[0,342,412,573,618,708,904,953,1046]
