[0,556,766,855,1046]
[0,159,556,716,766,855,922,984,1046]
[0,159,556,716,766,855,984,1046]
[0,556,1046]
[0,556,766,1046]
[0,337,554,1046]
[0,159,337,554,766,1046]
[0,159,554,766,1046]
[0,80,556,766,855,922,984,1046]
[0,159,556,766,855,984,1046]
[0,159,556,766,1046]
[0,556,766,984,1046]
[0,556,766,855,984,1046]
[0,554,766,855,1046]
[0,80,556,716,766,855,984,1046]
[0,159,337,554,766,855,1046]
[0,554,766,855,922,984,1046]
[0,159,337,554,766,855,984,1046]
[0,80,556,716,766,855,922,984,1046]
[0,337,554,766,1046]
[0,555,1046]
[0,554,766,1046]
[0,159,337,554,766,855,922,984,1046]
[0,554,766,855,984,1046]
[0,159,554,716,766,855,984,1046]
[0,554,716,766,855,984,1046]
[0,159,554,766,855,984,1046]
[0,159,554,716,766,855,922,984,1046]
[0,159,554,766,855,1046]
[0,554,716,766,855,922,984,1046]
[0,80,556,766,855,1046]
[0,159,554,766,855,922,984,1046]
[0,159,556,766,855,922,984,1046]
[0,159,556,766,855,1046]
[0,554,766,984,1046]
[0,159,337,554,716,766,855,922,984,1046]
[0,554,1046]
[0,80,556,766,855,984,1046]
