[0,121,211,329,507,599,659,969]
[0,129,490,969]
[0,211,507,969]
[0,121,329,507,599,969]
[0,121,507,599,969]
[0,728,969]
[0,51,121,329,507,599,659,969]
[0,51,129,490,599,969]
[0,51,121,507,969]
[0,51,129,490,969]
[0,129,329,969]
[0,51,129,329,969]
[0,51,490,969]
[0,51,211,329,507,969]
[0,490,969]
[0,51,329,969]
[0,121,533,969]
[0,329,969]
[0,51,121,211,329,969]
[0,507,969]
[0,51,129,211,329,490,599,969]
[0,51,121,211,329,507,969]
[0,51,129,211,329,490,599,659,969]
[0,129,211,329,490,599,659,969]
[0,129,211,329,490,599,969]
[0,51,507,969]
[0,51,121,507,599,659,969]
[0,51,969]
[0,129,329,490,599,969]
[0,121,211,329,969]
[0,490,728,969]
[0,77,969]
[0,51,121,211,329,507,599,659,969]
[0,51,134,329,490,969]
[0,134,969]
[0,121,507,599,659,969]
[0,211,969]
[0,129,329,490,728,969]
[0,129,490,599,728,969]
[0,51,129,211,329,490,599,728,969]
[0,329,728,969]
[0,51,121,329,969]
[0,121,507,969]
[0,479,969]
[0,129,969]
[0,51,129,211,329,969]
[0,129,211,329,490,599,728,969]
[0,329,490,969]
[0,129,490,728,969]
[0,121,211,329,507,599,969]
[0,129,329,490,969]
[0,129,329,490,599,728,969]
[0,129,490,599,659,969]
[0,121,329,507,599,659,969]
[0,77,490,969]
[0,129,211,329,490,969]
[0,129,329,490,599,659,969]
[0,329,507,969]
[0,51,211,329,969]
[0,51,129,329,490,599,659,969]
[0,121,329,507,969]
[0,211,329,507,969]
[0,134,490,969]
[0,533,969]
[0,51,134,490,969]
[0,77,507,969]
[0,121,479,969]
[0,134,329,490,969]
[0,51,121,507,599,969]
[0,51,129,490,599,659,969]
[0,211,329,969]
[0,121,211,329,507,969]
[0,129,490,599,969]
[0,129,211,329,969]
[0,51,121,969]
[0,51,129,211,329,490,969]
[0,121,969]
[0,329,490,728,969]
[0,121,329,969]
