[0,126,277,716,1009,1207,1318,1465]
[0,126,277,716,986,1207,1465]
[0,277,716,1009,1207,1318,1465]
[0,716,1216,1465]
[0,277,716,986,1207,1465]
[0,126,277,716,986,1099,1207,1318,1465]
[0,277,716,1009,1099,1207,1318,1465]
[0,126,277,716,1009,1207,1465]
[0,716,1207,1465]
[0,716,986,1207,1318,1465]
[0,716,1009,1099,1207,1318,1465]
[0,277,716,986,1207,1318,1465]
[0,277,716,986,1099,1207,1318,1465]
[0,716,986,1099,1207,1318,1465]
[0,716,1009,1099,1207,1465]
[0,126,277,716,986,1207,1318,1465]
[0,716,1009,1207,1465]
[0,674,1207,1465]
[0,277,716,1465]
[0,716,1009,1207,1318,1465]
[0,277,716,1207,1465]
[0,716,1465]
[0,126,277,716,1009,1099,1207,1318,1465]
[0,716,986,1207,1465]
[0,716,986,1099,1207,1465]
[0,277,716,1009,1207,1465]
[0,674,1465]
