[0,336,613,1419]
[0,405,613,1186,1419]
[0,504,783,1419]
[0,504,783,1186,1419]
[0,336,1186,1419]
[0,1186,1419]
[0,504,784,1186,1419]
[0,504,613,784,1186,1419]
[0,347,613,784,1186,1419]
[0,347,504,613,784,1186,1419]
[0,613,784,1186,1419]
[0,336,613,784,1186,1419]
[0,347,1186,1419]
[0,405,613,784,1186,1419]
[0,336,1419]
[0,347,1419]
[0,405,1186,1419]
[0,336,504,613,784,1186,1419]
[0,504,1186,1419]
[0,347,613,1186,1419]
[0,336,613,1186,1419]
[0,504,784,1419]
[0,613,1419]
[0,405,1419]
[0,613,1186,1419]
[0,504,1419]
[0,347,613,1419]
