[0,683,809,948,1223,1560,1731,2017]
[0,89,1223,1731,2017]
[0,948,1223,1560,1731,2017]
[0,89,948,1560,1731,2017]
[0,683,1731,2017]
[0,89,598,1223,1731,2017]
[0,409,683,948,1731,2017]
[0,683,1223,1560,1731,2017]
[0,1110,1731,2017]
[0,598,1223,1731,2017]
[0,1223,1731,2017]
[0,89,409,683,809,948,1223,1560,1731,2017]
[0,89,948,2017]
[0,89,683,948,1731,2017]
[0,598,1223,2017]
[0,89,409,683,1223,1560,1731,2017]
[0,1223,1560,1731,2017]
[0,89,683,809,948,1560,1731,2017]
[0,89,683,809,948,1223,1560,1731,2017]
[0,510,948,1223,1560,1731,2017]
[0,89,1223,2017]
[0,409,683,1223,1560,1731,2017]
[0,1276,2017]
[0,948,1223,1731,2017]
[0,948,1560,1731,2017]
[0,1223,2017]
[0,510,948,2017]
[0,126,1276,2017]
[0,89,948,1223,1560,1731,2017]
[0,89,683,1223,1560,1731,2017]
[0,89,683,2017]
[0,409,683,1223,1731,2017]
[0,683,1223,2017]
[0,89,683,1560,1731,2017]
[0,683,1223,1731,2017]
[0,89,683,1731,2017]
[0,92,1110,2017]
[0,683,1560,1731,2017]
[0,409,683,948,1223,1731,2017]
[0,683,948,1731,2017]
[0,683,809,948,1560,1731,2017]
[0,409,683,1731,2017]
[0,409,683,809,948,1560,1731,2017]
[0,409,683,948,1560,1731,2017]
[0,683,948,1223,1560,1731,2017]
[0,683,948,1223,1731,2017]
[0,948,1731,2017]
[0,683,948,1560,1731,2017]
[0,89,510,948,1731,2017]
[0,92,1110,1731,2017]
[0,89,510,948,1223,1560,1731,2017]
[0,409,683,948,1223,1560,1731,2017]
[0,409,683,1560,1731,2017]
[0,409,683,809,948,1223,1560,1731,2017]
[0,948,2017]
[0,89,683,948,1560,1731,2017]
[0,510,948,1731,2017]
[0,510,948,1223,1731,2017]
[0,89,948,1731,2017]
[0,683,2017]
[0,1110,2017]
