[0,503,758,932,1109,1359,1748,1877,2017]
[0,503,1109,1359,1748,2017]
[0,1508,2017]
[0,503,758,932,1748,2017]
[0,503,758,932,1055,1508,2017]
[0,503,1109,1748,2017]
[0,503,758,932,1109,2017]
[0,503,758,932,1109,1359,2017]
[0,503,758,932,1748,1877,2017]
[0,503,758,1508,1748,2017]
[0,503,631,758,932,1109,1359,1748,1877,2017]
[0,503,631,758,932,1109,1359,1748,2017]
[0,711,2017]
[0,503,758,932,1055,1508,1748,1877,2017]
[0,503,758,932,2017]
[0,503,1005,1176,1748,2017]
[0,503,1055,1508,1748,2017]
[0,503,1109,2017]
[0,503,932,1109,1359,2017]
[0,503,616,758,932,1055,1508,1748,1877,2017]
[0,1109,2017]
[0,503,1055,1508,2017]
[0,503,1005,1176,2017]
[0,503,758,932,1055,1508,1748,2017]
[0,503,932,1055,2017]
[0,758,1508,2017]
[0,503,758,932,1508,1748,1877,2017]
[0,503,758,1748,2017]
[0,503,758,932,1508,1748,2017]
[0,503,758,1508,2017]
[0,503,616,758,932,1055,1508,1748,2017]
[0,503,1005,2017]
[0,503,932,1109,1359,1748,2017]
[0,503,1176,1748,2017]
[0,932,2017]
[0,657,2017]
[0,503,2017]
[0,503,1109,1359,2017]
[0,503,758,932,1109,1359,1748,2017]
[0,503,932,1109,2017]
[0,503,758,932,1055,2017]
[0,503,758,2017]
[0,657,1055,2017]
[0,503,1176,2017]
[0,503,1055,2017]
[0,758,2017]
[0,503,1748,2017]
[0,503,616,758,932,1109,1359,1748,2017]
[0,1055,2017]
[0,503,758,932,1508,2017]
[0,503,1508,2017]
[0,1176,2017]
