[0,78,232,319,364,418,557,642,702,922]
[0,232,369,612,922]
[0,78,232,565,922]
[0,78,232,364,418,642,755,922]
[0,78,232,364,418,612,922]
[0,232,364,418,612,922]
[0,78,232,369,612,922]
[0,78,232,364,418,642,702,922]
[0,232,612,922]
[0,78,232,364,642,702,922]
[0,232,364,565,755,922]
[0,232,364,612,922]
[0,78,232,364,418,557,642,755,922]
[0,612,922]
[0,78,232,364,418,557,642,702,922]
[0,78,232,364,565,755,922]
[0,78,232,319,364,418,565,612,755,922]
[0,197,364,612,922]
[0,232,364,418,922]
[0,78,232,319,364,418,565,755,922]
[0,232,369,612,755,922]
[0,78,232,364,418,565,755,922]
[0,197,364,922]
[0,78,232,364,557,642,702,922]
[0,232,550,922]
[0,78,232,364,922]
[0,232,642,922]
[0,550,922]
[0,78,232,364,418,565,922]
[0,78,232,364,557,642,755,922]
[0,232,364,565,922]
[0,232,612,755,922]
[0,232,364,642,922]
[0,232,364,418,565,922]
[0,78,232,364,418,642,922]
[0,232,364,418,642,922]
[0,232,565,922]
[0,197,612,922]
[0,565,922]
[0,642,922]
[0,232,364,642,755,922]
[0,78,232,364,612,922]
[0,78,232,612,922]
[0,78,232,364,642,922]
[0,232,364,922]
[0,78,232,364,557,642,922]
[0,78,232,369,612,755,922]
[0,232,364,557,642,755,922]
[0,232,565,755,922]
[0,78,232,319,364,418,565,922]
[0,78,232,319,364,418,557,642,755,922]
[0,78,232,364,418,565,612,755,922]
[0,232,922]
[0,197,922]
[0,78,232,642,922]
[0,364,922]
[0,232,364,557,642,922]
[0,78,232,364,642,755,922]
[0,78,232,364,565,922]
