[0,194,511,704,842,997]
[0,194,308,567,704,997]
[0,194,296,567,704,997]
[0,842,997]
[0,194,308,519,842,997]
[0,194,308,456,567,997]
[0,194,308,519,704,842,997]
[0,194,511,704,997]
[0,199,485,704,997]
[0,194,337,567,704,997]
[0,48,194,308,456,567,916,997]
[0,194,567,997]
[0,48,194,296,456,567,916,997]
[0,194,296,478,704,997]
[0,48,194,296,456,567,704,916,997]
[0,194,567,704,916,997]
[0,194,308,567,997]
[0,194,519,842,997]
[0,199,485,704,842,997]
[0,194,296,704,842,997]
[0,194,337,456,567,704,916,997]
[0,194,567,704,997]
[0,194,337,567,704,842,997]
[0,131,194,308,456,567,704,916,997]
[0,194,478,704,997]
[0,48,194,567,704,916,997]
[0,194,308,456,567,842,997]
[0,194,296,337,478,704,997]
[0,567,842,997]
[0,194,296,337,478,704,842,997]
[0,194,308,567,916,997]
[0,704,997]
[0,194,456,567,997]
[0,194,308,456,567,704,916,997]
[0,194,519,704,842,997]
[0,48,194,308,456,567,842,997]
[0,478,704,997]
[0,194,478,704,842,997]
[0,194,704,997]
[0,48,194,567,916,997]
[0,48,194,337,456,567,704,916,997]
[0,131,194,296,478,704,842,997]
[0,194,337,456,567,704,997]
[0,567,997]
[0,194,567,916,997]
[0,194,308,704,997]
[0,194,337,704,997]
[0,194,296,704,997]
[0,194,308,456,567,704,997]
[0,194,456,567,704,997]
[0,48,194,337,567,704,916,997]
[0,199,519,997]
[0,194,308,567,704,842,997]
[0,194,296,478,704,842,997]
[0,48,194,308,456,567,704,842,997]
[0,194,296,456,567,704,997]
[0,194,296,567,997]
[0,131,194,296,337,478,704,842,997]
[0,194,308,511,704,842,997]
[0,48,194,296,567,916,997]
[0,194,337,567,842,997]
[0,194,308,567,842,997]
[0,194,296,456,567,997]
[0,194,308,456,567,704,842,997]
[0,48,194,308,567,842,997]
[0,194,308,704,842,997]
[0,48,194,308,456,567,704,916,997]
[0,194,704,842,997]
[0,194,296,456,567,704,916,997]
[0,194,567,842,997]
[0,194,337,567,704,916,997]
[0,194,519,997]
[0,194,567,704,842,997]
[0,194,308,456,567,916,997]
[0,194,296,456,567,916,997]
[0,194,296,567,916,997]
[0,567,916,997]
[0,199,519,842,997]
[0,485,704,997]
[0,519,997]
[0,48,194,308,567,916,997]
