[0,784,2232,2898,3425,4758]
[0,784,2898,3694,4758]
[0,784,2232,2981,3694,4758]
[0,356,784,2232,2898,3425,4758]
[0,2232,2898,3479,4758]
[0,2898,4758]
[0,356,784,2898,3654,4758]
[0,356,784,2898,3425,4758]
[0,356,784,2232,2981,3694,4758]
[0,2232,2898,4758]
[0,784,2898,3654,4758]
[0,784,2898,3425,4758]
[0,784,2898,4758]
[0,2898,3694,4758]
[0,784,2981,3694,4758]
[0,784,2232,2981,3654,4758]
[0,356,784,2232,2981,3654,4758]
[0,314,784,2898,3694,4758]
[0,2957,4758]
[0,784,2232,2898,4758]
[0,314,784,4758]
[0,2981,4758]
[0,524,784,2898,3694,4758]
[0,784,2232,2898,3479,4758]
[0,784,2957,4758]
[0,784,2981,3654,4758]
[0,2232,2898,3694,4758]
[0,784,2981,4758]
[0,314,784,2898,4758]
[0,784,2232,2957,4758]
[0,2898,3654,4758]
[0,524,784,2898,4758]
[0,784,2232,2981,4758]
[0,356,784,2232,2898,3479,4758]
[0,784,2232,2957,3479,4758]
[0,784,4758]
[0,524,784,2232,2898,3694,4758]
[0,784,2232,2898,3694,4758]
[0,3075,4758]
[0,356,784,2232,2957,3479,4758]
[0,524,784,4758]
[0,314,784,2232,2898,3694,4758]
[0,356,784,2232,2898,3694,4758]
[0,784,2957,3479,4758]
