[0,203,492,1586,1911]
[0,431,1586,1911]
[0,431,1589,1911]
[0,203,430,1586,1911]
[0,204,431,1586,1911]
[0,426,1911]
[0,426,1589,1911]
[0,492,1911]
[0,1589,1911]
[0,203,308,431,1586,1780,1911]
[0,203,431,1586,1911]
[0,203,492,1586,1780,1911]
[0,430,1911]
[0,204,431,1586,1780,1911]
[0,203,430,606,1586,1911]
[0,308,492,1586,1780,1911]
[0,204,431,1589,1911]
[0,203,308,430,492,1586,1780,1911]
[0,203,308,430,606,1586,1780,1911]
[0,492,1586,1911]
[0,203,431,1586,1780,1911]
[0,308,492,1586,1911]
[0,431,1911]
[0,203,430,606,1586,1780,1911]
[0,430,1586,1911]
[0,1586,1911]
[0,203,308,430,1586,1780,1911]
[0,203,430,1586,1780,1911]
