[0,218,709,993,1249]
[0,218,1249]
[0,251,1249]
[0,54,218,709,894,993,1249]
[0,218,714,1116,1249]
[0,54,218,714,1116,1249]
[0,709,985,1249]
[0,900,1249]
[0,714,1249]
[0,218,714,894,993,1249]
[0,218,709,985,1249]
[0,251,714,993,1249]
[0,218,709,1249]
[0,218,714,883,993,1249]
[0,218,900,1249]
[0,54,218,714,883,993,1249]
[0,251,714,1249]
[0,714,993,1249]
[0,54,251,714,883,993,1249]
[0,251,714,883,993,1249]
[0,218,714,993,1249]
[0,54,218,714,894,993,1249]
[0,709,993,1249]
[0,709,1249]
[0,218,709,894,993,1249]
[0,218,714,1249]
