[0,584,845,1119,1642]
[0,560,845,933,1127,1642]
[0,559,845,933,1131,1642]
[0,559,1131,1642]
[0,559,845,1642]
[0,77,559,845,1127,1642]
[0,845,1127,1642]
[0,559,845,1131,1642]
[0,560,845,1642]
[0,77,559,845,933,976,1131,1186,1642]
[0,77,1642]
[0,77,559,845,1131,1642]
[0,584,1119,1642]
[0,77,559,845,933,976,1131,1642]
[0,1127,1642]
[0,77,584,1642]
[0,77,559,845,933,1131,1642]
[0,77,560,845,1127,1642]
[0,559,1642]
[0,560,845,1127,1642]
[0,560,1642]
[0,584,845,1642]
[0,77,559,845,1131,1186,1642]
[0,77,559,845,1642]
[0,584,1642]
[0,77,560,845,933,1002,1127,1642]
[0,77,584,845,1127,1642]
[0,584,845,1127,1642]
[0,77,560,845,933,1127,1642]
[0,559,845,1127,1642]
[0,77,559,845,933,1131,1186,1642]
[0,77,584,845,1119,1642]
