[0,211,1875]
[0,211,560,1875]
[0,220,391,560,926,1328,1504,1875]
[0,220,560,926,1328,1504,1875]
[0,211,560,936,1328,1504,1875]
[0,220,560,1504,1875]
[0,560,936,1504,1875]
[0,560,926,1504,1875]
[0,217,560,936,1328,1504,1875]
[0,211,560,936,1504,1875]
[0,211,379,560,936,1328,1504,1875]
[0,560,926,1875]
[0,217,560,1875]
[0,220,560,1875]
[0,560,1104,1875]
[0,217,1875]
[0,220,261,391,560,1104,1328,1504,1875]
[0,220,261,391,560,926,1328,1504,1875]
[0,217,560,936,1504,1875]
[0,220,560,936,1504,1875]
[0,220,560,1104,1328,1504,1875]
[0,211,261,379,560,936,1328,1504,1875]
[0,211,560,1328,1504,1875]
[0,560,1504,1875]
[0,560,1502,1875]
[0,560,1875]
[0,220,560,926,1504,1875]
[0,220,391,560,1328,1504,1875]
[0,220,560,926,1875]
[0,220,560,1104,1504,1875]
[0,217,560,1328,1504,1875]
[0,560,936,1875]
[0,313,1875]
[0,560,1104,1504,1875]
[0,217,560,1504,1875]
[0,220,560,1328,1504,1875]
[0,220,391,560,1104,1328,1504,1875]
[0,220,261,391,560,1328,1504,1875]
[0,220,560,1502,1875]
[0,211,560,1504,1875]
[0,220,1875]
[0,220,560,936,1328,1504,1875]
