[0,54,245,642,725,984,1249]
[0,237,725,1249]
[0,269,725,984,1249]
[0,114,257,725,984,1249]
[0,54,114,237,491,642,725,876,984,1249]
[0,114,257,642,725,861,984,1249]
[0,54,114,229,491,642,725,876,984,1249]
[0,114,237,725,984,1249]
[0,54,229,642,725,984,1249]
[0,114,229,725,984,1249]
[0,237,642,725,984,1249]
[0,114,237,491,725,876,984,1249]
[0,54,257,725,1249]
[0,54,245,725,1249]
[0,269,642,725,984,1249]
[0,257,642,725,984,1249]
[0,54,269,725,984,1249]
[0,54,229,725,1249]
[0,54,114,257,642,725,861,984,1249]
[0,491,725,984,1249]
[0,54,229,642,725,876,984,1249]
[0,114,269,491,642,725,984,1249]
[0,54,114,269,404,491,642,725,861,984,1249]
[0,54,269,725,1249]
[0,114,237,642,725,984,1249]
[0,229,642,725,984,1249]
[0,257,725,984,1249]
[0,114,229,642,725,984,1249]
[0,114,269,404,491,725,861,984,1249]
[0,245,642,725,984,1249]
[0,229,725,1249]
[0,269,725,861,984,1249]
[0,237,725,984,1249]
[0,114,269,404,725,861,984,1249]
[0,114,229,725,876,984,1249]
[0,114,237,642,725,876,984,1249]
[0,114,257,725,861,984,1249]
[0,114,229,491,725,984,1249]
[0,257,725,861,984,1249]
[0,229,725,984,1249]
[0,54,237,642,725,984,1249]
[0,54,114,269,642,725,984,1249]
[0,54,237,725,984,1249]
[0,269,491,725,984,1249]
[0,725,984,1249]
[0,54,237,725,1249]
[0,114,257,725,1249]
[0,269,404,725,861,984,1249]
[0,54,114,269,491,642,725,876,984,1249]
[0,114,269,404,491,642,725,861,984,1249]
[0,54,114,229,642,725,876,984,1249]
[0,114,237,491,725,984,1249]
[0,114,269,404,725,876,984,1249]
[0,54,114,269,491,642,725,984,1249]
[0,54,114,269,404,491,642,725,984,1249]
[0,114,269,642,725,984,1249]
[0,54,114,229,725,984,1249]
[0,114,269,404,491,642,725,876,984,1249]
[0,54,269,642,725,876,984,1249]
[0,54,114,269,642,725,876,984,1249]
[0,229,642,725,876,984,1249]
[0,237,491,725,984,1249]
[0,54,114,269,404,491,642,725,876,984,1249]
[0,114,269,725,876,984,1249]
[0,269,642,725,876,984,1249]
[0,257,725,1249]
[0,54,269,642,725,984,1249]
[0,269,725,876,984,1249]
[0,54,114,257,642,725,984,1249]
[0,245,725,1249]
[0,114,229,725,1249]
[0,114,269,404,725,984,1249]
[0,269,404,725,984,1249]
[0,245,725,984,1249]
[0,114,269,404,491,725,876,984,1249]
[0,114,237,725,876,984,1249]
[0,269,725,1249]
[0,114,269,404,491,725,984,1249]
[0,114,269,725,1249]
[0,54,257,642,725,984,1249]
[0,114,269,491,725,876,984,1249]
[0,114,269,725,984,1249]
[0,54,229,725,984,1249]
[0,229,491,725,984,1249]
[0,114,229,642,725,876,984,1249]
[0,114,269,491,642,725,876,984,1249]
[0,54,114,237,642,725,876,984,1249]
[0,114,229,491,642,725,876,984,1249]
[0,114,237,725,1249]
[0,725,1249]
[0,54,245,725,984,1249]
[0,54,257,725,984,1249]
[0,54,114,237,642,725,984,1249]
[0,114,229,491,725,876,984,1249]
[0,114,269,491,725,984,1249]
[0,114,269,404,491,642,725,984,1249]
[0,114,237,491,642,725,876,984,1249]
[0,114,269,725,861,984,1249]
[0,114,269,642,725,876,984,1249]
[0,54,114,229,642,725,984,1249]
[0,229,725,876,984,1249]
[0,114,257,642,725,984,1249]
