[0,628,1713,2054,2300,2494,2562,2759]
[0,143,628,1713,1993,2759]
[0,1993,2494,2759]
[0,143,628,1713,2054,2300,2494,2759]
[0,143,628,1369,1993,2759]
[0,628,1713,2057,2759]
[0,628,1100,1993,2494,2562,2759]
[0,2054,2494,2562,2759]
[0,1369,2759]
[0,143,628,1100,1993,2494,2759]
[0,628,1713,2054,2300,2494,2759]
[0,1100,2759]
[0,1100,2054,2300,2494,2759]
[0,143,628,1100,1713,2054,2300,2494,2562,2759]
[0,1100,1993,2353,2759]
[0,628,2057,2759]
[0,143,628,1100,1993,2507,2759]
[0,1100,1993,2507,2759]
[0,628,1369,1993,2353,2759]
[0,143,628,1713,2054,2300,2494,2562,2759]
[0,628,1369,1713,1993,2507,2759]
[0,1369,1993,2759]
[0,1100,2054,2759]
[0,628,2054,2300,2494,2562,2759]
[0,628,1100,1713,1993,2507,2759]
[0,628,1100,1993,2494,2759]
[0,143,628,1369,1713,1993,2759]
[0,143,628,1100,1713,1993,2353,2562,2759]
[0,628,1100,1993,2300,2507,2759]
[0,1713,2494,2759]
[0,628,1100,1713,2054,2759]
[0,1366,2759]
[0,628,1713,1993,2353,2759]
[0,628,1713,2759]
[0,628,1713,2353,2759]
[0,143,628,1713,1993,2353,2562,2759]
[0,143,628,1713,1993,2353,2759]
[0,628,1100,1993,2759]
[0,1993,2759]
[0,628,1369,1713,1993,2759]
[0,1366,1993,2759]
[0,1100,1713,2054,2300,2494,2759]
[0,628,1100,1993,2353,2759]
[0,628,2054,2494,2759]
[0,1713,2353,2759]
[0,628,1100,1993,2507,2759]
[0,143,628,1713,1993,2507,2759]
[0,143,628,1100,1713,1993,2494,2759]
[0,885,2353,2759]
[0,1366,1993,2494,2759]
[0,628,2054,2759]
[0,628,1713,2057,2494,2759]
[0,143,628,1713,1993,2300,2507,2759]
[0,628,1713,2054,2494,2759]
[0,1369,2562,2759]
[0,628,1993,2353,2759]
[0,628,1100,2054,2759]
[0,628,1993,2507,2759]
[0,1366,2494,2759]
[0,1993,2494,2562,2759]
[0,1100,1713,2054,2759]
[0,628,1713,1993,2353,2562,2759]
[0,628,1369,1713,1993,2300,2507,2759]
[0,1369,2480,2759]
[0,143,628,1100,1713,2054,2300,2494,2759]
[0,628,1369,1713,2057,2494,2759]
[0,628,1100,1713,1993,2759]
[0,628,1369,1993,2494,2759]
[0,1100,1993,2759]
[0,628,1100,1713,2054,2300,2494,2759]
[0,2054,2494,2759]
[0,143,628,1713,2057,2494,2759]
[0,1100,1993,2494,2562,2759]
[0,143,628,1369,1993,2494,2759]
[0,143,628,1369,1713,2057,2494,2759]
[0,628,1713,1993,2759]
[0,1100,2054,2494,2759]
[0,628,2054,2300,2494,2759]
[0,1100,1993,2494,2759]
[0,628,1993,2759]
[0,143,628,1100,1993,2353,2759]
[0,143,628,1100,1993,2494,2562,2759]
[0,628,1369,1713,1993,2353,2759]
[0,143,628,1100,1713,1993,2494,2562,2759]
[0,2057,2759]
[0,628,2054,2494,2562,2759]
[0,143,628,1713,2353,2759]
[0,628,1100,1713,1993,2353,2759]
[0,628,1100,1713,2054,2494,2759]
[0,628,1100,1713,1993,2353,2562,2759]
[0,143,628,1369,1713,1993,2300,2507,2759]
[0,628,1369,1713,2057,2759]
[0,628,1713,1993,2507,2759]
[0,628,1713,2054,2759]
[0,628,1713,2494,2759]
[0,628,1100,1713,1993,2494,2759]
[0,628,1993,2494,2759]
[0,143,628,1100,1713,1993,2300,2507,2759]
[0,143,628,1100,1713,1993,2353,2759]
[0,628,1100,1713,1993,2300,2507,2759]
[0,143,628,1369,1713,1993,2353,2562,2759]
[0,628,1369,1713,1993,2353,2562,2759]
[0,628,1369,1993,2759]
[0,143,628,1100,1993,2300,2507,2759]
[0,2054,2759]
[0,1713,2759]
[0,1100,1713,2054,2494,2759]
[0,628,1713,1993,2300,2507,2759]
[0,2353,2759]
[0,885,2759]
