[0,93,218,311,356,538,663,823,976,1046]
[0,209,356,584,1046]
[0,218,356,538,1046]
[0,93,218,356,538,663,859,1046]
[0,209,356,859,1046]
[0,209,356,575,1046]
[0,218,356,538,663,859,976,1046]
[0,311,680,1046]
[0,218,356,538,823,1046]
[0,209,356,859,976,1046]
[0,218,491,663,1046]
[0,218,491,859,1046]
[0,218,356,538,663,859,1046]
[0,218,356,538,823,976,1046]
[0,209,356,575,859,976,1046]
[0,538,1046]
[0,93,218,356,538,663,823,976,1046]
[0,584,1046]
[0,209,538,859,1046]
[0,218,538,663,859,1046]
[0,218,491,1046]
[0,218,538,823,1046]
[0,93,218,311,356,538,663,859,976,1046]
[0,93,218,311,356,491,553,663,859,976,1046]
[0,538,663,1046]
[0,538,859,1046]
[0,93,218,356,538,663,823,1046]
[0,209,356,1046]
[0,209,356,575,859,1046]
[0,538,663,859,1046]
[0,218,356,491,663,859,1046]
[0,218,491,663,859,976,1046]
[0,575,1046]
[0,93,218,356,491,663,859,976,1046]
[0,218,491,663,859,1046]
[0,209,538,1046]
[0,93,218,356,491,553,663,859,976,1046]
[0,491,1046]
[0,218,538,663,823,1046]
[0,209,538,663,859,1046]
[0,209,356,538,859,1046]
[0,218,356,538,976,1046]
[0,218,356,538,663,823,1046]
[0,218,356,538,859,1046]
[0,209,584,1046]
[0,680,1046]
[0,209,538,663,859,976,1046]
[0,209,356,538,663,859,1046]
[0,538,823,1046]
[0,93,218,356,491,663,859,1046]
[0,356,859,1046]
[0,218,356,491,663,859,976,1046]
[0,209,575,1046]
[0,218,356,538,663,823,976,1046]
[0,218,538,663,1046]
[0,218,538,1046]
[0,218,538,859,1046]
[0,209,356,538,663,859,976,1046]
[0,93,218,356,538,663,859,976,1046]
[0,356,1046]
[0,209,356,538,1046]
[0,209,575,859,1046]
