[0,526,754,1029,1477,1751,2017]
[0,180,754,1029,1477,1751,2017]
[0,297,754,1029,2017]
[0,297,754,1029,1477,2017]
[0,206,1477,1751,2017]
[0,798,1477,2017]
[0,1477,2017]
[0,206,798,1029,1751,2017]
[0,754,1029,1168,2017]
[0,206,798,2017]
[0,754,1029,1751,2017]
[0,798,1076,2017]
[0,798,1029,1168,1477,1751,2017]
[0,297,754,1029,1477,1751,2017]
[0,297,754,2017]
[0,206,798,1076,2017]
[0,180,526,754,1029,1477,1751,2017]
[0,798,1751,2017]
[0,297,754,1477,2017]
[0,798,1029,1168,2017]
[0,206,754,1029,1131,1477,1751,2017]
[0,180,526,754,1029,1168,1477,1751,2017]
[0,754,1029,1131,1477,1751,2017]
[0,206,526,798,1076,1477,1751,2017]
[0,798,2017]
[0,754,1029,1168,1751,2017]
[0,798,1076,1477,1751,2017]
[0,180,798,1029,1477,1751,2017]
[0,206,754,844,1029,1131,1477,1751,2017]
[0,798,1029,1477,1751,2017]
[0,754,1029,1131,2017]
[0,754,1029,1168,1477,1751,2017]
[0,206,754,1029,1477,1751,2017]
[0,798,1029,1168,1751,2017]
[0,206,754,1029,1751,2017]
[0,206,1751,2017]
[0,798,1076,1477,2017]
[0,754,1029,2017]
[0,798,1477,1751,2017]
[0,297,2017]
[0,180,754,1029,1168,1477,1751,2017]
[0,180,798,1029,1751,2017]
[0,206,798,1029,1168,1477,1751,2017]
[0,1477,1751,2017]
[0,754,1029,1131,1751,2017]
[0,754,2017]
[0,798,1029,2017]
[0,206,798,1076,1477,1751,2017]
[0,526,798,1076,1477,2017]
[0,180,798,1029,1168,1477,1751,2017]
[0,754,1029,1477,1751,2017]
[0,526,798,1076,1477,1751,2017]
[0,206,798,1029,2017]
[0,206,2017]
[0,754,1477,2017]
[0,798,1029,1751,2017]
[0,206,798,1029,1477,1751,2017]
[0,206,798,1477,1751,2017]
[0,1751,2017]
[0,754,1029,1477,2017]
[0,180,526,754,844,1029,1168,1477,1751,2017]
[0,180,754,844,1029,1168,1477,1751,2017]
