[0,893,1180]
[0,110,208,276,609,835,1087,1180]
[0,609,1180]
[0,208,835,1180]
[0,208,276,609,753,893,1081,1180]
[0,609,893,1081,1180]
[0,110,893,1180]
[0,110,276,893,1087,1180]
[0,110,609,1180]
[0,110,208,276,683,835,893,1087,1180]
[0,276,683,1180]
[0,208,609,893,1081,1180]
[0,208,609,753,893,1180]
[0,835,1081,1180]
[0,811,1081,1180]
[0,208,524,1087,1180]
[0,811,1180]
[0,208,835,1087,1180]
[0,893,1087,1180]
[0,208,276,609,753,835,893,1081,1180]
[0,208,1180]
[0,208,683,835,1180]
[0,208,276,893,1081,1180]
[0,110,276,609,736,893,1180]
[0,609,811,1081,1180]
[0,110,835,1087,1180]
[0,110,208,276,609,736,835,893,1087,1180]
[0,609,736,893,1081,1180]
[0,208,276,609,835,1081,1180]
[0,110,208,276,683,736,893,1087,1180]
[0,208,609,753,893,1081,1180]
[0,110,208,276,609,893,1087,1180]
[0,609,835,1180]
[0,208,276,609,736,835,1081,1180]
[0,208,609,811,1180]
[0,609,753,893,1180]
[0,208,1087,1180]
[0,110,276,609,893,1087,1180]
[0,110,208,276,609,683,736,835,893,1087,1180]
[0,110,683,1180]
[0,110,276,683,835,1087,1180]
[0,110,276,683,893,1180]
[0,208,609,736,893,1180]
[0,276,609,835,1180]
[0,110,276,893,1180]
[0,110,276,683,736,893,1087,1180]
[0,276,683,835,1180]
[0,208,276,524,835,1087,1180]
[0,683,1081,1180]
[0,208,609,835,1180]
[0,110,1180]
[0,609,736,835,1081,1180]
[0,110,208,276,609,736,893,1087,1180]
[0,609,736,893,1180]
[0,208,893,1081,1180]
[0,208,276,683,835,1087,1180]
[0,208,683,835,1087,1180]
[0,110,893,1087,1180]
[0,524,1087,1180]
[0,208,811,1180]
[0,110,208,276,835,1087,1180]
[0,110,276,835,1180]
[0,110,276,683,1180]
[0,208,276,609,893,1081,1180]
[0,276,609,736,893,1180]
[0,609,893,1180]
[0,110,276,609,835,1087,1180]
[0,276,835,1180]
[0,276,609,893,1180]
[0,110,208,276,683,893,1087,1180]
[0,110,276,683,893,1087,1180]
[0,208,524,1180]
[0,208,276,811,1081,1180]
[0,683,893,1180]
[0,276,683,893,1180]
[0,835,1180]
[0,208,609,835,1081,1180]
[0,208,276,609,811,1081,1180]
[0,683,1180]
[0,208,276,609,736,835,893,1081,1180]
[0,208,609,736,893,1081,1180]
[0,110,835,1180]
[0,609,811,1180]
[0,110,276,609,893,1180]
[0,524,835,1180]
[0,208,609,893,1180]
[0,609,835,1081,1180]
[0,524,1180]
[0,609,753,893,1081,1180]
[0,110,276,609,736,893,1087,1180]
[0,835,1087,1180]
[0,110,208,276,683,835,1087,1180]
[0,208,276,609,736,893,1081,1180]
[0,683,835,1180]
[0,208,609,736,835,1081,1180]
[0,208,893,1180]
[0,208,811,1081,1180]
[0,208,524,835,1180]
[0,893,1081,1180]
[0,208,835,1081,1180]
[0,208,609,811,1081,1180]
[0,110,276,609,1180]
[0,208,524,835,1087,1180]
[0,110,276,609,835,1180]
[0,110,276,835,1087,1180]
[0,208,276,835,1081,1180]
[0,276,893,1180]
[0,110,276,683,835,1180]
[0,276,609,1180]
[0,208,276,835,1087,1180]
[0,110,208,276,683,736,835,893,1087,1180]
