[0,177,365,808,1084,1730,1810]
[0,620,808,1084,1810]
[0,177,636,1084,1730,1810]
[0,808,1810]
[0,177,548,808,1084,1810]
[0,177,548,808,1084,1730,1810]
[0,177,1049,1810]
[0,177,1084,1810]
[0,177,1049,1730,1810]
[0,548,1810]
[0,177,620,808,1084,1730,1810]
[0,620,1084,1810]
[0,636,1810]
[0,636,1084,1810]
[0,365,1810]
[0,365,808,1084,1810]
[0,177,620,808,1084,1810]
[0,177,365,808,1084,1810]
[0,620,1810]
[0,1084,1810]
[0,548,1084,1810]
[0,177,808,1084,1810]
[0,177,1730,1810]
[0,177,636,1084,1810]
[0,1049,1810]
[0,177,1810]
[0,548,808,1084,1810]
[0,365,1084,1810]
[0,808,1084,1810]
[0,177,1084,1730,1810]
[0,177,808,1084,1730,1810]
