[0,825,1492,1911]
[0,118,244,414,659,825,1150,1340,1492,1588,1911]
[0,244,659,825,1492,1911]
[0,1150,1588,1911]
[0,401,1150,1452,1911]
[0,414,1911]
[0,307,1150,1911]
[0,118,244,414,659,825,1150,1492,1648,1759,1911]
[0,244,414,1452,1911]
[0,244,414,1150,1759,1911]
[0,244,1911]
[0,244,414,659,825,1150,1492,1648,1911]
[0,414,659,825,1150,1588,1911]
[0,307,1150,1452,1911]
[0,244,414,1150,1911]
[0,414,1150,1492,1911]
[0,1492,1911]
[0,118,244,414,1588,1911]
[0,118,244,414,659,825,1150,1588,1911]
[0,244,414,825,1150,1588,1911]
[0,659,1492,1911]
[0,118,244,414,659,825,1150,1492,1911]
[0,244,401,1452,1911]
[0,307,1911]
[0,414,1150,1911]
[0,244,1588,1911]
[0,244,659,825,1588,1911]
[0,244,659,825,1911]
[0,244,414,1150,1452,1911]
[0,244,414,659,825,1150,1588,1911]
[0,1588,1911]
[0,414,825,1150,1492,1911]
[0,118,244,414,777,1150,1452,1759,1911]
[0,244,1150,1452,1911]
[0,414,825,1150,1340,1588,1911]
[0,244,414,1759,1911]
[0,659,1911]
[0,386,1492,1911]
[0,386,1911]
[0,659,1588,1911]
[0,118,244,414,659,825,1150,1340,1588,1911]
[0,414,1150,1588,1911]
[0,118,244,659,825,1150,1492,1648,1911]
[0,244,414,1150,1588,1911]
[0,244,414,825,1150,1340,1588,1911]
[0,244,414,1911]
[0,244,401,1911]
[0,414,1759,1911]
[0,244,414,777,1150,1452,1759,1911]
[0,244,401,777,1150,1452,1911]
[0,414,825,1150,1911]
[0,401,777,1150,1452,1911]
[0,244,414,659,825,1150,1340,1588,1911]
[0,118,244,414,1150,1759,1911]
[0,414,825,1150,1588,1911]
[0,244,1492,1911]
[0,244,414,825,1150,1492,1911]
[0,659,1150,1492,1911]
[0,244,414,777,1150,1452,1911]
[0,244,659,1150,1588,1911]
[0,244,414,659,825,1150,1340,1492,1648,1911]
[0,414,777,1150,1911]
[0,414,1492,1911]
[0,401,1452,1911]
[0,414,825,1911]
[0,825,1911]
[0,307,825,1492,1911]
[0,244,659,825,1150,1588,1911]
[0,118,244,414,777,1150,1452,1648,1759,1911]
[0,414,1452,1911]
[0,244,414,659,825,1150,1492,1911]
[0,244,659,825,1150,1492,1911]
[0,414,777,1150,1452,1911]
[0,244,414,777,1150,1452,1648,1759,1911]
[0,1452,1911]
[0,118,244,414,825,1150,1588,1911]
[0,401,777,1150,1911]
[0,244,414,1588,1911]
[0,244,659,825,1150,1492,1648,1911]
[0,244,1150,1492,1911]
[0,1150,1911]
[0,414,1588,1911]
[0,244,659,1492,1911]
[0,118,244,659,825,1150,1492,1911]
[0,414,1150,1452,1911]
[0,244,1150,1911]
[0,659,1150,1588,1911]
[0,401,1150,1911]
[0,118,244,414,1150,1588,1911]
[0,244,659,1911]
[0,244,414,777,1150,1759,1911]
[0,118,244,659,825,1150,1492,1648,1759,1911]
[0,659,1150,1911]
[0,244,414,777,1150,1911]
[0,118,244,414,777,1150,1759,1911]
[0,118,244,414,659,825,1150,1340,1492,1648,1911]
[0,118,244,659,825,1150,1588,1911]
[0,118,244,414,1759,1911]
[0,118,244,414,1911]
[0,414,659,825,1150,1492,1911]
[0,1150,1492,1911]
[0,244,659,1150,1492,1911]
[0,244,401,1150,1452,1911]
[0,1150,1452,1911]
[0,244,1150,1588,1911]
[0,118,244,414,659,825,1150,1340,1492,1648,1759,1911]
[0,401,1911]
[0,307,1492,1911]
[0,244,414,777,1911]
[0,244,659,1588,1911]
[0,118,244,414,659,825,1150,1492,1648,1911]
[0,414,777,1911]
