[0,759,3056,3813,4758]
[0,120,784,3056,3494,4758]
[0,120,784,2893,3142,3494,3813,4041,4758]
[0,759,3056,4758]
[0,784,2893,3142,3494,4041,4758]
[0,971,2893,4758]
[0,784,3056,4758]
[0,784,2893,4758]
[0,784,2893,3142,3494,3813,4041,4758]
[0,120,784,2893,3494,4758]
[0,784,2893,3142,3494,4758]
[0,120,971,2893,3142,3494,4758]
[0,120,971,2893,3494,4758]
[0,3056,3813,4758]
[0,3142,4758]
[0,971,2893,3142,3494,4758]
[0,784,3056,3494,4758]
[0,784,2893,3494,4041,4758]
[0,784,3056,3813,4758]
[0,759,3142,4758]
[0,971,2893,3494,4758]
[0,3056,3494,4758]
[0,2893,3494,4758]
[0,3056,4758]
[0,2893,4758]
[0,784,2893,3494,4758]
[0,120,784,3056,4758]
[0,120,784,2893,3142,3494,4758]
[0,120,784,3056,3813,4758]
[0,120,784,2893,3142,3494,4041,4758]
