[0,281,1180]
[0,247,462,594,693,1090,1180]
[0,127,247,594,693,888,965,1090,1180]
[0,247,437,594,693,888,1090,1180]
[0,127,247,594,1090,1180]
[0,247,594,693,1090,1180]
[0,281,462,594,693,965,1180]
[0,83,127,247,1090,1180]
[0,281,594,1180]
[0,83,247,462,594,1090,1180]
[0,83,127,247,594,693,965,1090,1180]
[0,127,247,594,693,965,1090,1180]
[0,247,437,594,693,888,1180]
[0,247,437,594,965,1180]
[0,247,462,594,693,888,965,1090,1180]
[0,462,594,693,965,1180]
[0,127,247,462,594,693,965,1090,1180]
[0,888,1180]
[0,281,462,594,693,965,1090,1180]
[0,247,317,462,594,693,965,1090,1180]
[0,127,247,594,1180]
[0,247,594,693,1180]
[0,247,437,594,693,1090,1180]
[0,462,594,693,1180]
[0,462,594,693,1090,1180]
[0,247,594,693,965,1090,1180]
[0,1090,1180]
[0,247,462,594,693,965,1090,1180]
[0,394,888,1180]
[0,247,462,594,888,1180]
[0,462,965,1180]
[0,247,462,594,965,1180]
[0,281,462,594,1180]
[0,247,594,693,888,965,1090,1180]
[0,247,462,594,1090,1180]
[0,83,247,437,594,1090,1180]
[0,247,594,965,1180]
[0,83,127,247,1180]
[0,247,462,594,693,888,1090,1180]
[0,127,247,462,594,693,1180]
[0,247,462,594,1180]
[0,394,1180]
[0,247,437,594,693,1180]
[0,462,594,693,888,965,1090,1180]
[0,247,462,594,693,888,1180]
[0,281,394,462,594,693,888,965,1090,1180]
[0,247,317,462,594,1180]
[0,127,247,594,965,1180]
[0,247,594,1090,1180]
[0,462,594,888,1180]
[0,462,594,965,1180]
[0,247,437,594,1180]
[0,247,594,1180]
[0,281,462,594,693,1180]
[0,127,247,462,594,965,1180]
[0,83,1180]
[0,247,437,594,888,1180]
[0,462,594,1180]
[0,247,317,462,594,1090,1180]
[0,127,247,1090,1180]
[0,462,594,693,888,1180]
[0,247,462,594,693,1180]
[0,462,594,1090,1180]
[0,83,127,247,594,693,1090,1180]
[0,247,437,594,693,965,1180]
[0,127,247,462,594,693,1090,1180]
[0,247,317,462,594,693,1090,1180]
[0,281,462,594,693,1090,1180]
[0,83,127,247,594,1090,1180]
[0,83,247,437,594,693,888,1090,1180]
[0,83,247,462,594,693,888,1090,1180]
[0,247,437,594,693,965,1090,1180]
[0,281,462,594,965,1180]
[0,127,247,594,693,1180]
[0,462,888,1180]
[0,127,247,462,594,693,888,965,1090,1180]
[0,247,437,594,1090,1180]
[0,247,1180]
[0,127,247,594,693,965,1180]
[0,594,888,1180]
[0,247,317,462,594,693,888,965,1090,1180]
[0,83,127,1180]
[0,281,462,594,693,888,965,1090,1180]
[0,247,462,594,693,965,1180]
[0,127,247,1180]
[0,281,594,965,1180]
[0,247,437,594,693,888,965,1090,1180]
[0,83,127,247,462,594,693,888,965,1090,1180]
[0,127,247,462,594,1180]
[0,83,127,247,594,693,888,965,1090,1180]
[0,127,247,594,693,1090,1180]
[0,247,594,888,1180]
[0,462,1180]
[0,247,1090,1180]
[0,247,594,693,888,1180]
[0,127,247,462,594,693,965,1180]
[0,247,594,693,965,1180]
[0,462,594,693,965,1090,1180]
[0,594,1180]
