[0,61,241,458,705,1246,1550,1701,1829,2020]
[0,241,458,705,933,1701,2020]
[0,61,241,705,1246,1550,2020]
[0,241,458,705,933,1246,1550,1829,2020]
[0,241,705,933,1701,2020]
[0,705,1246,1550,2020]
[0,933,1270,1550,2020]
[0,241,458,705,933,1270,1550,1701,1829,2020]
[0,241,933,1701,1829,2020]
[0,61,241,458,705,933,1270,1550,1701,1829,2020]
[0,241,458,705,933,1701,1829,2020]
[0,731,2020]
[0,241,933,1701,2020]
[0,1246,2020]
[0,241,731,2020]
[0,241,705,1246,1550,2020]
[0,241,458,705,933,1270,1550,2020]
[0,61,241,933,1701,1829,2020]
[0,241,458,933,1550,2020]
[0,933,2020]
[0,61,241,458,705,933,1550,1701,1829,2020]
[0,61,241,705,1246,1550,1829,2020]
[0,241,1246,1550,2020]
[0,241,933,1550,1829,2020]
[0,532,2020]
[0,1246,1550,2020]
[0,61,241,458,705,933,1246,1550,1701,1829,2020]
[0,61,241,458,933,1701,1829,2020]
[0,241,933,2020]
[0,241,705,933,1246,1550,2020]
[0,61,241,1246,1550,2020]
[0,241,458,933,1701,2020]
[0,241,458,933,1550,1829,2020]
[0,241,705,933,1550,2020]
[0,776,2020]
[0,61,241,458,705,933,1701,1829,2020]
[0,241,933,1246,1550,2020]
[0,241,933,1550,2020]
[0,241,705,933,1270,1550,2020]
[0,241,776,2020]
[0,241,458,705,933,1550,1829,2020]
[0,241,458,705,1246,1550,2020]
[0,705,2020]
[0,933,1246,1550,2020]
[0,241,458,705,933,1246,1550,1701,1829,2020]
[0,241,705,1246,1550,1829,2020]
[0,241,705,2020]
[0,241,458,705,933,1550,1701,1829,2020]
[0,241,458,705,933,1270,1550,1829,2020]
[0,241,458,933,1701,1829,2020]
[0,241,458,705,1246,1550,1829,2020]
[0,933,1550,2020]
[0,241,458,705,1246,1550,1701,1829,2020]
[0,241,1246,2020]
[0,705,1550,2020]
[0,61,241,458,705,1246,1550,1829,2020]
[0,241,458,705,933,1246,1550,2020]
[0,241,458,705,933,1550,2020]
[0,933,1701,2020]
[0,241,2020]
[0,241,933,1270,1550,2020]
