[0,964,1432,1955,2135,2519,2754,2824]
[0,313,964,1432,1955,2824]
[0,313,964,1432,1955,2519,2824]
[0,964,1955,2824]
[0,964,1432,2135,2824]
[0,964,1432,1574,1955,2135,2519,2824]
[0,964,1432,2519,2824]
[0,313,964,1432,2824]
[0,313,964,1230,1432,2519,2824]
[0,1432,2824]
[0,964,1432,2135,2519,2824]
[0,964,1432,1955,2135,2519,2824]
[0,313,964,1432,2519,2824]
[0,964,1432,1574,2135,2824]
[0,964,1432,2824]
[0,964,2135,2824]
[0,964,1432,1574,2135,2519,2824]
[0,1400,2824]
[0,964,1432,1955,2135,2824]
[0,313,964,1230,1432,1955,2519,2824]
[0,964,1432,1955,2824]
[0,964,2824]
[0,964,1432,1574,2824]
[0,964,1432,1574,1955,2135,2519,2754,2824]
