[0,421,731,1105,1276,2017]
[0,499,1819,2017]
[0,773,1109,2017]
[0,731,1105,1276,1703,2017]
[0,114,443,521,720,838,1063,1276,1819,2017]
[0,443,521,838,1063,1703,2017]
[0,773,2017]
[0,499,773,1109,1438,2017]
[0,114,731,1105,1276,2017]
[0,1105,2017]
[0,114,521,838,1063,1276,1819,2017]
[0,507,731,1105,1703,2017]
[0,114,443,521,838,1063,1276,1703,2017]
[0,838,1703,2017]
[0,443,521,838,1063,1276,1703,2017]
[0,499,773,1105,1276,2017]
[0,1063,2017]
[0,499,773,1105,1388,2017]
[0,499,1105,1819,2017]
[0,720,1063,1703,2017]
[0,731,1105,1819,2017]
[0,521,838,1063,1276,1819,2017]
[0,731,1105,1276,1819,2017]
[0,507,1105,1276,2017]
[0,114,443,720,838,1063,1276,1703,2017]
[0,114,421,731,1105,1276,1819,2017]
[0,499,2017]
[0,499,1109,2017]
[0,443,720,1063,1703,2017]
[0,499,773,1105,1388,1819,2017]
[0,443,521,838,1063,1276,1819,2017]
[0,421,507,731,1105,1276,2017]
[0,507,731,1105,2017]
[0,114,443,521,720,838,1063,1276,1703,2017]
[0,114,421,507,731,1105,1276,1819,2017]
[0,521,838,1063,1276,2017]
[0,421,731,1105,1276,1703,2017]
[0,499,773,1105,1276,1819,2017]
[0,114,421,507,731,1105,1276,2017]
[0,521,1063,1438,2017]
[0,720,1063,2017]
[0,773,1109,1438,2017]
[0,521,838,1063,1703,2017]
[0,114,521,838,1063,1276,1703,2017]
[0,507,731,1105,1276,1703,2017]
[0,421,731,1105,1703,2017]
[0,507,2017]
[0,114,720,838,1063,1276,1819,2017]
[0,838,1063,1276,2017]
[0,838,1063,1703,2017]
[0,443,720,838,1063,1276,1703,2017]
[0,421,507,1105,1276,2017]
[0,521,838,1063,1276,1703,2017]
[0,720,1063,1276,1703,2017]
[0,421,731,1105,1276,1819,2017]
[0,114,421,731,1105,1276,1703,2017]
[0,443,720,1063,1276,1703,2017]
[0,114,421,731,1105,1276,2017]
[0,114,731,1105,1276,1819,2017]
[0,499,1105,1276,2017]
[0,731,1105,1276,2017]
[0,499,1105,1388,2017]
[0,731,1105,1703,2017]
[0,731,2017]
[0,720,2017]
[0,838,1063,2017]
[0,521,838,1063,2017]
[0,720,838,1063,1276,1703,2017]
[0,421,731,1105,1819,2017]
[0,443,521,838,1063,1276,2017]
[0,720,1063,1276,2017]
[0,499,1109,1438,2017]
[0,443,720,838,1063,1276,1819,2017]
[0,720,1438,2017]
[0,499,1105,2017]
[0,731,1105,2017]
[0,720,1063,1276,1819,2017]
[0,443,720,1063,1276,1819,2017]
[0,507,731,1105,1276,2017]
[0,421,731,1105,2017]
[0,1109,2017]
[0,114,421,507,731,1105,1276,1703,2017]
[0,720,838,1063,1276,1819,2017]
[0,521,1063,1703,2017]
[0,114,499,773,1105,1388,1819,2017]
[0,443,720,1063,2017]
[0,421,507,731,1105,1276,1703,2017]
[0,114,443,521,838,1063,1276,1819,2017]
[0,499,773,1105,1819,2017]
[0,443,720,1063,1276,2017]
[0,838,2017]
[0,521,2017]
[0,114,731,838,1105,1276,1819,2017]
[0,521,1063,2017]
[0,114,720,838,1063,1276,1703,2017]
[0,114,443,720,838,1063,1276,1819,2017]
[0,720,1063,1438,2017]
[0,114,731,1105,1276,1703,2017]
[0,521,1703,2017]
[0,499,773,1105,2017]
[0,507,1105,2017]
