[0,251,429,886,2017]
[0,98,251,429,886,2017]
[0,429,1053,1737,2017]
[0,429,894,2017]
[0,429,745,894,1563,1798,2017]
[0,251,745,894,2017]
[0,251,429,787,886,1563,1798,2017]
[0,98,251,429,886,1563,1798,2017]
[0,98,251,538,794,1097,1563,2017]
[0,894,2017]
[0,98,429,1097,2017]
[0,538,794,1097,1563,2017]
[0,98,538,794,1120,2017]
[0,894,1563,2017]
[0,98,251,894,2017]
[0,98,538,1097,1563,2017]
[0,538,1120,2017]
[0,251,894,2017]
[0,1158,2017]
[0,1563,2017]
[0,98,538,1097,2017]
[0,538,1097,1563,2017]
[0,429,886,1563,2017]
[0,429,886,1563,1798,2017]
[0,251,1120,2017]
[0,745,894,2017]
[0,98,251,429,787,886,1563,1798,2017]
[0,98,251,745,894,1563,1798,2017]
[0,98,1097,2017]
[0,98,251,1097,1563,2017]
[0,98,251,429,886,1563,2017]
[0,251,886,1563,2017]
[0,251,429,1097,1563,1798,2017]
[0,1120,2017]
[0,251,1097,1563,1798,2017]
[0,429,1097,2017]
[0,251,886,2017]
[0,251,787,886,1563,1798,2017]
[0,886,2017]
[0,251,429,745,894,1563,1798,2017]
[0,98,538,794,1097,1563,2017]
[0,1097,2017]
[0,538,1097,2017]
[0,1053,2017]
[0,251,894,1563,2017]
[0,1097,1563,2017]
[0,251,538,794,1097,1563,2017]
[0,251,429,886,1563,1798,2017]
[0,98,429,886,2017]
[0,429,894,1563,2017]
[0,98,251,787,886,2017]
[0,98,251,1097,1563,1798,2017]
[0,251,1097,2017]
[0,251,429,886,1563,2017]
[0,745,1097,2017]
[0,98,251,429,745,894,1563,1798,2017]
[0,251,745,894,1563,2017]
[0,429,745,894,1563,2017]
[0,98,251,787,886,1563,1798,2017]
[0,429,787,886,1563,1798,2017]
[0,429,745,894,2017]
[0,251,886,1563,1798,2017]
[0,98,251,745,894,1563,2017]
[0,538,794,1120,2017]
[0,251,787,886,2017]
[0,98,251,538,1097,1563,2017]
[0,98,251,787,886,1563,2017]
[0,429,886,2017]
[0,429,1097,1563,2017]
[0,98,251,429,1097,1563,1798,2017]
[0,251,1097,1563,2017]
[0,251,745,894,1563,1798,2017]
[0,886,1563,2017]
[0,98,429,1097,1563,2017]
[0,429,1097,1563,1798,2017]
[0,251,894,1563,1798,2017]
[0,429,894,1563,1798,2017]
[0,98,538,794,1097,1563,1870,2017]
[0,251,787,886,1563,2017]
[0,98,251,886,2017]
[0,787,886,2017]
[0,98,429,1097,1563,1798,2017]
[0,98,251,1097,2017]
[0,98,538,1120,2017]
[0,429,1053,2017]
[0,251,429,894,1563,1798,2017]
[0,538,794,1097,1563,1870,2017]
[0,98,745,1097,2017]
[0,98,251,745,894,2017]
[0,251,538,1097,1563,2017]
