[0,167,969]
[0,167,468,969]
[0,468,603,691,969]
[0,332,468,603,689,738,969]
[0,924,969]
[0,607,969]
[0,587,969]
[0,332,468,607,686,738,924,969]
[0,468,607,686,969]
[0,468,689,969]
[0,468,969]
[0,468,603,969]
[0,332,468,603,969]
[0,468,924,969]
[0,332,468,607,969]
[0,587,924,969]
[0,167,587,924,969]
[0,332,468,603,691,924,969]
[0,468,607,969]
[0,332,468,607,924,969]
[0,167,468,607,924,969]
[0,332,468,607,686,738,969]
[0,167,468,603,691,969]
[0,167,468,603,969]
[0,167,468,603,691,924,969]
[0,332,468,607,686,969]
[0,603,969]
[0,332,468,603,689,969]
[0,167,587,969]
[0,332,468,603,689,738,924,969]
[0,332,468,969]
[0,468,603,689,969]
[0,167,468,924,969]
[0,167,468,607,969]
[0,332,468,603,691,969]
