[0,441,756,916,1203,1470,1810]
[0,125,1082,1734,1810]
[0,125,1082,1810]
[0,125,441,756,980,1470,1734,1810]
[0,468,853,1470,1810]
[0,46,125,441,756,980,1470,1734,1810]
[0,125,441,1810]
[0,125,441,916,1470,1810]
[0,1129,1810]
[0,125,441,1203,1810]
[0,125,1203,1723,1810]
[0,441,756,980,1470,1810]
[0,125,468,1129,1810]
[0,125,916,1723,1810]
[0,441,1203,1810]
[0,125,468,1810]
[0,125,980,1723,1810]
[0,468,1129,1810]
[0,46,125,441,756,916,1203,1723,1810]
[0,125,441,746,916,1810]
[0,125,1723,1810]
[0,125,468,853,1810]
[0,1203,1810]
[0,125,441,916,1203,1810]
[0,125,468,1129,1695,1810]
[0,125,441,916,1810]
[0,523,1810]
[0,468,1470,1810]
[0,441,980,1470,1810]
[0,125,441,916,1203,1723,1810]
[0,125,1470,1810]
[0,441,756,980,1810]
[0,46,125,441,756,916,1203,1470,1723,1810]
[0,125,441,779,980,1470,1723,1810]
[0,125,441,779,980,1810]
[0,125,1129,1810]
[0,177,1810]
[0,125,441,980,1723,1810]
[0,125,441,756,916,1810]
[0,441,746,916,1470,1810]
[0,125,441,916,1470,1723,1810]
[0,980,1810]
[0,125,441,746,916,1470,1723,1810]
[0,125,441,980,1734,1810]
[0,125,441,746,916,1470,1810]
[0,125,1203,1810]
[0,125,441,756,980,1470,1810]
[0,441,756,916,1203,1810]
[0,125,441,756,916,1203,1470,1810]
[0,125,441,1203,1723,1810]
[0,125,468,1470,1723,1810]
[0,441,916,1470,1810]
[0,916,1810]
[0,125,468,853,1470,1810]
[0,125,441,756,916,1203,1723,1810]
[0,46,125,441,779,980,1470,1723,1810]
[0,125,441,916,1723,1810]
[0,125,441,980,1470,1734,1810]
[0,1470,1810]
[0,125,441,1082,1810]
[0,125,441,980,1470,1723,1810]
[0,125,441,756,916,1203,1470,1723,1810]
[0,441,746,916,1810]
[0,125,980,1810]
[0,46,125,441,980,1470,1723,1810]
[0,125,980,1695,1810]
[0,46,125,441,980,1470,1734,1810]
[0,441,916,1203,1810]
[0,441,1082,1810]
[0,125,1810]
[0,125,916,1810]
[0,125,468,1470,1810]
[0,125,523,1082,1810]
[0,125,1695,1810]
[0,441,916,1203,1470,1810]
[0,468,1810]
[0,441,779,980,1470,1810]
[0,125,980,1734,1810]
[0,523,1082,1810]
[0,125,441,980,1810]
[0,1082,1810]
[0,125,441,756,916,1203,1810]
[0,125,468,853,1470,1723,1810]
[0,125,1734,1810]
[0,441,756,916,1810]
[0,125,1470,1723,1810]
[0,441,1810]
[0,125,441,980,1470,1810]
[0,125,441,756,980,1810]
[0,125,523,1082,1695,1810]
[0,441,980,1810]
[0,441,779,980,1810]
[0,125,441,1082,1734,1810]
[0,468,853,1810]
[0,125,441,779,980,1470,1810]
[0,125,1082,1695,1810]
[0,441,916,1810]
[0,125,1129,1695,1810]
