[0,303,711,1039,2017]
[0,342,711,1117,1760,2017]
[0,711,1039,2017]
[0,711,1117,1290,2017]
[0,303,711,1039,1290,1760,2017]
[0,303,711,1109,1290,1760,2017]
[0,303,809,1110,1760,2017]
[0,303,1109,1760,2017]
[0,711,1039,1290,2017]
[0,711,1109,2017]
[0,1290,2017]
[0,1785,2017]
[0,1039,2017]
[0,342,809,1117,2017]
[0,303,1039,2017]
[0,1117,1290,2017]
[0,1290,1785,2017]
[0,499,1290,2017]
[0,711,1760,2017]
[0,303,672,809,1110,1290,1760,2017]
[0,303,499,711,1039,1760,2017]
[0,303,711,2017]
[0,303,809,1110,2017]
[0,144,711,1785,2017]
[0,342,1117,2017]
[0,499,2017]
[0,711,1117,2017]
[0,711,1039,1760,2017]
[0,303,1109,1290,2017]
[0,144,303,711,1039,1760,2017]
[0,144,499,1117,1290,1760,2017]
[0,809,1110,1290,2017]
[0,303,1109,2017]
[0,499,1117,1290,1760,2017]
[0,144,1760,2017]
[0,1280,2017]
[0,809,1760,2017]
[0,303,809,1110,1290,1760,2017]
[0,1117,2017]
[0,303,809,1110,1290,2017]
[0,499,1760,2017]
[0,303,711,1039,1760,2017]
[0,342,711,1117,1290,1760,2017]
[0,499,1117,1290,2017]
[0,499,1280,2017]
[0,303,1760,2017]
[0,144,711,1760,2017]
[0,303,809,2017]
[0,711,1039,1290,1760,2017]
[0,711,1117,1290,1760,2017]
[0,144,711,1117,1290,1760,2017]
[0,303,1039,1760,2017]
[0,342,711,1117,2017]
[0,711,1290,2017]
[0,711,1785,2017]
[0,144,711,1039,1785,2017]
[0,303,1109,1290,1760,2017]
[0,342,1117,1290,1760,2017]
[0,303,711,1109,2017]
[0,144,711,1039,1290,1760,2017]
[0,809,1110,1760,2017]
[0,711,1039,1785,2017]
[0,303,1290,2017]
[0,499,1117,1760,2017]
[0,303,711,1109,1760,2017]
[0,711,1117,1760,2017]
[0,711,2017]
[0,303,499,711,1039,1290,1760,2017]
[0,144,1290,2017]
[0,144,1785,2017]
[0,144,1117,1290,1760,2017]
[0,342,1760,2017]
[0,342,1117,1290,2017]
[0,342,809,1117,1290,1760,2017]
[0,1109,2017]
[0,265,1785,2017]
[0,144,711,1039,1760,2017]
[0,342,499,809,1117,1290,1760,2017]
[0,144,1117,1290,2017]
[0,144,1290,1785,2017]
[0,1290,1760,2017]
[0,711,1039,1290,1785,2017]
[0,1760,2017]
[0,144,711,1039,1290,1785,2017]
[0,342,809,1117,1760,2017]
[0,303,2017]
[0,809,2017]
[0,144,303,499,711,1039,1760,2017]
[0,342,499,809,977,1117,1290,1760,2017]
[0,342,1117,1760,2017]
[0,342,1290,2017]
[0,809,1110,2017]
[0,499,1117,2017]
[0,144,303,499,711,1039,1290,1760,2017]
[0,144,2017]
[0,265,2017]
[0,342,499,711,1117,1290,1760,2017]
[0,342,2017]
[0,1117,1290,1760,2017]
