[0,910,1338,2759]
[0,79,1095,1354,2056,2355,2449,2759]
[0,2355,2759]
[0,1354,2355,2449,2759]
[0,1567,2759]
[0,1338,2387,2759]
[0,1283,2759]
[0,1338,2759]
[0,1095,1354,2056,2355,2449,2759]
[0,1354,2387,2759]
[0,910,2449,2759]
[0,1095,1354,2056,2355,2759]
[0,1354,2449,2759]
[0,910,1354,2355,2759]
[0,79,1338,2056,2355,2449,2759]
[0,910,1338,2056,2355,2759]
[0,910,1567,2449,2759]
[0,2449,2759]
[0,1283,2355,2759]
[0,79,910,1338,2056,2355,2449,2759]
[0,57,1095,1354,1567,2056,2355,2449,2759]
[0,910,1354,2056,2355,2449,2759]
[0,1338,2056,2355,2449,2759]
[0,1338,2355,2449,2759]
[0,57,910,1354,1567,2056,2355,2449,2759]
[0,910,1338,2056,2355,2449,2759]
[0,79,1095,1354,1567,2056,2355,2449,2759]
[0,1095,1354,1567,2056,2355,2449,2759]
[0,1354,2056,2355,2759]
[0,2387,2759]
[0,910,1354,2759]
[0,910,1354,1567,2056,2355,2759]
[0,57,1095,1354,2056,2355,2449,2759]
[0,910,2759]
[0,910,1354,1567,2056,2355,2449,2759]
[0,57,910,1354,2056,2355,2449,2759]
[0,1338,2355,2759]
[0,1354,2355,2759]
[0,1394,2759]
[0,1567,2449,2759]
[0,1394,2355,2759]
[0,910,1338,2355,2759]
[0,1354,2056,2355,2449,2759]
[0,910,1567,2759]
[0,1095,1354,1567,2056,2355,2759]
[0,910,1354,2056,2355,2759]
[0,1338,2056,2355,2759]
[0,1354,2759]
