[0,96,938,1057,1264]
[0,449,955,1057,1264]
[0,96,449,1000,1175,1264]
[0,449,1264]
[0,449,1092,1264]
[0,218,449,1057,1264]
[0,955,1057,1264]
[0,449,1057,1264]
[0,96,1057,1264]
[0,96,449,833,955,1057,1175,1264]
[0,96,1000,1264]
[0,96,218,365,449,833,956,1057,1175,1264]
[0,96,449,956,1057,1264]
[0,96,449,833,955,1057,1264]
[0,96,375,449,833,955,1057,1175,1264]
[0,96,1000,1175,1264]
[0,96,218,449,833,956,1057,1175,1264]
[0,96,218,305,375,449,1057,1175,1264]
[0,449,833,956,1092,1264]
[0,96,1264]
[0,96,955,1057,1175,1264]
[0,96,218,375,449,833,955,1057,1175,1264]
[0,96,449,1057,1175,1264]
[0,96,218,449,833,956,1092,1264]
[0,938,1057,1264]
[0,96,218,449,833,1092,1264]
[0,96,218,449,1057,1175,1264]
[0,449,833,955,1057,1264]
[0,96,218,375,449,833,956,1057,1175,1264]
[0,96,218,305,375,449,833,955,1000,1057,1175,1264]
[0,96,375,449,833,955,1000,1057,1175,1264]
[0,956,1057,1264]
[0,96,375,449,956,1057,1175,1264]
[0,218,449,833,955,1057,1264]
[0,449,833,1264]
[0,449,955,1057,1175,1264]
[0,449,1057,1175,1264]
[0,218,449,1264]
[0,449,833,1057,1264]
[0,218,449,833,956,1057,1264]
[0,449,833,1092,1264]
[0,96,218,305,375,449,833,956,1057,1175,1264]
[0,96,375,449,955,1057,1175,1264]
[0,96,218,449,1092,1264]
[0,449,1000,1264]
[0,96,218,375,449,833,955,1000,1057,1175,1264]
[0,218,449,833,956,1092,1264]
[0,96,218,449,833,955,1057,1264]
[0,96,449,955,1057,1175,1264]
[0,218,449,1092,1264]
[0,96,365,449,956,1057,1175,1264]
[0,96,218,305,375,449,833,955,1057,1175,1264]
[0,449,833,955,1057,1175,1264]
[0,96,218,449,833,955,1057,1175,1264]
[0,96,365,449,1057,1175,1264]
[0,96,375,449,1057,1264]
[0,449,833,956,1057,1175,1264]
[0,449,833,956,1057,1264]
[0,96,218,375,449,1057,1175,1264]
[0,96,956,1057,1264]
[0,96,218,449,833,956,1057,1264]
[0,96,955,1057,1264]
[0,449,956,1057,1264]
[0,218,449,833,1057,1264]
[0,96,449,833,956,1057,1175,1264]
[0,96,449,955,1057,1264]
[0,305,1264]
[0,305,1000,1264]
[0,449,956,1057,1175,1264]
[0,96,449,1000,1264]
[0,96,449,1057,1264]
[0,1000,1264]
[0,96,365,449,833,956,1057,1175,1264]
[0,218,449,833,1092,1264]
[0,96,375,449,833,956,1057,1175,1264]
[0,218,449,833,1264]
[0,96,375,449,1057,1175,1264]
[0,96,449,833,956,1057,1264]
[0,96,449,1092,1264]
[0,96,218,449,1057,1264]
[0,96,956,1057,1175,1264]
[0,1057,1264]
[0,96,449,956,1057,1175,1264]
