[0,420,1875]
[0,371,1506,1875]
[0,327,371,609,944,1340,1506,1832,1875]
[0,327,609,1875]
[0,327,464,609,944,1340,1506,1832,1875]
[0,327,392,609,944,1204,1340,1506,1832,1875]
[0,327,371,609,944,1204,1340,1506,1875]
[0,327,609,944,1340,1506,1875]
[0,327,464,609,1340,1506,1832,1875]
[0,371,609,1506,1875]
[0,609,1875]
[0,327,464,609,944,1204,1340,1506,1875]
[0,327,392,609,944,1340,1506,1832,1875]
[0,371,1875]
[0,327,609,944,1340,1506,1832,1875]
[0,371,944,1875]
[0,371,944,1506,1875]
[0,327,464,609,1340,1506,1875]
[0,327,392,609,944,1340,1506,1875]
[0,371,609,944,1340,1506,1832,1875]
[0,371,609,1875]
[0,371,1340,1506,1875]
[0,327,1875]
[0,327,1506,1875]
[0,327,609,1340,1506,1832,1875]
[0,327,609,1506,1875]
[0,944,1506,1875]
[0,327,371,609,944,1204,1340,1506,1832,1875]
[0,327,464,609,944,1204,1340,1506,1832,1875]
[0,327,944,1506,1875]
[0,1506,1875]
[0,371,609,944,1340,1506,1875]
[0,327,464,609,944,1340,1506,1875]
[0,609,1506,1875]
[0,371,609,1340,1506,1875]
[0,327,392,609,944,1204,1340,1506,1875]
[0,327,609,944,1506,1875]
[0,327,609,944,1204,1340,1506,1875]
[0,371,609,944,1204,1340,1506,1875]
[0,371,609,944,1506,1875]
[0,327,371,609,944,1340,1506,1875]
[0,944,1875]
[0,327,609,1340,1506,1875]
