[0,191,378,526,675,913,1262,1465]
[0,1262,1465]
[0,191,378,526,678,750,913,1081,1241,1465]
[0,378,913,1241,1465]
[0,191,378,716,913,1241,1465]
[0,913,1241,1465]
[0,191,378,526,716,913,1081,1241,1465]
[0,750,1241,1465]
[0,191,378,526,697,910,1241,1465]
[0,750,913,1262,1465]
[0,191,378,526,675,913,1081,1262,1465]
[0,910,1241,1465]
[0,675,913,1241,1465]
[0,191,675,913,1262,1465]
[0,191,378,526,697,910,1081,1241,1465]
[0,191,378,678,913,1081,1241,1465]
[0,191,378,526,675,750,913,1262,1465]
[0,1228,1465]
[0,191,378,526,678,913,1241,1465]
[0,697,910,1241,1465]
[0,913,1465]
[0,191,378,913,1241,1465]
[0,191,678,913,1241,1465]
[0,750,1465]
[0,675,913,1465]
[0,378,913,1465]
[0,378,913,1262,1465]
[0,191,378,526,716,913,1241,1465]
[0,1241,1465]
[0,191,913,1262,1465]
[0,678,913,1241,1465]
[0,191,378,526,675,750,913,1081,1262,1465]
[0,191,378,675,913,1262,1465]
[0,913,1262,1465]
[0,750,1262,1465]
[0,191,378,716,913,1081,1241,1465]
[0,675,913,1262,1465]
[0,678,913,1465]
[0,191,716,913,1241,1465]
[0,716,913,1241,1465]
[0,191,378,526,678,913,1081,1241,1465]
[0,191,697,910,1241,1465]
[0,191,378,697,910,1241,1465]
[0,910,1465]
[0,191,378,675,913,1081,1262,1465]
[0,191,378,697,910,1081,1241,1465]
[0,191,750,913,1262,1465]
[0,191,378,913,1262,1465]
[0,191,378,678,913,1241,1465]
