[0,140,765,1274,1551,1883,2189]
[0,2093,2189]
[0,933,1274,1551,2189]
[0,501,933,1496,1883,2093,2189]
[0,140,933,1274,1551,1883,2189]
[0,140,1274,1883,2189]
[0,501,933,1274,1551,1883,1983,2189]
[0,140,1983,2189]
[0,933,1551,1983,2189]
[0,1883,2093,2189]
[0,1274,1551,1883,2189]
[0,501,933,1496,2189]
[0,501,933,1551,2189]
[0,140,1274,1883,2093,2189]
[0,933,2093,2189]
[0,501,933,1274,1551,1883,1983,2093,2189]
[0,140,933,1274,1551,1883,1983,2189]
[0,140,933,1551,1883,2093,2189]
[0,933,1274,1551,1983,2189]
[0,140,1274,1551,1883,1983,2189]
[0,933,1274,2189]
[0,501,933,1496,1983,2189]
[0,140,933,1551,1883,2189]
[0,1883,2189]
[0,1274,2093,2189]
[0,140,765,1274,1551,1883,1983,2189]
[0,140,765,1274,1551,1883,2093,2189]
[0,140,1274,2093,2189]
[0,140,933,1551,1883,1983,2093,2189]
[0,501,1274,1551,1883,2093,2189]
[0,501,1274,1883,2189]
[0,501,933,1274,1551,2189]
[0,140,1274,1983,2189]
[0,501,1274,1551,1883,2189]
[0,140,1883,2189]
[0,501,933,2189]
[0,1274,1551,1883,1983,2189]
[0,501,933,1274,1551,1983,2189]
[0,1274,1551,1883,2093,2189]
[0,1274,1883,2189]
[0,1274,1551,1983,2189]
[0,765,1274,1551,1883,2189]
[0,765,1274,1551,2189]
[0,140,933,1883,1983,2189]
[0,933,1274,1551,1883,2189]
[0,140,933,1883,2093,2189]
[0,501,1274,2189]
[0,765,1274,1883,2189]
[0,501,933,1274,1551,1883,2093,2189]
[0,140,933,1274,1551,1983,2189]
[0,501,933,1983,2189]
[0,933,2189]
[0,140,933,1883,2189]
[0,501,933,1274,1551,1883,2189]
[0,501,933,1274,2189]
[0,1274,1883,2093,2189]
[0,933,1983,2189]
[0,140,933,1551,1883,1983,2189]
[0,1274,2189]
[0,501,933,1496,1883,1983,2189]
[0,501,933,1551,1883,2189]
[0,140,933,2189]
[0,501,1274,1551,1983,2189]
[0,1274,1983,2189]
[0,765,1274,1551,1983,2189]
[0,501,1274,1551,1883,1983,2189]
[0,501,1274,1551,2189]
[0,140,1274,1551,1983,2189]
[0,933,1983,2093,2189]
[0,140,933,2093,2189]
[0,501,933,1496,1883,1983,2093,2189]
[0,140,1274,2189]
[0,501,933,1983,2093,2189]
[0,1983,2189]
[0,501,933,1883,2189]
[0,140,933,1274,1551,1883,2093,2189]
[0,765,1274,2189]
[0,140,1274,1551,1883,2093,2189]
[0,140,933,1983,2189]
[0,140,933,1274,1551,1883,1983,2093,2189]
[0,933,1551,2189]
[0,933,1496,2189]
[0,501,933,1883,1983,2189]
[0,933,1551,1883,2189]
[0,501,933,1883,2093,2189]
[0,933,1883,2189]
[0,140,765,1274,1551,1983,2189]
[0,933,1883,2093,2189]
[0,140,765,1274,1551,1883,1983,2093,2189]
[0,1274,1551,2189]
[0,501,933,1496,1883,2189]
[0,140,1274,1551,1883,2189]
[0,140,933,1551,1983,2189]
