[0,335,685,1197]
[0,335,685,1030,1197]
[0,335,516,685,1030,1197]
[0,131,361,1030,1197]
[0,131,198,361,540,685,1030,1197]
[0,361,1197]
[0,131,335,685,1030,1197]
[0,335,540,685,1030,1197]
[0,131,361,685,1030,1197]
[0,1030,1197]
[0,131,335,837,1030,1197]
[0,131,254,361,540,685,1030,1197]
[0,131,361,540,685,1030,1197]
[0,335,1030,1197]
[0,131,335,1030,1197]
[0,361,685,1197]
[0,131,361,838,1197]
[0,131,335,1197]
[0,131,335,516,837,1030,1197]
[0,838,1197]
[0,312,1197]
[0,335,516,837,1030,1197]
[0,131,335,540,685,1030,1197]
[0,131,198,361,1030,1197]
[0,361,1030,1197]
[0,131,361,1197]
[0,131,198,335,685,1030,1197]
[0,131,335,516,685,1030,1197]
[0,131,1030,1197]
[0,335,516,685,1197]
[0,361,685,1030,1197]
[0,335,516,837,1197]
[0,131,198,335,1030,1197]
[0,361,838,1197]
[0,312,838,1197]
[0,837,1197]
[0,361,540,685,1030,1197]
[0,131,198,361,685,1030,1197]
[0,335,837,1197]
[0,335,837,1030,1197]
[0,131,198,335,516,685,1030,1197]
[0,685,1197]
[0,335,1197]
