[0,196,902,1565,2837,3635,4012,4758]
[0,196,902,1565,2837,3611,4289,4758]
[0,2837,3611,4289,4758]
[0,196,902,1565,2837,3353,3635,4012,4758]
[0,78,902,2138,2566,3353,4012,4758]
[0,2837,3611,4758]
[0,902,2138,2566,3353,4758]
[0,816,1565,2837,3540,4758]
[0,196,902,1565,2566,2837,3353,3611,4289,4758]
[0,902,1565,2138,2837,3611,4758]
[0,1565,2791,3353,4758]
[0,902,1639,2566,2837,3540,4758]
[0,902,1565,2837,3635,4012,4758]
[0,902,1639,2566,2837,3540,4289,4758]
[0,196,902,1565,2138,2566,2837,3353,3635,4012,4758]
[0,902,1639,3353,4758]
[0,78,902,1639,3353,4758]
[0,902,1565,2138,2566,2837,3611,4289,4758]
[0,1639,2837,3353,4758]
[0,78,902,1639,2566,2837,3540,4012,4758]
[0,78,902,1639,2566,3540,4012,4758]
[0,1639,2837,3540,4758]
[0,78,902,1639,2566,2837,3540,4289,4758]
[0,78,1639,2837,3540,4758]
[0,991,1639,2837,3353,4758]
[0,2138,4758]
[0,1639,2566,3681,4758]
[0,902,1639,3540,4758]
[0,1639,2566,3353,4758]
[0,78,902,1639,3540,4758]
[0,78,902,1639,2837,3540,4289,4758]
[0,78,2138,3353,4758]
[0,1639,2566,3540,4758]
[0,78,902,1639,2566,3353,4758]
[0,78,902,1639,2837,3540,4758]
[0,1565,2837,3635,4758]
[0,1639,3681,4758]
[0,1639,3353,4758]
[0,902,1565,2566,2837,3353,3611,4289,4758]
[0,902,1565,2837,3353,4758]
[0,1639,2837,3540,4289,4758]
[0,78,902,1639,2566,2837,3540,4758]
[0,902,1639,2837,4758]
[0,196,902,1565,2138,2566,2837,3353,3611,4289,4758]
[0,902,1639,2566,3681,4758]
[0,196,902,1565,2566,2837,3353,3635,4012,4758]
[0,902,1639,2566,3353,4758]
[0,1565,2837,3635,4012,4758]
[0,902,1565,2837,3353,3635,4012,4758]
[0,2138,3353,4758]
[0,1565,2791,4758]
[0,2791,4758]
[0,2791,3353,4758]
[0,78,902,2138,2566,3353,4758]
[0,1565,2837,3611,4289,4758]
[0,1639,2837,4758]
[0,2138,2566,3353,4758]
[0,902,1639,2837,3540,4012,4758]
[0,902,1565,2837,4758]
[0,196,902,1565,2837,3353,4758]
[0,902,1565,2138,2566,2837,3353,3611,4289,4758]
[0,902,1565,2138,2837,3635,4012,4758]
[0,902,1639,2837,3540,4289,4758]
[0,2837,3635,4012,4758]
[0,902,1639,2566,2837,3353,3540,4289,4758]
[0,902,1565,2138,2837,3611,4289,4758]
[0,902,2138,3353,4758]
[0,78,902,2138,3353,4758]
[0,2837,4758]
[0,1565,2837,4758]
[0,902,1639,2566,2837,3540,4012,4758]
[0,804,1565,2791,3353,4758]
[0,902,1639,2566,3540,4012,4758]
[0,1565,2837,3540,4758]
[0,804,1565,2791,4758]
[0,902,1565,2566,2837,3611,4289,4758]
[0,1639,4758]
[0,2837,3635,4758]
[0,1311,4758]
[0,902,1565,2566,2837,3353,3635,4012,4758]
[0,902,1565,2138,2837,3635,4758]
[0,902,1565,2837,3611,4758]
[0,2837,3353,4758]
[0,902,1639,3681,4758]
[0,196,902,1565,2566,2837,3611,4289,4758]
[0,991,1639,2837,4758]
[0,78,2837,3540,4758]
[0,2837,3540,4758]
[0,196,991,1639,2837,3353,4758]
[0,78,1639,4758]
[0,1565,2837,3611,4758]
[0,902,2138,2566,3353,4012,4758]
[0,78,902,1639,2566,3540,4758]
[0,902,1565,2837,3635,4758]
[0,902,1565,2138,2837,3353,3635,4012,4758]
[0,1639,3540,4758]
[0,1565,2837,3353,4758]
[0,902,1565,2837,3611,4289,4758]
[0,816,1565,2837,4758]
[0,2837,3540,4289,4758]
[0,902,1639,2566,2837,3353,3540,4012,4758]
[0,3150,4758]
[0,1311,3150,4758]
[0,902,1639,2566,3540,4758]
[0,902,2138,3353,4012,4758]
[0,902,1565,2138,2566,2837,3353,3635,4012,4758]
[0,78,902,1639,4758]
[0,2791,3540,4758]
[0,902,1639,4758]
[0,78,902,1639,2566,2837,3353,3540,4012,4758]
[0,78,2138,4758]
[0,902,1639,2837,3540,4758]
[0,78,902,1639,2566,2837,3353,3540,4289,4758]
