[0,128,450,1264]
[0,450,566,1057,1264]
[0,96,219,450,566,828,933,1057,1264]
[0,450,566,1264]
[0,450,949,1264]
[0,816,933,1057,1264]
[0,96,1057,1264]
[0,96,220,450,566,1057,1264]
[0,96,220,450,566,816,933,1057,1139,1264]
[0,96,450,1057,1264]
[0,219,450,1057,1264]
[0,450,566,828,933,1057,1264]
[0,96,219,393,450,566,933,1057,1139,1264]
[0,450,933,1057,1264]
[0,393,1057,1264]
[0,96,219,450,566,828,933,1057,1139,1264]
[0,96,220,450,1057,1264]
[0,96,1264]
[0,220,450,933,1057,1264]
[0,96,220,450,566,933,1057,1139,1264]
[0,220,450,566,1264]
[0,450,1057,1264]
[0,220,450,1057,1264]
[0,96,220,450,1264]
[0,96,220,1057,1264]
[0,450,566,816,933,1057,1264]
[0,219,450,566,828,933,1057,1264]
[0,96,219,1057,1264]
[0,96,220,393,450,566,816,933,1057,1139,1264]
[0,933,1057,1264]
[0,96,219,450,566,933,1057,1139,1264]
[0,128,450,1139,1264]
[0,220,1264]
[0,128,450,949,1264]
[0,219,450,566,1057,1264]
[0,220,450,566,816,933,1057,1264]
[0,128,450,949,1139,1264]
[0,96,220,450,566,933,1057,1264]
[0,96,219,393,450,566,828,933,1057,1139,1264]
[0,219,450,933,1057,1264]
[0,220,450,566,933,1057,1264]
[0,220,450,566,1057,1264]
[0,96,219,450,566,1057,1264]
[0,96,220,450,566,1264]
[0,220,450,1264]
[0,219,1264]
[0,96,219,450,1057,1264]
[0,96,450,566,1057,1264]
[0,219,450,1264]
[0,450,1264]
[0,450,816,933,1057,1264]
[0,393,1264]
[0,96,220,1264]
[0,220,1057,1264]
[0,220,450,816,933,1057,1264]
[0,450,566,933,1057,1264]
[0,96,220,450,566,816,933,1057,1264]
[0,219,1057,1264]
[0,450,1139,1264]
[0,219,450,566,933,1057,1264]
[0,96,219,450,566,933,1057,1264]
[0,1057,1264]
