[0,140,413,658,838,1249]
[0,109,413,1094,1249]
[0,413,658,1249]
[0,140,413,658,838,1112,1249]
[0,140,333,413,478,658,838,1112,1249]
[0,460,1249]
[0,140,413,478,1112,1249]
[0,278,413,1010,1249]
[0,413,838,1249]
[0,102,333,413,478,1112,1249]
[0,140,413,478,658,1010,1249]
[0,96,278,413,1112,1249]
[0,96,413,478,1010,1249]
[0,375,533,1112,1249]
[0,102,333,413,1112,1249]
[0,102,413,1112,1249]
[0,109,533,1249]
[0,96,413,478,533,1112,1249]
[0,109,375,533,1112,1249]
[0,140,413,658,1112,1249]
[0,102,333,413,478,533,658,1112,1249]
[0,96,278,413,1010,1249]
[0,96,413,1010,1249]
[0,413,658,1010,1249]
[0,102,333,413,658,1112,1249]
[0,102,413,658,838,1112,1249]
[0,140,333,413,658,838,1112,1249]
[0,413,658,838,1249]
[0,102,413,658,1112,1249]
[0,140,413,658,1249]
[0,102,413,478,658,1112,1249]
[0,140,333,413,1112,1249]
[0,413,1112,1249]
[0,413,478,533,1010,1249]
[0,140,413,1249]
[0,140,413,1010,1249]
[0,140,333,413,478,658,1010,1249]
[0,413,1094,1249]
[0,140,333,413,658,1010,1249]
[0,375,1112,1249]
[0,140,413,838,1249]
[0,375,533,1249]
[0,96,278,413,478,533,1010,1249]
[0,278,413,1112,1249]
[0,413,478,1010,1249]
[0,96,278,413,478,1010,1249]
[0,102,413,478,1112,1249]
[0,102,333,413,658,838,1112,1249]
[0,140,413,478,658,1112,1249]
[0,96,413,1112,1249]
[0,96,413,478,1112,1249]
[0,102,333,413,478,658,838,1112,1249]
[0,460,1094,1249]
[0,413,658,1112,1249]
[0,413,1010,1249]
[0,140,333,413,1010,1249]
[0,413,658,838,1112,1249]
[0,102,333,413,478,533,658,838,1112,1249]
[0,533,1112,1249]
[0,140,413,1112,1249]
[0,140,333,413,478,536,658,838,1112,1249]
[0,109,533,1112,1249]
[0,533,1094,1249]
[0,140,333,413,658,1112,1249]
[0,413,1249]
[0,96,278,413,478,533,1112,1249]
[0,140,413,478,1010,1249]
[0,140,333,413,478,658,1112,1249]
[0,375,1249]
[0,102,333,413,478,658,1112,1249]
[0,96,278,413,478,1112,1249]
[0,96,413,478,533,1010,1249]
[0,140,413,658,1010,1249]
[0,102,333,413,478,533,1112,1249]
[0,102,413,478,533,1112,1249]
[0,533,1249]
