[0,914,1902,2956]
[0,315,914,1490,2277,2486,2956]
[0,315,914,1902,2486,2864,2956]
[0,315,914,1986,2349,2864,2956]
[0,914,1986,2349,2956]
[0,275,914,1902,2277,2486,2956]
[0,275,914,1490,2486,2956]
[0,275,914,1902,2277,2486,2864,2956]
[0,275,914,2277,2486,2642,2956]
[0,315,914,1902,2486,2642,2864,2956]
[0,1986,2956]
[0,275,914,2277,2486,2864,2956]
[0,275,914,1902,2486,2864,2956]
[0,315,914,2486,2956]
[0,914,1522,2486,2956]
[0,914,1490,2956]
[0,914,2956]
[0,317,1039,2956]
[0,275,914,1490,2277,2486,2642,2956]
[0,1902,2956]
[0,275,914,1256,1490,2486,2956]
[0,315,914,1490,2277,2486,2864,2956]
[0,275,914,1490,2277,2486,2864,2956]
[0,315,914,1490,2486,2956]
[0,1039,2956]
[0,275,914,2956]
[0,275,914,2277,2486,2956]
[0,1522,2486,2956]
[0,315,914,1986,2956]
[0,315,914,1986,2349,2956]
[0,315,914,2277,2486,2864,2956]
[0,275,914,2486,2956]
[0,914,1522,2956]
[0,914,2486,2956]
[0,1490,2956]
[0,315,914,2956]
[0,275,914,1256,1490,2277,2486,2956]
[0,914,1902,2486,2956]
[0,275,914,1490,2277,2486,2956]
[0,315,914,1522,2486,2956]
[0,275,914,1256,1490,2277,2486,2642,2864,2956]
[0,914,1986,2956]
[0,275,914,1902,2486,2956]
[0,315,914,1902,2486,2642,2956]
[0,315,914,1902,2486,2956]
[0,315,914,2277,2486,2956]
[0,275,914,1256,1490,2277,2486,2642,2956]
[0,1490,2486,2956]
[0,1522,2956]
[0,1902,2486,2956]
[0,275,914,1256,1490,2277,2486,2864,2956]
[0,914,1490,2486,2956]
