[0,233,413,525,634,775,933,1249]
[0,233,413,525,775,933,1249]
[0,233,413,933,1249]
[0,404,467,933,1249]
[0,129,413,775,933,1249]
[0,413,933,1249]
[0,233,413,525,634,933,1249]
[0,129,404,467,933,1249]
[0,129,413,933,1249]
[0,129,404,467,634,933,1249]
[0,129,413,525,634,933,1249]
[0,129,404,634,775,933,1249]
[0,129,413,525,634,775,933,1249]
[0,129,404,933,1249]
[0,404,480,933,1249]
[0,233,413,525,933,1249]
[0,413,634,933,1249]
[0,129,413,467,634,933,1249]
[0,129,413,467,634,775,933,1249]
[0,404,634,775,933,1249]
[0,413,1249]
[0,413,634,775,933,1249]
[0,129,413,467,933,1249]
[0,404,1249]
[0,129,404,775,933,1249]
[0,129,404,480,634,775,933,1249]
[0,129,404,480,634,933,1249]
[0,129,413,634,775,933,1249]
[0,404,634,933,1249]
[0,413,467,933,1249]
[0,404,775,933,1249]
[0,129,404,480,933,1249]
[0,413,775,933,1249]
[0,404,933,1249]
[0,129,413,525,933,1249]
[0,129,413,525,775,933,1249]
[0,129,404,467,634,775,933,1249]
[0,233,413,775,933,1249]
[0,129,413,634,933,1249]
[0,129,404,634,933,1249]
