[0,76,638,969]
[0,76,415,542,969]
[0,76,321,969]
[0,76,148,369,638,969]
[0,75,369,415,542,969]
[0,75,415,500,542,969]
[0,76,148,415,500,638,969]
[0,415,969]
[0,76,638,869,969]
[0,321,500,638,869,969]
[0,75,369,415,500,638,916,969]
[0,369,415,638,969]
[0,76,321,369,415,500,542,638,969]
[0,76,321,500,638,869,969]
[0,76,321,369,638,869,969]
[0,321,500,638,969]
[0,76,415,969]
[0,76,321,369,415,500,542,638,869,969]
[0,76,369,500,638,869,969]
[0,369,638,969]
[0,369,500,638,869,969]
[0,76,415,500,542,969]
[0,75,321,369,415,500,542,916,969]
[0,76,321,369,500,638,969]
[0,75,369,415,500,542,969]
[0,75,369,415,638,969]
[0,76,148,321,369,500,638,869,969]
[0,76,148,321,500,638,869,969]
[0,369,415,969]
[0,76,500,638,869,969]
[0,75,542,969]
[0,76,415,500,542,638,969]
[0,75,321,369,500,638,916,969]
[0,369,415,500,542,969]
[0,76,369,542,969]
[0,75,321,369,415,542,916,969]
[0,75,415,542,969]
[0,76,321,369,415,500,542,969]
[0,75,321,369,415,500,638,969]
[0,76,415,500,638,969]
[0,76,321,369,969]
[0,75,542,916,969]
[0,75,321,369,916,969]
[0,415,500,638,969]
[0,369,542,969]
[0,75,638,969]
[0,75,321,969]
[0,76,148,415,500,542,638,969]
[0,76,369,415,542,969]
[0,75,321,369,415,542,969]
[0,75,638,916,969]
[0,75,321,369,969]
[0,75,148,415,500,638,969]
[0,369,415,500,638,969]
[0,76,369,638,969]
[0,75,500,542,969]
[0,75,369,415,969]
[0,76,148,321,500,638,969]
[0,76,148,321,369,500,638,969]
[0,75,415,500,638,969]
[0,75,321,500,638,969]
[0,75,321,369,415,500,638,916,969]
[0,500,638,869,969]
[0,75,321,369,415,500,542,638,916,969]
[0,75,369,542,969]
[0,415,542,969]
[0,75,969]
[0,76,369,638,869,969]
[0,75,148,415,500,542,638,969]
[0,75,500,638,969]
[0,75,369,415,500,638,969]
[0,76,148,321,369,415,500,638,969]
[0,75,369,638,916,969]
[0,76,148,500,638,869,969]
[0,76,148,321,369,415,500,542,638,969]
[0,76,369,500,638,969]
[0,76,321,369,542,969]
[0,75,415,500,638,916,969]
[0,75,369,638,969]
[0,415,638,969]
[0,76,148,500,638,969]
[0,76,321,369,415,500,638,969]
[0,369,500,638,969]
[0,369,969]
[0,76,321,369,638,969]
[0,76,321,369,415,500,638,869,969]
[0,75,321,369,500,638,969]
[0,75,415,969]
[0,75,321,916,969]
[0,75,369,542,916,969]
[0,542,969]
[0,76,148,321,369,415,500,542,638,869,969]
[0,75,321,369,415,969]
[0,76,369,415,969]
[0,75,500,638,916,969]
[0,75,321,369,415,500,542,638,969]
[0,638,969]
[0,75,321,369,638,916,969]
[0,500,638,969]
[0,369,415,542,969]
[0,75,321,369,542,969]
[0,76,321,500,638,969]
[0,76,500,542,969]
[0,369,638,869,969]
[0,75,321,369,415,916,969]
[0,76,148,321,369,638,969]
[0,76,148,321,369,638,869,969]
[0,75,415,500,542,638,969]
[0,321,638,969]
[0,76,500,638,969]
[0,76,969]
[0,76,369,415,500,542,969]
[0,75,321,369,638,969]
[0,76,148,321,369,415,500,638,869,969]
[0,75,321,369,542,916,969]
[0,500,542,969]
[0,75,321,369,415,500,542,969]
[0,76,321,369,500,638,869,969]
[0,76,321,369,415,542,969]
[0,76,321,369,415,969]
[0,76,542,969]
[0,638,869,969]
[0,76,369,415,500,638,969]
[0,75,916,969]
[0,76,148,638,969]
[0,76,148,369,638,869,969]
[0,75,321,500,638,916,969]
[0,321,969]
