[0,1725,2842,3494,4758]
[0,394,1710,2427,2850,3494,4758]
[0,86,394,1710,2427,2850,3494,4424,4758]
[0,1710,2427,2850,3494,4102,4424,4758]
[0,2139,4758]
[0,1710,2842,4758]
[0,86,1710,2850,3494,4758]
[0,1710,2427,2850,4054,4758]
[0,53,1710,2427,2850,4054,4424,4758]
[0,394,1725,2427,2850,3494,4054,4758]
[0,394,1710,2850,4102,4424,4758]
[0,86,1710,2335,2842,3494,4758]
[0,2427,4758]
[0,1725,2427,2850,3494,4054,4424,4758]
[0,1725,2335,2842,3494,4758]
[0,1725,4758]
[0,86,1725,2335,2842,3494,4417,4758]
[0,394,1710,2427,2850,4054,4424,4758]
[0,86,2043,4417,4758]
[0,53,394,1725,2427,2850,3494,4054,4424,4758]
[0,53,1710,2850,3494,4758]
[0,1710,2427,2850,3494,4424,4758]
[0,86,2139,2850,4758]
[0,1710,2335,2842,3494,4417,4758]
[0,2139,2850,4758]
[0,2139,2850,3494,4424,4758]
[0,394,1710,2850,3494,4758]
[0,2139,2850,3494,4758]
[0,1710,2335,2842,3494,4758]
[0,53,394,1710,2427,2850,3494,4417,4758]
[0,2850,4758]
[0,1710,2850,3494,4054,4758]
[0,1710,2427,2850,3494,4417,4758]
[0,86,394,1710,2427,2850,3494,4102,4424,4758]
[0,853,1725,2335,2842,3494,4758]
[0,1710,2427,2850,3494,4758]
[0,394,1725,2427,2850,3494,4054,4424,4758]
[0,394,1710,2427,2850,3494,4102,4424,4758]
[0,53,1710,2427,2850,3494,4758]
[0,394,1710,2427,2850,3494,4424,4758]
[0,1710,2842,3494,4758]
[0,1725,2850,4054,4424,4758]
[0,1710,2427,2850,4054,4424,4758]
[0,394,1710,2427,2850,3494,4054,4758]
[0,1710,2427,2850,3494,4054,4424,4758]
[0,53,1725,2427,2850,4054,4424,4758]
[0,1710,4758]
[0,86,394,1710,2427,2850,3494,4758]
[0,1710,2850,4054,4424,4758]
[0,2043,4417,4758]
[0,86,1725,2335,2842,3494,4758]
[0,53,394,1710,2427,2850,4054,4424,4758]
[0,1725,2427,2850,3494,4758]
[0,53,394,1725,2427,2850,4054,4424,4758]
[0,1725,2427,2850,3494,4054,4758]
[0,394,1710,2850,4102,4758]
[0,1710,2850,4102,4424,4758]
[0,86,394,1710,2850,3494,4758]
[0,1725,2850,4054,4758]
[0,86,2043,4758]
[0,853,1725,2842,4758]
[0,86,394,1710,2850,3494,4102,4424,4758]
[0,1725,2427,2850,4054,4424,4758]
[0,394,1725,2427,2850,4054,4758]
[0,1710,2850,4054,4758]
[0,1710,2850,4758]
[0,53,1710,2850,4054,4424,4758]
[0,1725,2842,4758]
[0,1725,2850,3494,4054,4758]
[0,394,1725,2427,2850,4054,4424,4758]
[0,2850,3494,4758]
[0,53,1725,2850,4054,4424,4758]
[0,1710,2850,3494,4424,4758]
[0,86,853,1725,2335,2842,3494,4417,4758]
[0,853,1725,2335,2842,3494,4417,4758]
[0,1710,2427,2850,3494,4054,4758]
[0,1725,2335,2842,3494,4417,4758]
[0,53,394,1710,2427,2850,3494,4758]
[0,86,2850,4758]
[0,394,1710,2427,2850,4054,4758]
[0,1710,2850,3494,4102,4424,4758]
[0,2043,4758]
[0,86,1710,2335,2842,3494,4417,4758]
[0,86,1710,2850,4102,4424,4758]
[0,1725,2427,2850,4054,4758]
[0,1710,2850,4102,4758]
[0,853,1725,2842,3494,4758]
[0,1725,2850,3494,4758]
[0,86,2427,4758]
[0,394,1710,2427,2850,3494,4054,4424,4758]
[0,394,1725,2427,2850,3494,4758]
[0,1710,2850,3494,4758]
[0,1725,2850,4758]
[0,394,1710,2427,2850,3494,4417,4758]
[0,2848,4758]
[0,53,394,1710,2427,2850,3494,4054,4424,4758]
[0,394,1710,2850,3494,4102,4424,4758]
[0,394,1710,2850,3494,4424,4758]
[0,86,394,1710,2850,4102,4424,4758]
