[0,66,206,658,736,948,1249]
[0,66,206,278,658,736,807,948,1249]
[0,278,658,736,1249]
[0,206,736,1105,1249]
[0,66,206,736,1205,1249]
[0,206,725,1249]
[0,736,948,1249]
[0,658,1249]
[0,206,658,736,1105,1249]
[0,66,206,725,1249]
[0,66,206,736,1249]
[0,206,658,736,807,948,1249]
[0,206,736,948,1249]
[0,206,736,1249]
[0,66,206,658,736,1205,1249]
[0,66,206,658,736,1249]
[0,66,206,278,658,736,807,948,1205,1249]
[0,206,658,736,948,1249]
[0,66,206,736,1105,1249]
[0,206,278,658,736,948,1249]
[0,278,736,1249]
[0,206,658,736,861,948,1249]
[0,278,736,948,1249]
[0,66,206,658,736,861,948,1249]
[0,66,206,658,736,948,1205,1249]
[0,278,658,736,807,948,1249]
[0,66,206,658,736,807,948,1205,1249]
[0,725,1249]
[0,66,206,658,736,861,948,1205,1249]
[0,66,206,658,1249]
[0,206,658,736,1249]
[0,206,278,658,736,807,948,1249]
[0,206,658,1249]
[0,736,1249]
[0,736,1105,1249]
[0,66,206,658,736,1105,1249]
[0,206,736,861,948,1249]
[0,278,658,736,948,1249]
[0,66,206,658,736,807,948,1249]
