[0,666,940,1651]
[0,103,241,553,666,861,940,1280,1340,1651]
[0,241,940,1280,1651]
[0,241,666,1340,1651]
[0,666,940,1340,1651]
[0,1340,1651]
[0,260,1280,1651]
[0,241,1340,1651]
[0,940,1280,1651]
[0,103,241,666,940,1280,1651]
[0,666,940,1280,1651]
[0,666,1651]
[0,1280,1651]
[0,241,666,940,1280,1651]
[0,103,241,553,666,861,940,1340,1651]
[0,103,241,553,666,861,1340,1651]
[0,241,666,940,1280,1451,1651]
[0,666,1340,1651]
[0,241,666,861,1340,1651]
[0,241,553,666,861,1340,1651]
[0,103,241,666,940,1280,1451,1651]
[0,940,1651]
[0,940,1340,1651]
[0,241,666,940,1340,1651]
[0,103,241,666,940,1340,1651]
[0,103,241,666,861,1340,1651]
[0,241,1280,1651]
