[0,195,1085,1419]
[0,195,429,680,1085,1419]
[0,378,706,1155,1419]
[0,147,226,378,706,825,1155,1419]
[0,195,378,482,706,1085,1419]
[0,226,378,482,706,825,1155,1419]
[0,429,1085,1419]
[0,226,378,706,825,890,1155,1419]
[0,226,378,706,825,1155,1419]
[0,226,1006,1419]
[0,482,706,1085,1419]
[0,147,226,378,706,1085,1419]
[0,226,378,1085,1419]
[0,226,1085,1419]
[0,226,378,1155,1419]
[0,195,481,1085,1419]
[0,226,378,482,706,1085,1419]
[0,147,226,378,482,706,825,890,1155,1419]
[0,1006,1419]
[0,429,680,1085,1419]
[0,378,706,1419]
[0,226,1155,1419]
[0,1085,1419]
[0,147,226,378,481,706,1085,1419]
[0,226,378,481,706,825,1155,1419]
[0,429,1419]
[0,226,378,481,706,1085,1419]
[0,147,226,378,482,706,1085,1419]
[0,1155,1419]
[0,147,226,378,482,706,825,1155,1419]
[0,147,226,378,706,825,890,1155,1419]
[0,147,226,378,481,706,825,1155,1419]
[0,706,1419]
[0,378,706,1085,1419]
[0,195,429,1085,1419]
[0,706,1085,1419]
[0,481,1085,1419]
[0,226,378,568,706,1085,1419]
[0,226,378,706,1085,1419]
[0,195,482,706,1085,1419]
[0,226,378,706,1155,1419]
[0,706,1155,1419]
[0,481,1419]
[0,147,226,378,568,706,1085,1419]
[0,226,378,482,706,825,890,1155,1419]
[0,147,226,378,481,706,825,890,1155,1419]
