[0,448,686,1180]
[0,686,1180]
[0,686,805,1052,1180]
[0,916,1052,1180]
[0,123,686,805,1052,1180]
[0,448,723,1180]
[0,350,686,805,916,1052,1180]
[0,723,960,1180]
[0,448,686,805,1052,1180]
[0,258,960,1180]
[0,686,1052,1180]
[0,805,916,1041,1180]
[0,805,916,1052,1180]
[0,350,916,1052,1180]
[0,723,1052,1180]
[0,350,723,1180]
[0,257,350,448,686,805,1052,1180]
[0,258,805,1180]
[0,350,723,916,1041,1180]
[0,350,723,916,1052,1180]
[0,723,1041,1180]
[0,350,448,723,805,916,1041,1180]
[0,723,805,916,1041,1180]
[0,257,350,448,723,916,1052,1180]
[0,350,1180]
[0,350,448,723,916,1041,1180]
[0,350,448,723,916,1052,1180]
[0,350,448,723,1041,1180]
[0,350,448,723,1052,1180]
[0,350,659,723,805,916,1052,1180]
[0,723,805,916,1052,1180]
[0,805,916,1180]
[0,916,1041,1180]
[0,257,350,448,723,805,916,1041,1180]
[0,123,686,1052,1180]
[0,257,350,448,723,805,916,1052,1180]
[0,350,805,916,1041,1180]
[0,350,805,916,1052,1180]
[0,258,723,1180]
[0,448,805,1180]
[0,350,1052,1180]
[0,350,1041,1180]
[0,659,723,805,916,1041,1180]
[0,257,350,448,723,1041,1180]
[0,257,350,448,686,1052,1180]
[0,257,350,448,659,723,805,916,1041,1180]
[0,350,448,686,805,1052,1180]
[0,350,723,916,1180]
[0,659,723,805,916,1052,1180]
[0,350,686,1052,1180]
[0,723,1180]
[0,350,686,1180]
[0,448,686,1052,1180]
[0,350,723,1041,1180]
[0,350,723,1052,1180]
[0,350,686,805,1052,1180]
[0,123,723,805,1041,1180]
[0,258,1180]
[0,350,448,723,805,1041,1180]
[0,350,448,723,805,1052,1180]
[0,350,448,723,805,916,1052,1180]
[0,350,916,1041,1180]
[0,350,448,1052,1180]
[0,350,448,1041,1180]
[0,723,805,1041,1180]
[0,350,448,686,1052,1180]
[0,350,448,659,723,805,916,1041,1180]
[0,723,805,1052,1180]
[0,350,448,659,723,805,916,1052,1180]
[0,350,659,723,805,916,1041,1180]
[0,258,723,960,1180]
[0,916,1180]
[0,686,805,916,1052,1180]
[0,257,350,448,686,805,916,1052,1180]
[0,1052,1180]
[0,1041,1180]
[0,350,916,1180]
[0,350,723,805,916,1052,1180]
[0,123,723,1041,1180]
[0,448,723,960,1180]
[0,257,350,448,723,916,1041,1180]
[0,350,448,686,805,916,1052,1180]
[0,257,350,448,723,805,1041,1180]
[0,257,350,448,723,1052,1180]
[0,805,1180]
[0,257,350,448,659,723,805,916,1052,1180]
[0,350,723,805,916,1041,1180]
