[0,1009,2056,2698,3375,4285]
[0,1009,2773,3375,4285]
[0,457,1009,1713,2300,2773,3375,4285]
[0,1713,3375,4285]
[0,1009,1428,2056,2698,3375,4285]
[0,388,2056,3075,3375,4285]
[0,1009,2300,2698,3375,4285]
[0,2300,3375,4285]
[0,1713,2300,3075,4285]
[0,457,3375,4285]
[0,388,1009,1428,1713,2300,2698,3075,3375,4285]
[0,1713,2773,3375,4285]
[0,1713,2300,2773,3375,4285]
[0,457,1858,2698,3375,4285]
[0,457,1428,1713,2300,2773,3375,4285]
[0,2056,2773,3375,4285]
[0,457,1428,1713,2056,2773,3126,3375,4285]
[0,457,1009,1428,1713,2300,2773,3126,3375,4156,4285]
[0,457,3247,4285]
[0,1713,2300,2698,3375,4285]
[0,388,1009,1428,2056,2698,3075,3375,4285]
[0,2300,2773,3375,4285]
[0,3001,4285]
[0,388,1009,1428,1713,2056,2698,3075,3375,4285]
[0,2015,3247,4285]
[0,2028,4285]
[0,1713,2698,3375,4285]
[0,1009,4285]
[0,457,1428,1713,2056,2773,3375,4285]
[0,1713,3075,4285]
[0,388,1713,3075,4285]
[0,388,1009,1428,2056,2698,3375,4285]
[0,388,1009,2056,3075,4285]
[0,457,1009,2056,2773,3375,4285]
[0,1858,2698,3375,4285]
[0,1009,1713,2300,2698,3375,4285]
[0,1009,1713,2773,3375,4285]
[0,457,2300,2773,3375,4285]
[0,457,1009,1428,1713,2056,2773,3375,4285]
[0,3375,4285]
[0,388,1009,2056,3075,3375,4124,4285]
[0,388,3375,4285]
[0,2056,2698,3375,4285]
[0,388,2056,3075,4285]
[0,1713,4285]
[0,388,1713,2300,3075,3375,4285]
[0,3247,4285]
[0,388,2028,2773,3375,4285]
[0,1009,2056,3375,4285]
[0,2300,2698,3375,4285]
[0,388,1009,1713,2300,2698,3375,4285]
[0,1009,2056,4285]
[0,457,1009,1428,2056,2773,3375,4285]
[0,457,2056,3375,4285]
[0,1009,2300,4285]
[0,1009,1428,2056,3075,4285]
[0,1009,2300,2773,3375,4285]
[0,3075,4285]
[0,388,1009,1428,2056,3075,3375,4285]
[0,388,3075,4285]
[0,2028,2773,3375,4285]
[0,457,1009,1428,1713,2056,2300,2773,3126,3375,4156,4285]
[0,388,1009,1428,1713,2300,2698,3075,3375,4124,4285]
[0,457,1009,1428,1713,2300,2773,3126,3375,4285]
[0,388,2300,3375,4285]
[0,2028,3375,4285]
[0,1009,2056,3075,4285]
[0,388,1009,2056,2698,3375,4285]
[0,388,1713,2300,3075,4285]
[0,457,1009,1428,1713,2056,2300,2773,3126,3375,4285]
[0,457,1009,1428,1713,2300,2773,3375,4285]
[0,388,2056,2773,3375,4285]
[0,388,1009,1428,1713,2056,2300,2698,3075,3375,4124,4285]
[0,388,1713,2300,2698,3375,4285]
[0,388,1009,1428,1713,2056,2698,3075,3375,4124,4285]
[0,388,2056,2698,3375,4285]
[0,388,1009,1428,2056,3075,4285]
[0,1009,2056,2773,3375,4285]
[0,457,2015,3247,4285]
[0,1009,2300,3375,4285]
[0,388,1713,2300,2698,3075,3375,4285]
[0,2015,4285]
[0,388,1009,2056,3075,3375,4285]
[0,457,2056,2773,3126,3375,4285]
[0,457,1713,2300,2773,3126,3375,4285]
[0,1009,1713,3375,4285]
[0,2056,3375,4285]
[0,388,1009,1713,2300,2698,3075,3375,4285]
[0,388,2056,3375,4285]
[0,457,2056,2773,3375,4285]
[0,1009,3375,4285]
[0,457,1009,1428,1713,2056,2773,3126,3375,4285]
[0,1858,3375,4285]
[0,388,1009,1428,1713,2056,2300,2698,3075,3375,4285]
[0,457,1713,2056,2773,3126,3375,4285]
[0,388,2028,3375,4285]
[0,1009,1713,2300,2773,3375,4285]
[0,933,3001,4285]
[0,457,1858,3375,4285]
[0,457,1713,2056,2773,3375,4285]
[0,388,1009,1428,1713,2056,3075,3375,4124,4285]
[0,1858,4285]
[0,457,1428,1713,2300,2773,3126,3375,4285]
[0,457,1009,1428,1713,2056,2773,3126,3375,4156,4285]
[0,457,1713,2300,2773,3375,4285]
[0,2056,3075,4285]
[0,1009,1713,2698,3375,4285]
[0,1009,3075,4285]
[0,388,2300,2698,3375,4285]
[0,457,2300,3375,4285]
[0,2056,4285]
[0,388,1009,1428,1713,2056,3075,3375,4285]
[0,2300,4285]
[0,388,1713,3075,3375,4285]
[0,388,1009,2056,2698,3075,3375,4285]
