[0,288,492,696,1180]
[0,76,169,288,499,627,733,1041,1180]
[0,288,492,627,696,806,1041,1118,1180]
[0,288,572,627,806,857,1041,1118,1180]
[0,288,492,627,696,1180]
[0,631,1180]
[0,169,288,499,627,1041,1180]
[0,76,288,627,747,1041,1180]
[0,169,288,527,627,747,1041,1180]
[0,288,627,806,1180]
[0,288,499,627,733,1041,1180]
[0,288,499,627,733,1041,1118,1180]
[0,288,627,733,1180]
[0,284,627,806,1180]
[0,76,288,499,627,733,1041,1180]
[0,288,627,747,1041,1118,1180]
[0,76,288,627,747,1041,1118,1180]
[0,288,696,1041,1118,1180]
[0,288,627,1041,1180]
[0,284,627,1180]
[0,288,499,627,1041,1180]
[0,284,805,1180]
[0,288,572,627,806,1041,1118,1180]
[0,76,169,288,627,747,1041,1180]
[0,288,492,627,1180]
[0,288,627,806,1041,1118,1180]
[0,288,627,805,1180]
[0,76,169,288,527,627,747,1041,1180]
[0,284,627,806,1046,1180]
[0,288,627,1041,1118,1180]
[0,76,169,288,627,747,1041,1118,1180]
[0,696,1180]
[0,288,627,696,1041,1180]
[0,288,627,733,1041,1118,1180]
[0,288,499,627,1180]
[0,288,733,1041,1180]
[0,288,627,805,1046,1180]
[0,288,627,747,1041,1180]
[0,288,696,1180]
[0,284,631,1180]
[0,288,746,1041,1180]
[0,169,288,499,627,733,1041,1180]
[0,733,1180]
[0,288,733,1180]
[0,288,527,627,805,1046,1180]
[0,288,492,627,696,1041,1180]
[0,76,169,288,499,627,733,1041,1118,1180]
[0,288,492,627,696,1041,1118,1180]
[0,288,627,1180]
[0,288,733,1041,1118,1180]
[0,76,288,499,627,733,1041,1118,1180]
[0,169,288,627,747,1041,1180]
[0,288,527,627,747,1041,1180]
[0,288,746,1180]
[0,746,1180]
[0,288,696,1041,1180]
[0,288,627,696,1041,1118,1180]
[0,76,169,288,527,627,747,1041,1118,1180]
[0,288,492,627,806,1041,1180]
[0,288,627,733,1041,1180]
[0,288,627,806,1041,1180]
[0,288,492,627,696,806,1041,1180]
[0,288,492,696,1041,1180]
[0,288,572,627,806,1041,1180]
[0,627,1180]
[0,805,1180]
