[0,344,1419]
[0,333,1419]
[0,46,333,410,585,672,878,1211,1375,1419]
[0,333,672,878,1419]
[0,46,333,672,878,1419]
[0,333,585,878,1026,1211,1419]
[0,46,333,410,559,672,878,1375,1419]
[0,672,1419]
[0,344,559,672,878,1419]
[0,333,585,672,878,1155,1211,1419]
[0,46,333,410,585,672,878,1211,1419]
[0,333,585,672,878,1211,1419]
[0,333,559,672,878,1419]
[0,46,344,559,672,1419]
[0,46,333,585,878,1211,1419]
[0,344,672,878,1419]
[0,46,344,672,878,1419]
[0,46,344,672,1375,1419]
[0,46,344,559,672,878,1419]
[0,46,344,672,878,1375,1419]
[0,46,344,559,672,878,1375,1419]
[0,46,333,585,672,878,1211,1375,1419]
[0,46,333,559,672,878,1419]
[0,46,333,878,1375,1419]
[0,46,344,672,1419]
[0,46,333,410,559,672,878,1419]
[0,344,878,1419]
[0,46,333,878,1419]
[0,878,1419]
[0,46,333,410,585,672,878,1155,1211,1419]
[0,333,410,585,672,878,1155,1211,1419]
[0,46,333,559,672,878,1375,1419]
[0,333,410,585,672,878,1211,1419]
[0,46,344,559,672,1375,1419]
[0,46,333,585,672,878,1155,1211,1375,1419]
[0,333,672,1419]
[0,333,878,1026,1211,1419]
[0,46,344,878,1375,1419]
[0,46,333,410,585,672,878,1155,1211,1375,1419]
[0,333,585,878,1211,1419]
[0,46,333,585,672,878,1211,1419]
[0,46,333,410,585,672,878,1026,1211,1419]
[0,46,333,672,878,1375,1419]
[0,333,585,878,1419]
[0,46,333,585,672,878,1155,1211,1419]
[0,46,344,878,1419]
[0,46,333,878,1211,1419]
[0,46,333,410,585,672,878,1026,1211,1375,1419]
[0,333,585,672,878,1026,1211,1419]
[0,344,672,1419]
[0,549,1419]
[0,333,410,585,672,878,1026,1211,1419]
[0,344,559,672,1419]
[0,333,878,1211,1419]
[0,333,878,1419]
[0,333,410,559,672,878,1419]
