[0,773,2747,3353]
[0,788,1029,2747,3000,3353]
[0,99,875,1283,1788,2747,3000,3353]
[0,875,1283,2747,3353]
[0,804,3353]
[0,99,875,1283,1807,2826,3353]
[0,99,875,1283,1807,2826,3000,3353]
[0,773,1038,1788,2747,3000,3353]
[0,773,1788,2747,3353]
[0,1722,3353]
[0,875,2747,3353]
[0,1788,3353]
[0,987,3353]
[0,875,1807,2826,3000,3353]
[0,875,1283,2826,3353]
[0,875,1807,3353]
[0,773,1763,3353]
[0,875,2826,3353]
[0,773,3353]
[0,788,1763,2747,3353]
[0,773,1038,2747,3000,3353]
[0,788,2747,3000,3353]
[0,773,1038,2747,3353]
[0,366,788,2747,3353]
[0,875,1283,1807,2826,3353]
[0,788,3353]
[0,99,875,1807,2826,3000,3353]
[0,99,875,1807,2826,3353]
[0,99,875,2826,3353]
[0,366,788,2747,3000,3353]
[0,773,1038,1763,2747,3353]
[0,2747,3353]
[0,788,2747,3353]
[0,773,1763,2747,3353]
[0,99,875,2747,3000,3353]
[0,1807,3353]
[0,2826,3353]
[0,1763,3353]
[0,99,875,1722,2747,3000,3353]
[0,99,773,1038,1763,2747,3000,3353]
[0,366,788,1763,2747,3000,3353]
[0,99,366,788,2747,3353]
[0,875,1788,2747,3353]
[0,366,788,1029,2747,3000,3353]
[0,773,1038,1788,2747,3353]
[0,99,366,788,1029,1763,2747,3000,3353]
[0,99,366,788,1029,2747,3000,3353]
[0,366,788,1763,2747,3353]
[0,875,1722,2747,3000,3353]
[0,99,366,875,1283,1807,2826,3353]
[0,987,2826,3353]
[0,875,1283,1788,2747,3353]
[0,773,1038,1763,2747,3000,3353]
[0,875,1788,3353]
[0,875,2747,3000,3353]
[0,366,875,1283,1807,2826,3353]
[0,875,1807,2826,3353]
[0,875,1283,1788,2747,3000,3353]
[0,773,1788,3353]
[0,875,1722,2747,3353]
[0,875,1722,3353]
[0,99,773,1038,2747,3000,3353]
[0,875,3353]
[0,875,1283,1807,2826,3000,3353]
[0,804,2826,3353]
[0,366,788,1029,1763,2747,3000,3353]
[0,99,366,788,2747,3000,3353]
[0,788,1763,3353]
[0,99,773,1038,1788,2747,3000,3353]
