[0,441,534,634,744,887,982,1046]
[0,534,634,744,887,982,1046]
[0,441,534,634,744,982,1046]
[0,441,744,982,1046]
[0,441,567,744,1046]
[0,441,534,634,744,887,1046]
[0,441,549,634,744,887,982,1046]
[0,494,1046]
[0,441,1046]
[0,549,634,744,1046]
[0,713,982,1046]
[0,634,744,982,1046]
[0,441,744,887,1046]
[0,744,798,982,1046]
[0,634,744,887,982,1046]
[0,441,982,1046]
[0,441,549,634,744,982,1046]
[0,441,549,634,744,798,982,1046]
[0,634,744,798,982,1046]
[0,534,634,744,798,887,982,1046]
[0,441,744,1046]
[0,982,1046]
[0,744,798,887,982,1046]
[0,441,534,634,744,1046]
[0,634,744,887,1046]
[0,534,634,744,1046]
[0,441,549,634,744,1046]
[0,634,744,1046]
[0,441,534,634,744,798,887,982,1046]
[0,441,549,634,744,798,887,982,1046]
[0,744,887,982,1046]
[0,534,634,744,982,1046]
[0,441,549,634,744,887,1046]
[0,744,1046]
[0,744,982,1046]
[0,713,1046]
[0,441,549,744,887,1046]
[0,744,887,1046]
[0,549,634,744,798,982,1046]
[0,494,887,1046]
[0,441,567,744,982,1046]
[0,634,744,798,887,982,1046]
[0,534,634,744,887,1046]
[0,549,634,744,982,1046]
[0,441,549,744,1046]
