[0,223,411,1000,1264]
[0,97,223,411,1000,1175,1264]
[0,411,1000,1264]
[0,97,450,765,957,1056,1175,1264]
[0,368,765,1264]
[0,97,450,765,1027,1175,1264]
[0,450,1050,1264]
[0,97,223,368,765,1264]
[0,97,957,1027,1264]
[0,97,223,450,1027,1175,1264]
[0,450,765,957,1056,1264]
[0,1034,1264]
[0,97,450,1050,1264]
[0,411,1264]
[0,97,368,450,1056,1264]
[0,223,450,1027,1264]
[0,223,450,765,1264]
[0,223,450,765,1027,1264]
[0,450,765,1050,1264]
[0,97,223,450,765,957,1056,1175,1264]
[0,97,219,368,450,1000,1175,1264]
[0,97,368,450,765,957,1056,1264]
[0,97,223,450,765,957,1056,1264]
[0,97,368,450,957,1050,1264]
[0,97,223,450,765,1264]
[0,97,450,1056,1264]
[0,97,223,450,765,1027,1264]
[0,97,368,450,1000,1264]
[0,97,219,450,1000,1175,1264]
[0,765,1264]
[0,450,765,1027,1264]
[0,97,368,450,957,1056,1264]
[0,450,1027,1264]
[0,97,223,411,1000,1264]
[0,97,223,368,450,1027,1175,1264]
[0,97,219,368,450,765,957,1050,1175,1264]
[0,97,219,450,765,957,1050,1264]
[0,97,450,1027,1264]
[0,97,368,450,957,1027,1264]
[0,97,450,957,1027,1264]
[0,97,450,765,957,1056,1264]
[0,97,368,450,1050,1264]
[0,97,368,450,765,957,1027,1175,1264]
[0,97,411,1000,1264]
[0,450,957,1056,1264]
[0,97,765,1264]
[0,97,450,1000,1264]
[0,223,450,1056,1264]
[0,219,450,765,1264]
[0,97,223,450,765,1027,1175,1264]
[0,223,450,765,1056,1264]
[0,97,450,1027,1175,1264]
[0,368,1000,1264]
[0,97,1264]
[0,97,368,450,1027,1175,1264]
[0,223,450,1264]
[0,97,223,450,1056,1264]
[0,223,450,765,957,1056,1264]
[0,97,219,450,765,957,1050,1175,1264]
[0,97,223,368,450,765,1027,1175,1264]
[0,97,1000,1264]
[0,97,219,450,765,1050,1264]
[0,97,368,450,765,957,1050,1264]
[0,219,450,1000,1264]
[0,97,450,765,1027,1264]
[0,97,450,957,1050,1264]
[0,97,223,368,450,765,957,1056,1175,1264]
[0,219,450,765,1050,1264]
[0,1027,1264]
[0,97,368,450,765,1027,1175,1264]
[0,450,765,1056,1264]
[0,97,223,368,450,765,1264]
[0,97,450,765,957,1050,1264]
[0,97,219,450,1000,1264]
[0,97,368,450,1027,1264]
[0,450,1056,1264]
[0,97,368,450,765,1264]
[0,97,368,450,765,957,1056,1175,1264]
[0,223,450,957,1056,1264]
[0,97,368,765,1264]
[0,97,450,765,957,1050,1175,1264]
[0,223,368,765,1264]
[0,219,450,1050,1264]
[0,219,450,1264]
[0,97,368,450,765,1027,1264]
[0,97,450,957,1056,1264]
[0,97,368,450,765,957,1027,1264]
[0,450,765,1264]
[0,97,223,450,1027,1264]
[0,97,219,368,450,1000,1264]
[0,97,223,368,450,765,957,1027,1175,1264]
[0,450,1264]
[0,1000,1264]
[0,97,223,450,957,1056,1264]
[0,97,219,450,1050,1264]
[0,97,450,765,1264]
[0,97,450,765,1050,1264]
[0,97,1034,1264]
[0,450,1000,1264]
[0,97,368,450,765,957,1050,1175,1264]
[0,97,1027,1264]
[0,368,1264]
