[0,386,782,969]
[0,335,386,526,587,782,969]
[0,335,386,526,587,782,892,969]
[0,587,969]
[0,78,335,386,526,587,782,892,969]
[0,526,587,782,892,969]
[0,78,386,526,587,782,969]
[0,78,154,335,386,526,587,782,969]
[0,78,154,335,386,526,587,782,892,969]
[0,78,386,587,782,969]
[0,78,154,386,526,587,782,969]
[0,78,587,782,969]
[0,78,526,587,782,969]
[0,78,154,386,587,782,969]
[0,78,154,386,587,782,892,969]
[0,386,526,587,782,892,969]
[0,386,969]
[0,587,782,892,969]
[0,78,154,386,526,587,782,892,969]
[0,78,386,526,587,782,892,969]
[0,78,154,526,587,782,969]
[0,69,335,386,526,587,782,969]
[0,69,386,526,587,782,969]
[0,78,335,386,526,587,782,969]
[0,69,386,587,782,969]
[0,78,154,587,782,969]
[0,782,969]
[0,78,386,587,782,892,969]
[0,386,587,969]
[0,386,587,782,969]
[0,587,782,969]
[0,386,587,782,892,969]
[0,78,782,969]
[0,386,526,587,782,969]
[0,526,587,782,969]
