[0,418,906,1070,1809,2017]
[0,418,734,1070,1809,2017]
[0,418,615,1070,1515,1809,2017]
[0,1002,2017]
[0,418,615,906,1070,1515,1809,2017]
[0,687,1515,2017]
[0,615,1070,1515,1809,2017]
[0,418,615,906,1070,1809,2017]
[0,418,687,1070,1809,2017]
[0,687,2017]
[0,687,1070,2017]
[0,418,615,1070,1809,2017]
[0,418,687,1002,1809,2017]
[0,418,687,906,1070,1515,1809,2017]
[0,1070,2017]
[0,1070,1809,2017]
[0,418,998,2017]
[0,418,687,1070,1515,1809,2017]
[0,418,868,1070,1809,2017]
[0,615,1070,1809,2017]
[0,734,1070,2017]
[0,418,687,906,1070,1809,2017]
[0,418,2017]
[0,868,1809,2017]
[0,418,998,1809,2017]
[0,418,687,1002,2017]
[0,418,1002,2017]
[0,1809,2017]
[0,418,687,1070,2017]
[0,687,1070,1515,2017]
[0,418,1070,1809,2017]
[0,615,1070,2017]
[0,418,1070,2017]
[0,418,734,1070,2017]
[0,418,687,1070,1515,2017]
[0,418,906,1070,2017]
[0,734,2017]
[0,998,2017]
[0,418,868,1070,2017]
[0,615,1070,1515,2017]
[0,615,2017]
[0,868,2017]
