[0,77,1258,1465]
[0,77,531,690,1238,1388,1465]
[0,77,1238,1465]
[0,262,531,690,1238,1388,1465]
[0,531,690,1238,1465]
[0,77,690,1238,1388,1465]
[0,690,1258,1465]
[0,531,690,1238,1388,1465]
[0,1238,1465]
[0,77,262,337,531,690,1238,1388,1465]
[0,77,690,1238,1307,1388,1465]
[0,262,690,1238,1465]
[0,77,262,531,690,1238,1388,1465]
[0,690,1238,1465]
[0,1258,1465]
[0,262,531,690,1238,1465]
[0,690,1465]
[0,77,262,337,531,690,1238,1307,1388,1465]
[0,262,690,1465]
[0,77,690,1258,1465]
[0,77,531,690,1238,1307,1388,1465]
[0,690,1238,1388,1465]
[0,77,690,1238,1465]
[0,77,262,531,690,1238,1307,1388,1465]
