[0,351,1528,2020]
[0,228,1370,2020]
[0,114,228,495,1211,1370,1602,1829,2020]
[0,1528,2020]
[0,114,228,689,1211,1370,1558,1952,2020]
[0,228,689,1211,1370,1558,1829,2020]
[0,228,495,1211,1558,2020]
[0,228,495,1211,1602,2020]
[0,228,495,723,1211,1558,2020]
[0,723,1558,2020]
[0,114,228,495,689,1211,1370,1558,2020]
[0,228,495,689,1558,2020]
[0,689,1558,2020]
[0,296,1370,1952,2020]
[0,228,495,723,1557,1952,2020]
[0,114,228,495,1211,1370,1602,1952,2020]
[0,228,495,723,1211,1370,1602,1829,2020]
[0,114,228,495,1211,1558,2020]
[0,689,2020]
[0,114,228,495,723,1211,1370,1602,1829,2020]
[0,495,723,1211,1558,2020]
[0,296,1370,2020]
[0,228,495,689,1211,1370,1558,2020]
[0,228,689,1558,2020]
[0,228,495,723,1370,1602,1952,2020]
[0,228,495,723,1211,1370,1558,2020]
[0,495,723,1602,2020]
[0,114,228,495,1211,1370,1558,2020]
[0,228,495,689,1211,1370,1558,1829,2020]
[0,1558,2020]
[0,228,495,1211,1370,1602,1952,2020]
[0,228,495,723,1558,2020]
[0,723,1557,2020]
[0,228,495,1211,1370,1558,1952,2020]
[0,228,495,1211,1370,1558,2020]
[0,689,1557,2020]
[0,228,495,1211,1602,1829,2020]
[0,228,495,1211,1370,1602,2020]
[0,689,1211,1558,2020]
[0,228,495,689,1211,1558,2020]
[0,228,689,1370,2020]
[0,114,228,689,1558,2020]
[0,114,228,495,689,1211,1370,1558,1829,1952,2020]
[0,228,689,1557,2020]
[0,114,228,495,1211,1370,1602,1829,1952,2020]
[0,114,228,495,1211,1370,1558,1952,2020]
[0,228,689,1370,1952,2020]
[0,114,228,689,1211,1370,1558,2020]
[0,351,2020]
[0,1557,2020]
[0,723,2020]
[0,228,495,723,1602,1952,2020]
[0,114,228,689,1211,1370,1558,1829,2020]
[0,228,689,1211,1558,1829,2020]
[0,228,1557,2020]
[0,495,1558,2020]
[0,495,1602,2020]
[0,495,723,1557,2020]
[0,114,228,495,1558,2020]
[0,495,1211,1558,2020]
[0,228,495,723,1557,2020]
[0,495,1370,1602,2020]
[0,228,495,1558,2020]
[0,228,495,1602,2020]
[0,228,723,1557,2020]
[0,495,1211,1602,2020]
[0,228,689,1211,1370,1558,2020]
[0,114,228,495,689,1211,1370,1558,1829,2020]
[0,228,495,1370,1952,2020]
[0,228,495,723,1211,1370,1602,2020]
[0,228,495,723,1211,1370,1602,1952,2020]
[0,228,495,723,1370,1602,1829,2020]
[0,114,228,689,1211,1370,1558,1829,1952,2020]
[0,495,2020]
[0,114,228,495,723,1211,1370,1602,1952,2020]
[0,495,723,1370,1602,2020]
[0,228,495,1211,1370,1602,1829,2020]
[0,228,1952,2020]
[0,228,1558,2020]
[0,114,228,495,723,1211,1370,1558,1952,2020]
[0,114,228,495,689,1211,1370,1558,1952,2020]
[0,495,1370,2020]
[0,495,1557,2020]
[0,495,723,1558,2020]
[0,689,1370,2020]
[0,228,689,1211,1558,2020]
[0,114,228,495,1211,1370,1602,2020]
[0,228,495,1370,2020]
[0,228,723,1558,2020]
[0,228,495,723,1602,2020]
[0,228,2020]
[0,114,228,689,1211,1558,2020]
[0,228,495,723,1370,1602,2020]
[0,228,495,723,1211,1370,1558,1952,2020]
[0,114,228,495,723,1211,1370,1558,2020]
[0,114,228,495,723,1211,1370,1602,1829,1952,2020]
[0,114,228,495,723,1211,1370,1602,2020]
[0,1370,2020]
[0,296,2020]
[0,228,495,689,1211,1558,1829,2020]
