[0,94,204,586,947,1249]
[0,204,699,902,996,1249]
[0,995,1249]
[0,204,699,947,1249]
[0,204,902,1249]
[0,204,902,995,1249]
[0,94,204,1249]
[0,902,947,1249]
[0,210,586,902,996,1249]
[0,586,996,1249]
[0,204,586,996,1249]
[0,94,210,902,947,1249]
[0,902,1249]
[0,94,210,699,902,996,1249]
[0,210,902,996,1249]
[0,996,1249]
[0,210,699,1249]
[0,210,586,996,1249]
[0,94,210,586,902,947,996,1249]
[0,699,1249]
[0,94,210,1249]
[0,586,947,1249]
[0,94,204,586,1249]
[0,902,995,1249]
[0,204,586,995,1249]
[0,94,204,902,996,1249]
[0,204,902,996,1249]
[0,94,210,586,947,1249]
[0,210,586,947,1249]
[0,94,210,902,1249]
[0,699,996,1249]
[0,586,1249]
[0,94,204,586,902,995,1249]
[0,204,586,902,996,1249]
[0,94,204,902,947,1249]
[0,204,902,947,1249]
[0,94,204,902,1249]
[0,94,210,902,996,1249]
[0,94,204,902,995,1249]
[0,210,699,996,1249]
[0,94,204,586,995,1249]
[0,94,210,586,902,996,1249]
[0,902,996,1249]
[0,94,210,699,1249]
[0,94,204,586,902,947,996,1249]
[0,210,699,947,1249]
[0,94,210,586,902,947,1249]
[0,210,902,1249]
[0,204,586,947,1249]
[0,204,1249]
[0,94,204,586,902,996,1249]
[0,204,699,1249]
[0,210,699,902,996,1249]
[0,94,210,586,1249]
[0,94,210,699,947,1249]
[0,210,1249]
[0,204,699,996,1249]
[0,586,995,1249]
[0,94,204,699,902,996,1249]
[0,210,902,947,1249]
[0,204,586,1249]
[0,94,204,586,902,947,1249]
[0,210,586,1249]
[0,699,947,1249]
