[0,211,1833,2554]
[0,211,1319,1675,1833,2233,2554]
[0,1833,2233,2554]
[0,1480,1675,2233,2554]
[0,211,1480,1675,2233,2554]
[0,1319,2554]
[0,1319,1675,2554]
[0,1370,2233,2554]
[0,211,2233,2554]
[0,211,1833,2233,2554]
[0,1675,2554]
[0,879,1319,1675,2233,2554]
[0,211,1370,1675,2233,2554]
[0,1480,1675,1833,2233,2554]
[0,635,879,1319,1675,2233,2554]
[0,211,1480,2233,2554]
[0,211,1480,1675,1833,2233,2554]
[0,1833,2554]
[0,211,879,1319,1675,1833,2233,2554]
[0,298,1833,2554]
[0,1319,2233,2554]
[0,1675,2233,2554]
[0,211,635,879,1319,1675,1833,2233,2554]
[0,1675,1833,2233,2554]
[0,1370,1675,2233,2554]
[0,879,1319,2554]
[0,1319,1675,1833,2233,2554]
[0,2233,2554]
[0,298,1833,2233,2554]
[0,879,1319,1675,2554]
[0,1319,1675,2233,2554]
[0,211,635,879,1319,1675,2233,2554]
[0,1480,2233,2554]
[0,1370,2554]
[0,1480,2554]
[0,298,2233,2554]
[0,211,1370,1675,1833,2233,2554]
[0,211,879,1319,1675,2233,2554]
[0,1370,1675,1833,2233,2554]
[0,211,1319,1675,2233,2554]
