[0,344,593,944,1117,1217,1393,1506,1632]
[0,86,274,344,593,944,1117,1217,1393,1506,1632]
[0,593,1632]
[0,593,944,1117,1217,1393,1506,1632]
[0,274,593,944,1117,1217,1393,1632]
[0,345,1393,1632]
[0,86,593,944,1117,1217,1393,1506,1632]
[0,86,593,944,1393,1632]
[0,593,944,1393,1632]
[0,593,1117,1393,1632]
[0,393,593,944,1393,1632]
[0,593,944,1217,1393,1632]
[0,274,593,944,1393,1632]
[0,1220,1632]
[0,593,1117,1632]
[0,593,944,1217,1393,1506,1632]
[0,593,944,1117,1217,1393,1632]
[0,274,593,944,1632]
[0,86,593,944,1117,1217,1393,1632]
[0,86,274,344,593,944,1117,1217,1393,1632]
[0,274,344,393,593,944,1117,1217,1393,1632]
[0,344,593,944,1117,1217,1393,1632]
[0,274,344,393,593,944,1217,1393,1632]
[0,86,344,593,944,1117,1217,1393,1506,1632]
[0,344,593,944,1632]
[0,344,593,944,1393,1632]
[0,1393,1632]
[0,86,274,344,393,593,944,1117,1217,1393,1506,1632]
[0,345,1632]
[0,345,1220,1632]
[0,86,344,593,944,1117,1217,1393,1632]
[0,344,393,593,944,1393,1632]
[0,344,593,944,1217,1393,1632]
[0,274,593,944,1217,1393,1632]
[0,274,344,593,944,1393,1632]
[0,274,344,593,944,1217,1393,1632]
[0,274,344,593,944,1117,1217,1393,1632]
[0,344,593,944,1217,1393,1506,1632]
[0,1117,1632]
[0,86,274,344,393,593,944,1117,1217,1393,1632]
[0,274,344,393,593,944,1393,1632]
[0,593,944,1632]
[0,86,593,944,1217,1393,1632]
[0,593,1393,1632]
