[0,77,424,500,587,1220,1380,1590,1698,1810]
[0,120,424,1220,1698,1810]
[0,500,1810]
[0,424,587,1380,1698,1810]
[0,120,424,587,1220,1380,1446,1698,1810]
[0,120,424,587,1220,1810]
[0,424,500,587,1380,1810]
[0,77,500,1263,1698,1810]
[0,424,587,1220,1446,1810]
[0,120,424,530,587,1220,1698,1810]
[0,424,578,1263,1810]
[0,120,424,587,1220,1446,1698,1810]
[0,120,424,530,587,1380,1446,1698,1810]
[0,77,424,587,1220,1590,1698,1810]
[0,500,1263,1698,1810]
[0,120,424,530,587,1220,1380,1446,1698,1810]
[0,120,424,587,1380,1446,1810]
[0,424,587,1380,1810]
[0,424,1220,1446,1810]
[0,120,424,587,1220,1446,1810]
[0,424,1380,1810]
[0,77,424,500,587,1220,1446,1698,1810]
[0,77,424,587,1380,1698,1810]
[0,77,424,578,1263,1698,1810]
[0,424,1263,1810]
[0,77,424,578,1220,1698,1810]
[0,434,1263,1698,1810]
[0,77,424,500,587,1380,1698,1810]
[0,424,587,1380,1446,1810]
[0,424,587,1220,1590,1698,1810]
[0,424,578,1698,1810]
[0,77,424,587,1220,1698,1810]
[0,120,424,587,1220,1698,1810]
[0,424,500,587,1810]
[0,424,578,1810]
[0,1220,1810]
[0,424,587,1698,1810]
[0,424,587,1220,1380,1698,1810]
[0,424,500,587,1380,1698,1810]
[0,434,1810]
[0,77,424,500,587,1380,1446,1698,1810]
[0,1380,1810]
[0,120,424,587,1380,1698,1810]
[0,424,1220,1810]
[0,424,587,1220,1380,1810]
[0,120,424,1220,1810]
[0,120,424,530,587,1380,1446,1810]
[0,424,587,1220,1810]
[0,424,500,587,1220,1698,1810]
[0,1263,1810]
[0,424,587,1220,1380,1590,1698,1810]
[0,424,500,587,1380,1446,1810]
[0,77,424,500,587,1220,1590,1698,1810]
[0,77,424,500,587,1220,1698,1810]
[0,424,578,1263,1698,1810]
[0,424,578,1220,1698,1810]
[0,424,1380,1446,1810]
[0,500,1263,1810]
[0,120,424,587,1380,1810]
[0,77,424,500,587,1220,1380,1446,1698,1810]
[0,424,1810]
[0,424,587,1220,1698,1810]
[0,434,1263,1810]
[0,424,500,587,1698,1810]
[0,424,500,587,1380,1446,1698,1810]
[0,77,424,587,1220,1446,1698,1810]
[0,77,424,587,1220,1380,1590,1698,1810]
[0,424,1220,1698,1810]
[0,424,587,1810]
[0,120,424,587,1810]
[0,120,424,587,1380,1446,1698,1810]
[0,424,587,1220,1446,1698,1810]
[0,424,578,1220,1810]
