[0,717,1180]
[0,363,717,1180]
[0,218,403,575,707,1008,1180]
[0,218,520,717,1008,1060,1180]
[0,363,444,594,707,1180]
[0,218,403,707,1008,1180]
[0,218,403,575,707,790,1008,1180]
[0,218,707,1008,1180]
[0,218,403,717,1008,1180]
[0,218,707,1180]
[0,444,717,1180]
[0,218,403,707,1180]
[0,520,717,1180]
[0,218,520,717,1180]
[0,594,717,1180]
[0,218,594,717,1180]
[0,308,520,717,1180]
[0,363,594,707,1180]
[0,363,707,1180]
[0,363,661,1180]
[0,218,444,520,717,1008,1180]
[0,363,520,717,1180]
[0,218,707,1008,1060,1180]
[0,218,520,717,1008,1180]
[0,661,1180]
[0,308,717,1180]
[0,218,444,520,717,1180]
[0,363,444,520,594,707,1180]
[0,707,1180]
[0,520,717,1008,1060,1180]
[0,218,444,594,717,1180]
[0,218,444,520,717,1008,1060,1180]
[0,218,717,1180]
[0,218,403,717,1180]
[0,218,444,520,594,717,1180]
[0,218,444,717,1180]
[0,520,717,1008,1180]
[0,594,707,1180]
[0,363,444,594,717,1180]
[0,218,594,707,1180]
[0,444,717,1008,1180]
[0,218,403,707,790,1008,1180]
[0,363,444,520,594,717,1180]
[0,218,403,707,1008,1060,1180]
[0,363,594,717,1180]
