[0,423,508,594,984,1761,2086,2189]
[0,984,1761,1952,2189]
[0,985,1952,2189]
[0,423,984,1158,1761,2189]
[0,984,1158,1761,1952,2099,2189]
[0,423,508,984,1761,1952,2086,2189]
[0,344,508,608,984,1158,1761,2099,2189]
[0,984,1761,2099,2189]
[0,508,2189]
[0,594,984,1761,2189]
[0,423,508,594,984,1761,1952,2086,2189]
[0,423,508,984,1158,1761,1952,2086,2189]
[0,594,984,1761,1952,2086,2189]
[0,423,984,1761,1952,2189]
[0,508,1761,2189]
[0,984,1158,1761,1952,2189]
[0,423,984,1761,2086,2189]
[0,344,984,1158,1761,2189]
[0,344,984,1158,1761,1952,2189]
[0,344,508,608,984,1158,1761,1952,2099,2189]
[0,508,594,984,1761,2086,2189]
[0,984,1158,1761,2086,2189]
[0,684,2189]
[0,608,984,1761,2189]
[0,684,1952,2189]
[0,984,1158,1761,2189]
[0,423,984,1158,1761,1952,2189]
[0,344,984,1761,2189]
[0,344,508,984,1158,1761,2189]
[0,984,1158,1761,2099,2189]
[0,344,508,984,1158,1761,1952,2189]
[0,985,2189]
[0,423,984,1761,2189]
[0,984,1761,1952,2086,2189]
[0,508,608,984,1158,1761,2099,2189]
[0,423,508,984,1761,2086,2189]
[0,985,1761,2189]
[0,423,508,984,1761,2189]
[0,423,984,1761,1952,2086,2189]
[0,344,984,1761,1952,2189]
[0,508,608,984,1761,2189]
[0,508,594,984,1761,1952,2086,2189]
[0,608,984,1158,1761,2189]
[0,423,508,984,1158,1761,2189]
[0,985,1761,2086,2189]
[0,508,608,984,1761,2099,2189]
[0,594,984,1761,1952,2189]
[0,984,1761,2189]
[0,984,1158,1761,1952,2086,2189]
[0,344,508,608,984,1158,1761,1952,2189]
[0,984,2189]
[0,423,508,594,984,1158,1761,1952,2086,2189]
[0,594,984,1158,1761,1952,2189]
[0,594,984,1158,1761,2189]
[0,984,1761,2086,2189]
[0,594,984,1761,2086,2189]
[0,423,984,1158,1761,1952,2086,2189]
[0,608,984,1761,2099,2189]
[0,594,984,1158,1761,1952,2086,2189]
[0,508,608,984,1158,1761,2189]
[0,344,508,608,984,1158,1761,2189]
[0,508,594,984,1158,1761,1952,2086,2189]
