[0,76,169,284,700,902,1180]
[0,76,169,284,331,539,634,700,902,1180]
[0,76,487,700,902,1180]
[0,76,169,331,539,634,700,902,1180]
[0,169,487,700,902,1180]
[0,76,169,284,331,634,700,902,1180]
[0,169,284,331,700,902,1180]
[0,76,169,284,331,487,539,634,700,902,1180]
[0,169,539,700,902,1180]
[0,331,700,1180]
[0,331,878,1180]
[0,169,700,902,1180]
[0,331,691,1180]
[0,691,908,1180]
[0,331,539,700,902,1180]
[0,331,1180]
[0,76,169,331,539,700,902,1180]
[0,169,331,700,902,1180]
[0,76,169,700,902,1180]
[0,76,169,539,634,700,902,1180]
[0,284,331,691,1180]
[0,487,700,1180]
[0,169,284,487,700,902,1180]
[0,76,169,284,487,700,902,1180]
[0,700,1180]
[0,700,902,1180]
[0,76,331,691,902,1180]
[0,284,331,700,902,1180]
[0,331,691,902,1180]
[0,169,284,700,902,1180]
[0,284,331,1180]
[0,284,1180]
[0,487,700,902,1180]
[0,169,331,539,700,902,1180]
[0,691,1180]
[0,76,169,284,487,539,634,700,902,1180]
[0,76,169,539,700,902,1180]
[0,284,331,700,1180]
[0,76,169,634,700,902,1180]
[0,76,169,331,700,902,1180]
[0,691,902,1180]
[0,284,331,691,902,1180]
[0,76,169,284,487,539,700,902,1180]
[0,331,691,908,1180]
[0,331,700,902,1180]
[0,76,169,284,634,700,902,1180]
[0,76,169,284,487,634,700,902,1180]
[0,76,169,284,331,700,902,1180]
