[0,510,1180]
[0,135,261,461,510,723,809,1180]
[0,809,1180]
[0,261,1180]
[0,261,510,723,809,1022,1180]
[0,135,261,510,723,801,1180]
[0,261,510,723,930,1180]
[0,261,510,723,809,1180]
[0,135,261,510,723,809,930,1180]
[0,135,261,510,723,958,1082,1180]
[0,135,261,510,723,930,1049,1180]
[0,135,261,461,510,723,801,930,1180]
[0,135,261,461,510,723,801,958,1082,1180]
[0,135,261,461,510,723,801,930,1049,1180]
[0,135,261,510,723,809,1022,1180]
[0,461,809,1180]
[0,135,261,461,510,723,809,1022,1082,1180]
[0,510,723,1180]
[0,261,461,510,723,801,1180]
[0,261,510,723,1022,1180]
[0,135,261,510,723,801,930,1049,1180]
[0,261,510,723,1180]
[0,261,510,1180]
[0,135,261,461,510,723,801,958,1180]
[0,261,510,958,1180]
[0,135,261,510,723,930,1180]
[0,135,261,510,723,801,930,1180]
[0,261,510,723,958,1180]
[0,135,261,510,723,809,1180]
[0,261,510,723,809,1022,1082,1180]
[0,255,510,1180]
[0,135,261,461,510,723,809,930,1180]
[0,135,261,510,723,801,958,1082,1180]
[0,255,510,723,1180]
[0,261,461,510,723,809,1180]
[0,135,261,461,510,723,801,1180]
[0,261,461,510,723,809,1022,1180]
[0,135,261,510,1180]
[0,135,261,510,723,1022,1180]
[0,255,1180]
[0,135,261,510,723,958,1180]
[0,261,461,510,723,809,1022,1082,1180]
[0,135,261,510,723,801,958,1180]
[0,135,261,510,723,1180]
[0,261,510,723,801,1180]
[0,255,510,723,1022,1180]
[0,135,261,510,723,809,1022,1082,1180]
