[0,503,714,1046]
[0,137,202,503,714,846,976,1046]
[0,137,714,846,1046]
[0,137,309,562,714,1046]
[0,547,1046]
[0,714,1046]
[0,137,309,547,714,1046]
[0,846,1046]
[0,562,1046]
[0,137,664,846,1046]
[0,202,562,664,714,846,976,1046]
[0,309,547,714,1046]
[0,202,503,1046]
[0,309,503,1046]
[0,202,547,1046]
[0,137,547,714,846,976,1046]
[0,137,503,714,846,1046]
[0,137,309,562,664,714,846,976,1046]
[0,137,1046]
[0,137,202,547,664,714,846,976,1046]
[0,137,562,664,714,846,1046]
[0,202,503,714,1046]
[0,137,202,503,562,664,714,846,976,1046]
[0,137,309,562,714,846,1046]
[0,202,547,664,714,846,976,1046]
[0,202,562,664,714,846,1046]
[0,202,503,714,846,1046]
[0,137,309,503,562,714,846,976,1046]
[0,137,309,503,714,846,1046]
[0,137,547,1046]
[0,714,846,1046]
[0,137,562,714,846,976,1046]
[0,137,846,1046]
[0,137,562,1046]
[0,202,1046]
[0,137,309,503,714,846,976,1046]
[0,202,503,714,846,976,1046]
[0,309,503,714,1046]
[0,137,547,714,1046]
[0,202,547,714,846,1046]
[0,202,562,714,846,976,1046]
[0,664,846,1046]
[0,202,547,714,846,976,1046]
[0,503,1046]
[0,309,562,714,1046]
[0,137,202,562,664,714,846,976,1046]
[0,137,309,547,714,846,1046]
[0,137,309,503,562,664,714,846,976,1046]
[0,137,309,547,664,714,846,976,1046]
[0,137,547,664,714,846,976,1046]
[0,309,1046]
[0,562,714,1046]
[0,137,547,714,846,1046]
[0,137,562,714,846,1046]
[0,137,309,562,714,846,976,1046]
[0,137,503,714,1046]
[0,309,547,1046]
[0,547,714,1046]
[0,137,503,1046]
[0,137,309,503,547,664,714,846,976,1046]
[0,309,562,1046]
[0,137,202,503,562,714,846,976,1046]
[0,202,562,1046]
[0,202,547,714,1046]
[0,137,562,714,1046]
[0,137,309,547,714,846,976,1046]
[0,137,562,664,714,846,976,1046]
[0,202,562,714,846,1046]
[0,137,202,503,547,664,714,846,976,1046]
[0,202,562,714,1046]
[0,137,202,547,714,846,976,1046]
[0,137,309,503,714,1046]
[0,664,1046]
[0,137,503,714,846,976,1046]
[0,137,202,562,714,846,976,1046]
