[0,192,664,1180]
[0,192,664,810,949,1048,1180]
[0,664,1180]
[0,192,664,1048,1180]
[0,192,664,850,1180]
[0,192,664,949,1180]
[0,91,192,664,850,949,1180]
[0,227,664,1180]
[0,91,192,664,810,949,1180]
[0,192,664,832,949,1180]
[0,91,192,234,664,850,949,1048,1122,1180]
[0,234,664,810,949,1048,1180]
[0,664,949,1180]
[0,91,192,664,850,949,1122,1180]
[0,91,192,234,664,810,949,1048,1122,1180]
[0,192,664,850,1048,1180]
[0,221,832,1180]
[0,192,664,850,949,1180]
[0,227,664,949,1180]
[0,91,192,234,664,832,949,1048,1122,1180]
[0,221,664,832,949,1180]
[0,91,192,664,832,949,1122,1180]
[0,91,234,664,810,949,1122,1180]
[0,91,227,664,832,949,1048,1180]
[0,91,192,664,810,949,1048,1180]
[0,234,1180]
[0,221,664,1180]
[0,234,664,1180]
[0,91,234,664,810,949,1048,1122,1180]
[0,227,664,832,949,1048,1180]
[0,91,227,664,832,949,1048,1122,1180]
[0,91,227,664,832,949,1180]
[0,832,1180]
[0,192,664,850,949,1048,1180]
[0,91,234,664,810,949,1180]
[0,192,664,810,949,1180]
[0,91,192,664,832,949,1048,1122,1180]
[0,91,192,664,850,949,1048,1122,1180]
[0,91,192,664,810,949,1122,1180]
[0,227,664,832,949,1180]
[0,192,664,832,949,1048,1180]
[0,234,664,949,1180]
[0,91,234,664,810,949,1048,1180]
[0,234,664,810,949,1180]
[0,91,192,664,810,949,1048,1122,1180]
[0,91,192,664,832,949,1180]
[0,91,192,664,850,949,1048,1180]
[0,91,227,664,832,949,1122,1180]
[0,91,192,664,832,949,1048,1180]
[0,221,664,949,1180]
