[0,213,997]
[0,285,552,609,681,764,893,997]
[0,213,552,997]
[0,213,552,764,893,997]
[0,213,285,552,764,951,997]
[0,285,552,764,893,997]
[0,285,552,623,764,936,997]
[0,285,552,609,764,997]
[0,213,552,609,681,764,893,951,997]
[0,213,552,623,681,764,893,951,997]
[0,285,609,997]
[0,552,764,997]
[0,285,552,623,681,764,893,997]
[0,213,285,477,552,764,951,997]
[0,213,552,623,681,764,893,997]
[0,552,623,997]
[0,285,997]
[0,213,477,552,764,951,997]
[0,213,552,681,764,893,997]
[0,213,552,764,936,997]
[0,285,552,681,764,997]
[0,213,552,609,764,997]
[0,213,552,623,997]
[0,213,552,623,764,893,997]
[0,213,285,552,764,997]
[0,552,997]
[0,213,552,609,997]
[0,213,552,623,764,997]
[0,285,552,764,997]
[0,285,552,623,997]
[0,213,552,609,681,764,997]
[0,213,552,609,681,764,893,997]
[0,285,552,623,681,764,893,951,997]
[0,764,997]
[0,213,552,623,681,764,997]
[0,213,552,681,764,997]
[0,285,552,681,764,893,997]
[0,285,552,623,764,893,997]
[0,285,552,609,681,764,893,951,997]
[0,285,552,764,951,997]
[0,285,764,997]
[0,552,609,997]
[0,623,997]
[0,285,552,623,681,764,936,997]
[0,213,477,552,764,997]
[0,285,552,623,764,997]
[0,285,552,609,997]
[0,213,764,997]
[0,285,552,623,681,764,997]
[0,285,552,609,681,764,997]
[0,213,552,623,764,936,997]
[0,213,285,477,552,764,997]
[0,285,623,997]
[0,213,552,764,997]
[0,609,997]
