[0,60,258,517,870,969]
[0,239,517,657,969]
[0,443,870,969]
[0,214,443,870,969]
[0,517,657,969]
[0,60,214,767,870,969]
[0,50,214,767,870,969]
[0,214,258,322,969]
[0,214,322,767,969]
[0,60,214,258,443,767,870,969]
[0,214,767,969]
[0,214,258,443,969]
[0,50,214,870,969]
[0,517,870,969]
[0,214,322,969]
[0,258,517,870,969]
[0,50,214,257,443,767,870,969]
[0,60,517,657,870,969]
[0,239,969]
[0,214,322,870,969]
[0,657,969]
[0,239,767,969]
[0,60,443,870,969]
[0,60,239,767,870,969]
[0,239,443,969]
[0,60,239,969]
[0,214,258,322,767,870,969]
[0,214,443,767,870,969]
[0,239,767,870,969]
[0,60,214,322,767,870,969]
[0,258,969]
[0,239,443,657,969]
[0,258,517,969]
[0,214,322,767,870,969]
[0,60,258,517,657,870,969]
[0,239,443,767,969]
[0,60,239,870,969]
[0,443,657,870,969]
[0,50,214,257,322,443,767,870,969]
[0,60,239,443,969]
[0,60,214,258,322,767,870,969]
[0,60,443,969]
[0,239,517,969]
[0,443,767,969]
[0,60,239,443,767,870,969]
[0,60,214,443,767,870,969]
[0,214,767,870,969]
[0,214,258,443,870,969]
[0,60,517,969]
[0,214,258,443,767,870,969]
[0,258,870,969]
[0,50,214,322,443,767,870,969]
[0,60,239,517,969]
[0,60,239,443,657,969]
[0,258,517,657,969]
[0,517,657,870,969]
[0,60,517,870,969]
[0,50,214,443,767,870,969]
[0,60,258,870,969]
[0,60,214,258,322,443,767,870,969]
[0,239,657,969]
[0,214,443,969]
[0,214,870,969]
[0,214,258,969]
[0,60,214,322,443,767,870,969]
[0,60,239,517,657,969]
[0,443,969]
[0,60,969]
[0,258,517,657,870,969]
[0,239,870,969]
[0,60,443,657,870,969]
[0,214,969]
[0,60,214,257,322,443,767,870,969]
[0,239,443,767,870,969]
[0,60,214,257,443,767,870,969]
[0,214,322,443,767,969]
[0,443,767,870,969]
[0,443,657,969]
[0,214,322,443,767,870,969]
[0,214,443,767,969]
[0,60,258,969]
[0,50,214,969]
[0,60,443,767,870,969]
[0,214,258,322,870,969]
[0,517,969]
