[0,508,779,1180]
[0,52,508,635,850,913,1180]
[0,354,460,779,850,913,1118,1180]
[0,508,850,913,1180]
[0,354,460,850,1180]
[0,52,850,913,1180]
[0,635,850,913,1180]
[0,508,636,850,1180]
[0,52,354,460,509,850,913,1180]
[0,354,850,1180]
[0,52,354,460,509,850,1180]
[0,52,354,460,850,913,1180]
[0,52,508,635,779,850,913,1180]
[0,354,460,635,850,1180]
[0,52,354,850,913,1180]
[0,354,460,779,1180]
[0,508,635,779,1180]
[0,850,1180]
[0,52,508,850,913,1180]
[0,52,354,460,850,1180]
[0,509,1180]
[0,508,635,779,913,1180]
[0,354,779,1180]
[0,52,354,850,1180]
[0,636,850,913,1180]
[0,779,1180]
[0,52,508,851,1180]
[0,460,1180]
[0,509,850,1180]
[0,508,636,851,1180]
[0,354,1180]
[0,354,460,779,850,913,1180]
[0,354,460,779,913,1180]
[0,354,635,850,1180]
[0,52,508,635,779,850,913,1118,1180]
[0,851,1180]
[0,52,850,1180]
[0,508,636,850,913,1180]
[0,52,354,460,508,635,850,913,1180]
[0,354,460,850,913,1180]
[0,508,635,850,1180]
[0,636,850,1180]
[0,52,354,460,509,635,850,913,1180]
[0,52,509,850,1180]
[0,354,460,635,850,913,1180]
[0,52,508,850,1180]
[0,52,460,509,850,1180]
[0,508,851,1180]
[0,52,460,508,850,1180]
[0,635,850,1180]
[0,460,850,1180]
[0,52,851,1180]
[0,779,913,1180]
[0,354,779,913,1180]
[0,508,635,779,850,913,1180]
[0,52,354,460,508,850,913,1180]
[0,52,354,460,779,850,913,1118,1180]
[0,52,354,460,779,850,913,1180]
[0,52,354,460,508,850,1180]
[0,508,850,1180]
[0,636,851,1180]
[0,508,635,850,913,1180]
[0,508,1180]
[0,52,508,636,850,913,1180]
[0,508,779,913,1180]
[0,52,354,460,635,850,913,1180]
[0,850,913,1180]
[0,460,850,913,1180]
[0,354,850,913,1180]
[0,508,635,779,850,913,1118,1180]
[0,52,508,636,851,1180]
