[0,1055,4285]
[0,1200,2426,3059,4285]
[0,1200,1528,2426,3059,4285]
[0,1200,3059,4285]
[0,1055,1528,3059,4285]
[0,1200,2831,4285]
[0,1200,1528,2426,3059,3352,4285]
[0,926,3059,4285]
[0,2831,4285]
[0,1200,1528,3059,3352,4216,4285]
[0,1200,1528,2426,2689,3059,3352,4216,4285]
[0,1137,1528,3059,4285]
[0,1236,3203,4285]
[0,926,1562,3059,3386,4285]
[0,926,1562,3059,3386,4216,4285]
[0,1055,3059,4285]
[0,1528,4285]
[0,1055,1528,3059,3352,4285]
[0,1200,4285]
[0,1398,4285]
[0,1200,1528,3059,4285]
[0,926,1562,3059,4285]
[0,1200,1528,2426,3059,3352,4216,4285]
[0,1200,1528,3059,3352,4285]
[0,1137,4285]
[0,1398,3311,4285]
[0,1528,3059,4285]
[0,1200,1528,2426,2689,3059,3352,4285]
[0,1137,3059,4285]
[0,1236,4285]
[0,1055,1528,3059,3352,4216,4285]
[0,1398,2831,4285]
[0,3059,4285]
[0,1398,3059,4285]
