[0,312,431,1751,1911]
[0,431,1584,1911]
[0,430,704,1586,1911]
[0,431,1751,1911]
[0,663,1204,1911]
[0,1204,1911]
[0,197,430,704,1586,1911]
[0,431,704,1584,1911]
[0,1204,1586,1911]
[0,430,704,1204,1586,1911]
[0,312,663,1751,1911]
[0,312,431,704,1204,1584,1751,1911]
[0,431,1204,1584,1911]
[0,431,1911]
[0,312,663,1911]
[0,312,1911]
[0,1586,1911]
[0,55,243,312,431,704,1204,1584,1751,1911]
[0,663,1584,1911]
[0,55,312,431,663,1204,1584,1751,1911]
[0,55,243,312,431,1204,1584,1751,1911]
[0,663,1584,1751,1911]
[0,663,1751,1911]
[0,1584,1911]
[0,431,663,1204,1584,1751,1911]
[0,430,1204,1586,1911]
[0,243,312,663,1751,1911]
[0,243,312,431,704,1584,1911]
[0,55,243,312,431,663,1204,1584,1751,1911]
[0,430,1911]
[0,312,1584,1911]
[0,55,704,1584,1911]
[0,312,431,1204,1584,1751,1911]
[0,243,312,431,1204,1584,1751,1911]
[0,663,1204,1584,1911]
[0,430,1586,1911]
[0,55,243,312,431,704,1584,1911]
[0,704,1584,1911]
[0,312,431,704,1584,1911]
[0,431,1586,1911]
[0,243,312,431,663,1204,1584,1751,1911]
[0,312,431,663,1204,1584,1751,1911]
[0,55,431,704,1584,1751,1911]
[0,704,1586,1911]
[0,704,1911]
[0,55,431,704,1584,1911]
[0,243,312,431,1204,1584,1911]
[0,55,243,312,431,704,1584,1751,1911]
[0,431,1204,1586,1911]
[0,243,312,431,704,1204,1584,1751,1911]
[0,431,663,1204,1584,1911]
[0,1204,1751,1911]
[0,430,1204,1911]
[0,431,704,1204,1584,1911]
[0,704,1584,1751,1911]
[0,55,431,704,1204,1584,1751,1911]
[0,431,1204,1911]
[0,55,243,312,431,1204,1584,1911]
[0,312,431,704,1584,1751,1911]
[0,1751,1911]
[0,312,431,1204,1584,1911]
[0,243,312,431,704,1584,1751,1911]
[0,431,704,1204,1584,1751,1911]
[0,431,1204,1584,1751,1911]
[0,663,1911]
[0,663,1204,1584,1751,1911]
[0,312,1751,1911]
[0,197,430,704,1204,1586,1911]
[0,431,704,1584,1751,1911]
[0,312,431,1584,1911]
