[0,249,1264]
[0,249,871,1147,1264]
[0,155,359,871,939,1147,1264]
[0,155,359,522,761,1062,1147,1264]
[0,155,359,522,761,939,1147,1264]
[0,359,522,939,1264]
[0,359,522,1062,1264]
[0,155,359,761,1264]
[0,155,522,761,1147,1264]
[0,155,249,871,1147,1264]
[0,155,359,522,939,1062,1147,1264]
[0,155,1062,1264]
[0,359,522,1264]
[0,155,249,359,522,1062,1147,1264]
[0,1062,1147,1264]
[0,939,1147,1264]
[0,155,359,761,1147,1264]
[0,155,359,522,1062,1147,1264]
[0,155,359,522,871,1062,1147,1264]
[0,155,359,522,576,1062,1147,1264]
[0,155,359,939,1147,1264]
[0,359,761,1264]
[0,155,359,714,1147,1264]
[0,522,761,1264]
[0,155,359,714,1264]
[0,155,249,359,1062,1264]
[0,155,714,1264]
[0,155,249,359,871,939,1062,1147,1264]
[0,155,359,522,871,1264]
[0,155,576,939,1264]
[0,155,359,1147,1264]
[0,761,1147,1264]
[0,155,249,1062,1147,1264]
[0,155,359,522,576,871,939,1062,1147,1264]
[0,359,939,1264]
[0,359,1062,1264]
[0,714,1264]
[0,155,761,939,1264]
[0,249,871,1264]
[0,155,359,1264]
[0,155,939,1147,1264]
[0,359,522,761,939,1264]
[0,155,359,522,761,856,1062,1147,1264]
[0,155,249,871,1062,1147,1264]
[0,155,359,522,761,856,1147,1264]
[0,155,249,359,871,1062,1147,1264]
[0,155,249,359,1147,1264]
[0,359,1264]
[0,359,522,871,1264]
[0,155,359,871,1147,1264]
[0,155,249,522,761,1147,1264]
[0,155,714,1147,1264]
[0,155,359,871,1264]
[0,155,359,522,761,856,939,1147,1264]
[0,155,576,1264]
[0,155,249,359,871,1147,1264]
[0,155,249,761,1147,1264]
[0,155,249,359,522,761,1062,1147,1264]
[0,155,249,1062,1264]
[0,359,1147,1264]
[0,155,761,1147,1264]
[0,359,1062,1147,1264]
[0,359,761,939,1264]
[0,155,359,939,1264]
[0,761,939,1264]
[0,155,939,1264]
[0,576,939,1264]
[0,155,359,522,761,939,1264]
[0,155,359,1062,1147,1264]
[0,761,1264]
[0,714,1147,1264]
[0,249,1147,1264]
[0,871,1264]
[0,939,1264]
[0,155,249,359,522,761,1147,1264]
[0,576,1264]
[0,155,359,1062,1264]
[0,155,359,522,939,1147,1264]
[0,155,761,939,1147,1264]
[0,155,359,522,871,1147,1264]
[0,155,249,359,522,761,856,1147,1264]
[0,155,359,522,761,1264]
[0,155,249,1147,1264]
[0,155,359,522,939,1264]
[0,155,249,871,939,1062,1147,1264]
[0,359,871,1264]
[0,155,249,1264]
[0,155,359,522,576,871,1062,1147,1264]
[0,1062,1264]
[0,155,249,359,522,761,856,1062,1147,1264]
[0,155,249,359,522,1062,1264]
[0,155,249,359,1062,1147,1264]
[0,155,359,522,761,1147,1264]
[0,576,1147,1264]
[0,155,359,522,1264]
[0,155,359,871,1062,1147,1264]
[0,155,359,522,1062,1264]
[0,359,522,761,1264]
[0,155,359,871,939,1062,1147,1264]
[0,155,1062,1147,1264]
[0,155,359,522,871,939,1062,1147,1264]
[0,155,761,1264]
[0,155,576,1147,1264]
[0,155,522,761,1264]
[0,359,714,1264]
