[0,198,275,480,552,701,855,976,1046]
[0,275,552,1046]
[0,275,552,654,1046]
[0,52,198,275,552,654,855,976,1046]
[0,241,552,667,1046]
[0,198,480,855,1046]
[0,198,480,701,1046]
[0,241,1046]
[0,198,275,552,654,855,976,1046]
[0,198,275,480,667,855,1046]
[0,241,855,1046]
[0,52,198,275,552,654,855,1046]
[0,243,1046]
[0,52,198,275,552,667,855,1046]
[0,198,275,480,654,855,1046]
[0,52,198,275,480,552,654,855,976,1046]
[0,52,198,275,480,552,660,701,855,976,1046]
[0,198,552,654,855,1046]
[0,198,552,855,1046]
[0,198,275,552,667,855,1046]
[0,198,552,1046]
[0,198,480,654,1046]
[0,52,198,275,480,552,701,855,976,1046]
[0,198,480,1046]
[0,198,275,552,654,855,1046]
[0,480,701,1046]
[0,480,1046]
[0,198,275,552,667,855,976,1046]
[0,198,275,480,701,855,1046]
[0,198,275,480,701,855,976,1046]
[0,198,552,667,1046]
[0,198,1046]
[0,198,480,667,1046]
[0,198,275,480,552,701,855,1046]
[0,198,275,552,654,1046]
[0,198,275,480,552,654,855,1046]
[0,198,275,480,552,667,855,976,1046]
[0,198,275,480,654,855,976,1046]
[0,198,480,654,855,1046]
[0,52,198,275,480,552,654,701,855,976,1046]
[0,275,1046]
[0,198,275,480,552,667,855,1046]
[0,198,480,667,855,1046]
[0,52,198,275,480,701,855,976,1046]
[0,198,275,552,667,1046]
[0,198,480,701,855,976,1046]
[0,241,667,855,1046]
[0,52,198,275,552,667,855,976,1046]
[0,198,480,701,855,1046]
[0,52,198,275,480,552,667,855,976,1046]
[0,198,275,480,552,654,855,976,1046]
[0,198,552,667,855,1046]
[0,552,1046]
[0,241,552,1046]
[0,198,480,667,855,976,1046]
[0,241,552,667,855,1046]
[0,198,275,480,667,855,976,1046]
[0,198,480,654,855,976,1046]
[0,198,552,654,1046]
