[0,125,484,1046]
[0,92,484,711,976,1046]
[0,125,206,486,711,888,1046]
[0,92,265,486,711,888,976,1046]
[0,125,206,525,711,888,976,1046]
[0,92,484,711,888,1046]
[0,125,484,711,888,976,1046]
[0,92,486,711,888,976,1046]
[0,125,206,265,486,711,888,976,1046]
[0,125,206,265,525,711,888,976,1046]
[0,265,484,711,888,1046]
[0,92,265,484,711,888,976,1046]
[0,125,486,1046]
[0,125,486,711,976,1046]
[0,125,552,1046]
[0,125,486,711,1046]
[0,265,486,711,1046]
[0,125,486,711,888,976,1046]
[0,265,486,711,888,1046]
[0,92,265,484,711,888,1046]
[0,92,484,711,888,976,1046]
[0,125,711,976,1046]
[0,125,206,484,711,888,976,1046]
[0,486,711,888,1046]
[0,125,486,711,888,1046]
[0,525,711,1046]
[0,92,206,265,486,711,888,976,1046]
[0,125,552,976,1046]
[0,125,976,1046]
[0,125,525,711,1046]
[0,125,206,484,711,888,1046]
[0,125,484,711,1046]
[0,92,486,711,1046]
[0,92,265,486,711,888,1046]
[0,711,1046]
[0,125,484,711,888,1046]
[0,125,484,711,976,1046]
[0,92,486,711,888,1046]
[0,484,711,888,1046]
[0,92,484,1046]
[0,92,486,711,976,1046]
[0,484,1046]
[0,125,206,525,711,888,1046]
[0,125,206,486,711,888,976,1046]
[0,486,1046]
[0,484,711,1046]
[0,125,525,711,976,1046]
[0,125,525,711,888,1046]
[0,265,484,711,1046]
[0,125,206,265,484,711,888,976,1046]
[0,92,206,265,484,711,888,976,1046]
[0,92,486,1046]
[0,486,711,1046]
[0,125,1046]
[0,552,1046]
[0,92,484,711,1046]
[0,125,525,711,888,976,1046]
[0,92,1046]
[0,525,711,888,1046]
[0,125,711,1046]
