[0,63,121,316,467,658,874,997]
[0,284,433,626,997]
[0,316,490,997]
[0,63,997]
[0,316,997]
[0,63,121,316,433,626,874,997]
[0,316,626,997]
[0,63,316,874,997]
[0,63,121,316,626,874,997]
[0,316,433,626,874,997]
[0,63,316,490,658,874,997]
[0,63,316,997]
[0,63,316,658,997]
[0,626,997]
[0,63,284,433,626,874,997]
[0,63,121,284,626,823,874,997]
[0,63,316,658,874,997]
[0,284,433,626,874,997]
[0,316,444,626,874,997]
[0,63,316,467,658,874,997]
[0,63,121,316,444,626,874,997]
[0,316,658,874,997]
[0,284,444,626,997]
[0,63,121,284,444,626,823,874,997]
[0,63,121,316,658,874,997]
[0,284,444,626,874,997]
[0,316,467,658,874,997]
[0,316,874,997]
[0,316,658,997]
[0,63,121,284,444,626,874,997]
[0,63,121,284,433,626,823,874,997]
[0,63,316,444,626,874,997]
[0,63,316,433,626,874,997]
[0,63,874,997]
[0,316,626,874,997]
[0,63,284,997]
[0,316,467,658,997]
[0,63,121,284,626,874,997]
[0,658,997]
[0,874,997]
[0,284,997]
[0,316,490,658,997]
[0,284,626,874,997]
[0,284,626,997]
[0,178,997]
[0,63,121,284,433,626,874,997]
[0,63,316,626,997]
[0,316,444,626,997]
[0,63,316,626,874,997]
[0,63,284,626,997]
[0,316,490,658,874,997]
[0,63,284,626,874,997]
[0,63,284,444,626,874,997]
