[0,304,1197]
[0,137,799,1197]
[0,135,304,586,697,1197]
[0,135,722,1197]
[0,304,722,1197]
[0,135,1096,1197]
[0,135,304,697,1197]
[0,135,304,697,1096,1197]
[0,135,304,1096,1197]
[0,799,1197]
[0,135,304,722,1197]
[0,1096,1197]
[0,137,1096,1197]
[0,722,1197]
[0,137,722,1096,1197]
[0,137,722,1197]
[0,697,1096,1197]
[0,135,304,580,697,1096,1197]
[0,135,697,1197]
[0,304,697,1197]
[0,135,182,304,580,697,1096,1197]
[0,135,304,1197]
[0,135,697,1096,1197]
[0,135,304,722,1096,1197]
[0,135,1197]
[0,135,304,586,697,1096,1197]
[0,137,1197]
[0,697,1197]
[0,135,304,580,697,1197]
