[0,634,1005,1046]
[0,237,337,543,634,757,873,1005,1046]
[0,337,634,1005,1046]
[0,237,337,543,634,757,1046]
[0,77,332,634,757,873,1005,1046]
[0,337,634,757,873,1005,1046]
[0,77,332,634,790,1005,1046]
[0,77,337,634,757,1005,1046]
[0,332,634,790,1005,1046]
[0,77,337,634,757,873,1005,1046]
[0,337,634,757,873,1046]
[0,183,337,634,757,1046]
[0,183,337,543,634,757,1046]
[0,77,543,634,757,1046]
[0,332,757,1046]
[0,332,790,1046]
[0,77,337,634,757,873,1046]
[0,237,337,634,757,873,1005,1046]
[0,77,237,337,543,634,757,873,1046]
[0,337,634,757,1005,1046]
[0,183,337,634,757,873,1005,1046]
[0,543,634,757,1046]
[0,77,543,634,757,873,1005,1046]
[0,77,543,634,757,873,1046]
[0,634,1046]
[0,252,757,1046]
[0,337,1046]
[0,237,337,634,757,873,1046]
[0,77,237,337,543,634,698,757,873,1046]
[0,183,337,757,1046]
[0,543,634,757,873,1046]
[0,77,237,337,543,634,757,873,1005,1046]
[0,77,337,634,757,1046]
[0,332,634,757,1046]
[0,332,634,757,873,1005,1046]
[0,337,634,757,1046]
[0,634,790,1046]
[0,183,337,543,634,757,873,1046]
[0,237,337,634,757,1046]
[0,77,332,634,757,873,1046]
[0,332,634,790,1046]
[0,757,1046]
[0,183,337,634,757,1005,1046]
[0,790,1046]
[0,183,337,634,757,873,1046]
[0,634,757,1046]
[0,337,634,1046]
[0,337,757,1046]
[0,77,332,634,757,1046]
[0,332,1046]
[0,77,332,634,790,1046]
[0,543,634,757,873,1005,1046]
[0,183,337,543,634,757,873,1005,1046]
[0,634,757,873,1005,1046]
[0,634,757,1005,1046]
[0,77,237,337,543,634,698,757,873,1005,1046]
[0,634,757,873,1046]
[0,634,790,1005,1046]
[0,237,337,543,634,757,873,1046]
[0,332,634,757,873,1046]
[0,1005,1046]
