[0,470,1046]
[0,470,610,893,972,1046]
[0,610,923,1046]
[0,470,610,932,1046]
[0,59,470,610,932,1046]
[0,610,870,1046]
[0,923,1046]
[0,49,893,1046]
[0,136,470,610,893,1046]
[0,136,470,610,915,1046]
[0,49,1046]
[0,470,610,870,1046]
[0,470,610,893,991,1046]
[0,136,470,610,893,972,1046]
[0,49,610,893,1046]
[0,49,470,610,893,991,1046]
[0,49,136,470,610,915,991,1046]
[0,870,1046]
[0,881,1046]
[0,49,136,470,610,893,991,1046]
[0,49,470,610,893,972,1046]
[0,610,1046]
[0,72,923,1046]
[0,59,470,610,870,972,1046]
[0,49,136,470,610,870,972,1046]
[0,915,991,1046]
[0,610,915,991,1046]
[0,470,610,893,1046]
[0,49,136,470,610,893,938,991,1046]
[0,136,470,610,870,1046]
[0,136,470,610,915,991,1046]
[0,610,915,1046]
[0,470,610,915,991,1046]
[0,136,470,610,893,991,1046]
[0,470,610,915,1046]
[0,610,893,1046]
[0,136,470,610,1046]
[0,470,610,1046]
[0,136,470,610,870,972,1046]
[0,49,470,610,915,991,1046]
[0,470,610,870,972,1046]
[0,893,1046]
[0,915,1046]
[0,49,470,610,893,1046]
[0,49,136,470,610,893,972,1046]
[0,49,470,610,870,972,1046]
[0,72,610,923,1046]
