[0,241,458,1752,2017]
[0,241,458,1329,1784,2017]
[0,446,1329,1752,2017]
[0,446,1035,1329,1621,2017]
[0,241,436,1329,1752,2017]
[0,1035,2017]
[0,241,436,1035,1329,1621,1784,2017]
[0,446,1035,1621,2017]
[0,241,458,1329,1752,1912,2017]
[0,241,446,1035,1329,1752,2017]
[0,241,436,1752,1912,2017]
[0,446,1621,2017]
[0,241,436,532,1035,1329,1621,1784,1932,2017]
[0,241,436,917,1035,1329,1752,1912,2017]
[0,377,1329,2017]
[0,436,1329,1752,2017]
[0,241,436,917,1035,1329,1752,1850,2017]
[0,1752,2017]
[0,377,1329,1784,2017]
[0,241,436,1035,1329,1752,2017]
[0,446,1035,1329,1752,2017]
[0,241,446,1329,1752,2017]
[0,241,436,1329,1621,2017]
[0,436,1035,1329,1621,2017]
[0,241,436,1621,2017]
[0,446,1752,2017]
[0,241,436,1035,1621,2017]
[0,436,1752,2017]
[0,436,1035,1621,2017]
[0,446,2017]
[0,241,436,532,1035,1329,1752,1912,2017]
[0,241,436,1035,1329,1752,1850,2017]
[0,436,1329,1621,2017]
[0,1621,2017]
[0,446,1035,1329,2017]
[0,241,436,917,1035,1329,1752,2017]
[0,241,446,1035,1329,1621,1784,1912,2017]
[0,436,1329,2017]
[0,241,436,532,1035,1621,2017]
[0,241,436,1329,1752,1912,2017]
[0,1035,1329,1621,2017]
[0,241,446,1329,1621,2017]
[0,241,436,1329,1752,1850,2017]
[0,458,1329,1784,2017]
[0,241,436,1035,1329,1621,2017]
[0,241,436,532,1621,2017]
[0,436,2017]
[0,1329,1752,2017]
[0,241,436,532,1035,1329,1752,2017]
[0,458,2017]
[0,241,446,1035,1329,1752,1912,2017]
[0,241,446,1329,1752,1912,2017]
[0,241,436,532,1035,1329,1621,1784,2017]
[0,436,1035,1329,1752,2017]
[0,241,436,1752,2017]
[0,1035,1329,2017]
[0,436,1621,2017]
[0,241,436,1752,1850,2017]
[0,436,1035,1329,2017]
[0,241,458,1329,1752,2017]
[0,241,446,1621,2017]
[0,446,1035,2017]
[0,436,1035,2017]
[0,1035,1329,1752,2017]
[0,241,458,1752,1912,2017]
[0,241,436,1035,1329,1752,1912,2017]
[0,241,436,532,1329,1752,2017]
[0,1329,1784,2017]
[0,1329,2017]
[0,241,436,532,917,1035,1329,1752,1912,2017]
[0,458,1329,1752,2017]
[0,241,436,532,1752,2017]
[0,458,1752,2017]
[0,446,1329,1621,2017]
[0,1035,1621,2017]
[0,241,446,1035,1329,1621,1784,2017]
[0,446,1329,2017]
[0,241,446,1035,1329,1621,2017]
[0,241,1035,1329,1752,2017]
[0,1784,2017]
[0,241,436,532,1035,1329,1621,2017]
[0,241,446,1752,2017]
[0,458,1329,2017]
[0,241,446,1752,1912,2017]
