[0,97,383,971,1180]
[0,97,367,425,1180]
[0,84,159,288,367,425,845,971,1180]
[0,84,971,1180]
[0,97,971,1180]
[0,90,845,971,1180]
[0,97,288,367,425,800,845,971,1180]
[0,84,159,288,367,425,800,845,971,1180]
[0,97,288,367,425,845,971,1180]
[0,97,425,1180]
[0,97,383,1180]
[0,97,845,971,1180]
[0,383,971,1180]
[0,97,288,1180]
[0,97,288,845,971,1180]
[0,288,845,971,1180]
[0,425,845,971,1180]
[0,84,845,971,1180]
[0,84,288,367,845,971,1180]
[0,84,159,288,845,971,1180]
[0,425,971,1180]
[0,97,288,367,425,971,1180]
[0,97,425,845,971,1180]
[0,845,971,1180]
[0,971,1180]
[0,97,288,367,1180]
[0,84,1180]
[0,425,1180]
[0,288,971,1180]
[0,97,288,367,845,971,1180]
[0,97,425,971,1180]
[0,288,425,971,1180]
[0,84,425,845,971,1180]
[0,97,1180]
[0,84,288,367,425,845,971,1180]
[0,383,1180]
[0,90,288,845,971,1180]
[0,97,288,425,971,1180]
[0,84,288,367,425,800,845,971,1180]
[0,288,1180]
[0,90,159,288,845,971,1180]
[0,90,1180]
[0,97,288,367,425,1180]
[0,84,159,288,367,845,971,1180]
[0,90,971,1180]
[0,84,367,425,845,971,1180]
[0,84,288,845,971,1180]
