[0,596,745,929,978,1327]
[0,370,650,929,1327]
[0,650,1327]
[0,184,370,745,1327]
[0,596,745,1327]
[0,184,745,929,1327]
[0,596,650,1327]
[0,184,745,929,1163,1327]
[0,184,745,1327]
[0,596,745,900,1163,1327]
[0,596,650,745,929,978,1327]
[0,745,900,1163,1327]
[0,370,596,650,745,929,978,1327]
[0,596,650,745,1327]
[0,184,370,596,650,745,929,1327]
[0,370,745,929,1327]
[0,596,650,745,900,1163,1327]
[0,650,929,1163,1327]
[0,184,370,745,1163,1327]
[0,370,650,1327]
[0,745,929,1163,1226,1327]
[0,561,1327]
[0,745,900,1327]
[0,184,370,596,650,745,929,978,1163,1327]
[0,184,370,596,650,745,929,1163,1327]
[0,184,370,745,900,1163,1327]
[0,184,370,745,929,1327]
[0,745,929,1163,1327]
[0,370,596,745,929,1163,1327]
[0,184,370,596,745,929,1327]
[0,184,370,596,650,745,929,978,1327]
[0,596,745,900,1327]
[0,745,929,978,1327]
[0,184,370,596,745,929,1163,1226,1327]
[0,596,745,929,1163,1226,1327]
[0,596,650,745,929,1163,1327]
[0,596,745,929,1163,1327]
[0,370,745,929,1163,1327]
[0,184,370,596,650,745,900,1163,1327]
[0,650,929,1327]
[0,370,745,1163,1327]
[0,184,370,596,745,900,1163,1327]
[0,745,1163,1327]
[0,596,650,745,929,1327]
[0,370,596,745,900,1163,1327]
[0,370,596,650,745,900,1163,1327]
[0,370,596,650,745,929,1163,1327]
[0,184,370,650,929,1327]
[0,184,370,745,929,1163,1327]
[0,370,745,900,1163,1327]
[0,370,745,1327]
[0,184,370,650,929,1163,1327]
[0,596,650,745,900,1327]
[0,370,596,745,929,1327]
[0,370,596,745,929,1163,1226,1327]
[0,596,745,929,1327]
[0,184,745,900,1163,1327]
[0,370,596,650,745,929,1327]
[0,184,370,596,745,929,1163,1327]
[0,745,929,1327]
[0,184,650,929,1327]
[0,184,650,929,1163,1327]
[0,745,1327]
[0,184,745,1163,1327]
[0,184,370,745,929,1163,1213,1327]
