[0,149,460,1114,1324,1651]
[0,149,460,1039,1478,1651]
[0,364,1114,1478,1651]
[0,149,364,1114,1478,1651]
[0,149,364,1114,1324,1478,1566,1651]
[0,1114,1651]
[0,460,1039,1478,1651]
[0,460,1114,1651]
[0,1114,1478,1651]
[0,1039,1651]
[0,1114,1324,1651]
[0,149,364,1114,1324,1478,1651]
[0,460,1114,1478,1651]
[0,460,1114,1324,1651]
[0,364,1114,1651]
[0,460,1039,1651]
[0,149,364,1114,1324,1651]
[0,149,460,1114,1478,1651]
[0,460,1651]
[0,364,1114,1324,1478,1651]
[0,1039,1478,1651]
[0,364,1651]
[0,149,460,1114,1324,1478,1651]
[0,460,1114,1324,1478,1651]
[0,149,364,1114,1478,1566,1651]
[0,364,1114,1324,1651]
