[0,1283,1508,1590,1968,2059,2189]
[0,1283,2189]
[0,259,1283,1330,1508,1592,1968,2059,2189]
[0,1283,1595,1968,2189]
[0,259,1283,1592,2189]
[0,1283,1508,1592,1968,2059,2189]
[0,1283,1968,2189]
[0,2058,2189]
[0,1283,1330,1508,1590,1968,2059,2189]
[0,259,1283,1590,1968,2059,2189]
[0,1283,2058,2189]
[0,1283,1595,1968,2059,2189]
[0,259,1283,1590,1968,2189]
[0,259,1283,1590,2058,2189]
[0,1283,1590,1968,2189]
[0,1283,1968,2059,2189]
[0,259,1283,1508,1595,1968,2059,2189]
[0,259,1283,2189]
[0,259,1283,1508,1590,1968,2059,2189]
[0,259,1283,1330,1508,1590,1968,2059,2189]
[0,1283,1508,1595,1968,2059,2189]
[0,259,1283,1590,2189]
[0,1283,1330,1595,1968,2059,2189]
[0,1283,1330,1592,1968,2059,2189]
[0,259,1283,1595,1968,2059,2189]
[0,259,1283,1592,1968,2059,2189]
[0,1283,1590,2058,2189]
[0,1306,2189]
[0,1283,1330,1508,1592,1968,2059,2189]
[0,1283,1595,2189]
[0,1283,1330,1508,1595,1968,2059,2189]
[0,259,1283,1595,2189]
[0,1968,2059,2189]
[0,259,1283,1595,1968,2189]
[0,259,1306,2058,2189]
[0,1283,1330,1968,2059,2189]
[0,1306,2058,2189]
[0,1283,2059,2189]
[0,1283,1592,1968,2059,2189]
[0,1283,1590,2189]
[0,259,1283,2059,2189]
[0,259,1306,2189]
[0,1968,2189]
[0,259,1283,1330,1508,1595,1968,2059,2189]
[0,259,1283,1592,1968,2189]
[0,1283,1590,1968,2059,2189]
[0,259,1283,1508,1592,1968,2059,2189]
[0,1283,1592,2189]
[0,1283,1330,1590,1968,2059,2189]
[0,1283,1592,1968,2189]
