[0,1286,1716,1911]
[0,309,1286,1592,1911]
[0,309,505,1286,1592,1911]
[0,309,505,1286,1592,1810,1911]
[0,309,1592,1911]
[0,1286,1592,1911]
[0,352,1911]
[0,277,505,671,1286,1592,1911]
[0,277,505,671,1286,1592,1791,1911]
[0,671,1286,1592,1911]
[0,671,1911]
[0,309,1286,1592,1810,1911]
[0,309,505,671,1286,1592,1810,1911]
[0,283,505,671,1286,1592,1810,1911]
[0,309,505,671,1286,1592,1911]
[0,283,671,1286,1592,1911]
[0,191,505,671,1286,1592,1911]
[0,277,671,1286,1592,1791,1911]
[0,283,1286,1911]
[0,1286,1737,1911]
[0,277,1911]
[0,1716,1911]
[0,283,1286,1592,1810,1911]
[0,283,671,1286,1592,1810,1911]
[0,277,1286,1716,1911]
[0,309,505,671,1286,1592,1791,1911]
[0,352,1286,1911]
[0,283,1911]
[0,277,671,1286,1592,1911]
[0,191,505,671,1286,1592,1810,1911]
[0,277,1286,1911]
[0,191,671,1286,1592,1911]
[0,191,1286,1592,1810,1911]
[0,277,1286,1592,1791,1911]
[0,277,1286,1592,1911]
[0,352,1286,1716,1911]
[0,309,505,1286,1592,1791,1911]
[0,1592,1911]
[0,1286,1911]
[0,1737,1911]
[0,1286,1592,1791,1911]
[0,309,1286,1592,1791,1911]
[0,283,1286,1592,1911]
[0,283,505,671,1286,1592,1911]
[0,191,671,1286,1592,1810,1911]
[0,671,1592,1911]
[0,191,1286,1592,1911]
[0,277,1286,1737,1911]
