[0,144,520,996,1875,2017]
[0,520,2017]
[0,333,2017]
[0,325,520,922,1167,1910,2017]
[0,144,325,520,922,1044,1167,1910,2017]
[0,144,325,520,873,1167,1910,2017]
[0,520,938,1167,2017]
[0,520,906,1149,2017]
[0,520,1157,2017]
[0,325,520,922,1044,1167,1910,2017]
[0,520,922,1167,1910,2017]
[0,325,520,938,1167,2017]
[0,520,873,1167,1910,2017]
[0,325,520,873,1167,2017]
[0,1167,2017]
[0,144,325,520,873,1167,2017]
[0,325,520,922,1167,2017]
[0,144,520,2017]
[0,520,938,1167,1910,2017]
[0,520,996,2017]
[0,325,520,922,1044,1167,2017]
[0,520,906,1157,1875,2017]
[0,325,520,938,1167,1910,2017]
[0,325,520,906,1167,2017]
[0,144,325,520,938,1167,2017]
[0,1149,2017]
[0,520,873,1167,2017]
[0,325,520,906,1167,1910,2017]
[0,144,520,906,1149,2017]
[0,325,520,906,1149,2017]
[0,520,906,1157,2017]
[0,520,1167,2017]
[0,144,325,520,922,1167,2017]
[0,144,520,996,2017]
[0,144,325,520,873,996,1167,2017]
[0,144,325,520,938,1167,1910,2017]
[0,144,325,520,873,996,1167,1910,2017]
[0,144,325,520,906,1167,2017]
[0,325,520,1167,2017]
[0,144,325,520,906,1167,1910,2017]
[0,325,520,938,1044,1167,1910,2017]
[0,325,520,1167,1910,2017]
[0,1157,2017]
[0,144,325,520,922,1044,1167,2017]
[0,144,520,906,1157,2017]
[0,520,922,1167,2017]
[0,520,906,1167,2017]
[0,144,325,520,938,1044,1167,1910,2017]
[0,325,520,873,1167,1910,2017]
[0,520,1149,2017]
[0,520,1167,1910,2017]
[0,520,906,1167,1910,2017]
[0,144,520,906,1149,1910,2017]
[0,520,906,1149,1910,2017]
[0,144,325,520,906,996,1167,1910,2017]
[0,325,520,906,1149,1910,2017]
[0,329,2017]
[0,144,520,906,1157,1875,2017]
[0,325,520,906,996,1167,1910,2017]
