[0,483,685,855,1046]
[0,399,478,685,780,855,1046]
[0,415,483,552,685,780,855,912,979,1046]
[0,483,685,912,1046]
[0,338,483,685,855,1046]
[0,52,552,1046]
[0,52,979,1046]
[0,338,399,478,552,685,855,979,1046]
[0,399,478,552,685,855,1046]
[0,483,685,855,979,1046]
[0,478,552,685,780,855,1046]
[0,483,552,685,780,855,979,1046]
[0,52,483,685,855,979,1046]
[0,338,399,478,552,685,780,855,912,979,1046]
[0,52,483,685,1046]
[0,478,552,685,780,855,979,1046]
[0,399,478,685,855,1046]
[0,338,483,685,780,855,1046]
[0,399,478,685,855,979,1046]
[0,338,399,478,685,855,979,1046]
[0,52,338,483,552,685,780,855,979,1046]
[0,478,552,685,855,1046]
[0,52,399,478,685,855,979,1046]
[0,552,685,780,855,1046]
[0,52,552,912,1046]
[0,52,338,399,478,685,855,979,1046]
[0,52,338,399,478,552,685,855,979,1046]
[0,52,338,399,478,552,685,780,855,912,979,1046]
[0,52,338,399,478,685,780,855,979,1046]
[0,399,478,552,685,780,855,979,1046]
[0,483,685,780,855,979,1046]
[0,52,478,685,1046]
[0,478,685,855,1046]
[0,52,1046]
[0,338,415,483,552,685,780,855,979,1046]
[0,52,483,685,912,1046]
[0,338,415,483,552,685,780,855,912,979,1046]
[0,478,552,685,855,979,1046]
[0,685,855,1046]
[0,478,685,855,979,1046]
[0,552,685,855,1046]
[0,483,1046]
[0,855,1046]
[0,415,483,552,685,780,855,979,1046]
[0,415,483,552,685,780,855,1046]
[0,552,685,855,979,1046]
[0,478,685,1046]
[0,399,478,552,685,780,855,1046]
[0,338,483,552,685,780,855,1046]
[0,478,1046]
[0,478,685,780,855,1046]
[0,52,483,685,780,855,979,1046]
[0,52,483,552,685,780,855,979,1046]
[0,338,483,552,685,780,855,979,1046]
[0,483,552,685,780,855,912,979,1046]
[0,338,399,478,552,685,780,855,979,1046]
[0,478,685,780,855,979,1046]
[0,399,478,685,780,855,979,1046]
[0,52,483,1046]
[0,979,1046]
[0,399,478,552,685,855,979,1046]
[0,52,338,415,483,552,685,780,855,979,1046]
[0,338,399,478,685,780,855,979,1046]
[0,483,552,685,780,855,1046]
[0,52,338,399,478,552,685,780,855,979,1046]
[0,52,338,415,483,552,685,780,855,912,979,1046]
[0,338,415,483,552,685,780,855,1046]
[0,552,912,1046]
[0,52,478,685,855,979,1046]
[0,552,1046]
[0,552,685,780,855,979,1046]
[0,483,685,1046]
[0,483,685,780,855,1046]
[0,52,478,1046]
