[0,189,960,1289,1685,1983,2348,2807,2956]
[0,189,960,2016,2956]
[0,189,960,1289,1685,1832,1980,2348,2807,2956]
[0,1980,2956]
[0,189,960,2348,2956]
[0,960,1289,1685,1980,2348,2956]
[0,189,1980,2348,2956]
[0,960,1289,1983,2348,2956]
[0,189,960,1289,1685,1980,2348,2807,2956]
[0,189,960,1289,1685,1832,1980,2348,2956]
[0,189,960,1289,1685,1980,2348,2956]
[0,189,960,1983,2348,2956]
[0,189,960,1289,1983,2348,2956]
[0,189,960,1289,1685,1983,2348,2956]
[0,960,2016,2956]
[0,960,2348,2956]
[0,960,2956]
[0,960,1980,2348,2956]
[0,189,960,1289,1983,2348,2807,2956]
[0,189,960,1289,1980,2348,2956]
[0,189,960,2956]
[0,189,960,1289,1685,1983,2348,2494,2807,2956]
[0,960,1289,1685,1983,2348,2956]
[0,189,1983,2348,2956]
[0,1983,2956]
[0,2016,2956]
[0,189,960,1289,1983,2348,2494,2807,2956]
[0,189,960,1289,1685,1832,1980,2348,2494,2807,2956]
[0,960,1289,1980,2348,2956]
[0,960,1983,2348,2956]
[0,189,2956]
[0,1983,2348,2956]
[0,189,960,1980,2348,2956]
[0,1980,2348,2956]
[0,459,2016,2956]
