[0,342,686,3019,3957,4758]
[0,3019,4063,4758]
[0,1025,2785,3285,3489,4063,4446,4758]
[0,1025,2785,3489,4063,4446,4758]
[0,342,655,3019,3963,4758]
[0,3019,3387,4758]
[0,342,686,3019,3963,4758]
[0,394,2785,3489,4063,4758]
[0,342,686,3019,3387,4063,4758]
[0,394,2785,3387,4063,4758]
[0,2785,3489,4063,4446,4758]
[0,394,2785,3489,4063,4446,4758]
[0,3019,4758]
[0,686,3019,4063,4758]
[0,686,3019,3387,4063,4758]
[0,3019,3957,4758]
[0,2785,3489,4063,4758]
[0,394,3222,4758]
[0,2785,3387,4758]
[0,3019,3957,4446,4758]
[0,1025,2785,3489,4063,4758]
[0,3285,3963,4758]
[0,2785,4063,4758]
[0,3019,3963,4758]
[0,1025,2785,4758]
[0,3140,4758]
[0,394,2785,3285,3489,4063,4446,4758]
[0,3285,4758]
[0,342,3019,3957,4446,4758]
[0,686,3019,3957,4758]
[0,686,3019,3387,4758]
[0,1915,3019,4063,4758]
[0,394,1915,3140,4063,4758]
[0,342,655,3019,3963,4446,4758]
[0,394,1915,3140,3387,4063,4758]
[0,3019,3387,4063,4758]
[0,3140,4063,4758]
[0,1915,3140,3387,4063,4758]
[0,342,3019,3963,4446,4758]
[0,342,686,3019,3963,4446,4758]
[0,2785,4758]
[0,3140,3387,4758]
[0,394,2785,3019,3387,4063,4758]
[0,342,686,1915,3019,3387,4063,4758]
[0,342,3019,3957,4758]
[0,342,3019,3387,4758]
[0,3019,3963,4446,4758]
[0,686,3019,3963,4758]
[0,686,1915,3019,3387,4063,4758]
[0,1915,3140,4063,4758]
[0,3019,3705,4758]
[0,1915,4758]
[0,3222,4758]
[0,686,1915,3019,4063,4758]
[0,1915,3019,4758]
[0,686,3019,4758]
[0,2785,3387,4063,4758]
[0,1915,3140,4758]
[0,342,686,3019,3387,4758]
[0,2629,3285,3963,4758]
[0,2785,3489,4758]
[0,2785,4063,4446,4758]
[0,2785,3285,3489,4063,4446,4758]
[0,342,686,3019,3957,4446,4758]
[0,342,3019,3963,4758]
[0,1025,2785,3489,4758]
[0,3140,3387,4063,4758]
