[0,706,1282,2078,2369,2643,2956]
[0,682,1282,2078,2369,2643,2956]
[0,1282,2078,2956]
[0,706,1282,1973,2956]
[0,1004,2106,2865,2956]
[0,682,1282,2078,2369,2865,2956]
[0,682,1282,1973,2956]
[0,1282,2956]
[0,583,1282,1973,2369,2643,2956]
[0,1004,1282,1973,2369,2956]
[0,706,1004,1973,2369,2956]
[0,706,1973,2369,2956]
[0,1004,1973,2369,2956]
[0,1004,2106,2956]
[0,583,1282,1973,2369,2956]
[0,706,1282,1973,2369,2956]
[0,706,1797,1973,2369,2643,2956]
[0,706,1797,1973,2369,2956]
[0,1282,1973,2369,2956]
[0,682,1282,2956]
[0,583,1282,1797,1973,2369,2643,2865,2956]
[0,2369,2956]
[0,583,1797,1973,2369,2643,2956]
[0,706,1282,2956]
[0,583,1797,1973,2369,2865,2956]
[0,682,1282,2078,2956]
[0,1004,2956]
[0,1004,1282,1973,2369,2865,2956]
[0,706,2369,2956]
[0,1004,1973,2369,2865,2956]
[0,1004,2865,2956]
[0,706,1797,1973,2369,2643,2865,2956]
[0,706,1282,2078,2369,2956]
[0,1282,2078,2369,2956]
[0,706,1004,2369,2956]
[0,583,2369,2956]
[0,658,1004,1973,2369,2956]
[0,583,2956]
[0,1004,2369,2956]
[0,682,1282,2078,2369,2643,2879,2956]
[0,1282,2078,2369,2643,2956]
[0,706,1004,2369,2865,2956]
[0,706,2956]
[0,1282,2078,2369,2643,2879,2956]
[0,1282,1973,2369,2865,2956]
[0,706,1973,2369,2643,2956]
[0,583,1973,2369,2956]
[0,706,1282,1797,1973,2369,2865,2956]
[0,658,1004,1973,2369,2865,2956]
[0,706,1282,1973,2369,2643,2956]
[0,682,1282,2078,2369,2956]
[0,706,1282,1973,2369,2865,2956]
[0,706,1282,2078,2956]
[0,706,1004,2865,2956]
[0,583,1797,1973,2369,2956]
[0,706,1797,1973,2369,2865,2956]
[0,706,1282,2078,2369,2643,2879,2956]
[0,583,1973,2369,2643,2956]
[0,706,1282,1797,1973,2369,2643,2865,2956]
[0,658,1004,2106,2956]
[0,1004,1973,2956]
[0,706,1282,1797,1973,2369,2956]
[0,658,1004,2106,2865,2956]
[0,583,1282,1797,1973,2369,2956]
[0,706,1004,2956]
[0,1282,1973,2956]
[0,583,1797,1973,2369,2643,2865,2956]
[0,706,1004,1973,2369,2865,2956]
[0,682,1282,1973,2369,2865,2956]
[0,682,1282,1973,2369,2956]
[0,682,2956]
[0,706,1282,1797,1973,2369,2643,2956]
[0,583,1282,1797,1973,2369,2643,2956]
[0,583,1282,1973,2956]
