[0,1356,2759]
[0,230,850,1119,1356,2005,2335,2759]
[0,850,1356,2759]
[0,850,1356,2005,2335,2759]
[0,230,1243,2335,2759]
[0,850,1968,2335,2759]
[0,850,1119,1356,2005,2335,2759]
[0,592,1119,1356,1968,2335,2759]
[0,850,2335,2759]
[0,230,1243,1968,2335,2759]
[0,230,1119,1356,1968,2335,2759]
[0,1119,1356,1968,2335,2759]
[0,230,592,1119,1356,1968,2335,2759]
[0,1119,2005,2335,2759]
[0,850,1119,1356,1968,2335,2759]
[0,592,1119,1356,2005,2335,2759]
[0,1119,1356,2005,2335,2759]
[0,592,1119,2759]
[0,592,1119,2335,2759]
[0,1243,2759]
[0,230,1119,2005,2335,2759]
[0,1243,2335,2759]
[0,592,1119,2005,2335,2759]
[0,850,1243,2335,2759]
[0,230,592,1119,1356,2005,2335,2759]
[0,850,1356,1968,2335,2759]
[0,230,1119,1356,2005,2335,2759]
[0,850,1356,2335,2759]
[0,592,1119,1968,2335,2759]
[0,230,850,1119,1356,1968,2335,2759]
[0,230,850,1243,1968,2335,2759]
[0,850,1243,1968,2335,2759]
[0,230,1119,1968,2335,2759]
[0,1119,2759]
[0,230,850,1356,1968,2335,2759]
[0,1243,1968,2335,2759]
[0,230,592,1119,1356,2005,2335,2515,2759]
[0,230,850,1356,2335,2759]
[0,1119,1968,2335,2759]
[0,1356,2335,2759]
[0,230,850,1356,2005,2335,2759]
[0,230,1119,2335,2759]
[0,1119,2335,2759]
[0,850,2759]
[0,230,1356,2335,2759]
