[0,266,474,699,997,1180]
[0,51,266,699,1180]
[0,51,266,612,708,1180]
[0,266,626,692,1051,1180]
[0,200,796,1180]
[0,266,350,474,612,699,1180]
[0,51,200,266,474,635,997,1051,1180]
[0,200,266,474,635,997,1051,1180]
[0,200,266,474,612,699,1180]
[0,51,200,266,474,612,699,997,1180]
[0,266,474,626,692,1051,1180]
[0,51,266,677,1180]
[0,266,635,997,1051,1180]
[0,677,1180]
[0,266,474,626,692,1180]
[0,266,612,699,1180]
[0,51,200,266,612,699,997,1180]
[0,51,266,692,1180]
[0,200,266,350,474,612,699,1180]
[0,692,1180]
[0,266,474,612,825,1047,1180]
[0,51,200,266,699,1180]
[0,266,692,1180]
[0,266,474,612,699,1180]
[0,266,474,635,997,1051,1180]
[0,51,266,699,997,1180]
[0,51,266,474,612,825,997,1047,1180]
[0,266,612,825,1047,1180]
[0,51,200,266,474,612,825,1180]
[0,51,266,612,825,997,1047,1180]
[0,51,266,612,1180]
[0,51,266,612,997,1047,1180]
[0,51,266,612,825,1180]
[0,51,200,266,474,612,699,997,1047,1180]
[0,266,612,997,1180]
[0,266,612,825,1180]
[0,266,474,612,825,1180]
[0,200,266,474,612,699,997,1180]
[0,699,1180]
[0,200,266,692,1051,1180]
[0,266,699,1180]
[0,266,635,1180]
[0,51,266,635,997,1051,1180]
[0,200,266,474,635,825,997,1051,1180]
[0,51,266,635,1180]
[0,266,612,708,1180]
[0,266,474,635,825,1051,1180]
[0,635,1180]
[0,200,266,699,1180]
[0,51,200,266,474,635,825,997,1051,1180]
[0,200,266,474,635,825,1051,1180]
[0,51,200,266,350,474,612,699,997,1047,1180]
[0,200,266,612,699,1180]
[0,51,200,266,612,825,997,1047,1180]
[0,51,266,635,997,1180]
[0,51,266,474,612,825,1047,1180]
[0,51,266,635,825,1180]
[0,266,350,474,626,692,1180]
[0,51,266,474,612,825,1180]
[0,612,1180]
[0,266,626,692,997,1051,1180]
[0,266,474,635,1180]
[0,200,266,350,474,612,699,997,1180]
[0,51,200,266,350,474,626,692,997,1051,1180]
[0,266,350,474,626,692,1051,1180]
[0,266,474,626,692,997,1051,1180]
[0,266,626,692,1180]
[0,51,266,699,997,1047,1180]
[0,266,474,692,1180]
[0,266,692,1051,1180]
[0,200,266,474,612,825,1180]
[0,51,200,266,474,612,825,1047,1180]
[0,200,266,474,612,825,1047,1180]
[0,51,200,266,692,997,1051,1180]
[0,51,200,266,350,474,612,699,997,1180]
[0,51,266,708,1180]
[0,51,200,266,626,692,997,1051,1180]
[0,708,1180]
[0,51,200,266,612,825,1047,1180]
[0,200,266,626,692,997,1051,1180]
[0,266,474,635,825,997,1051,1180]
[0,200,266,699,997,1180]
[0,51,200,266,474,626,692,997,1051,1180]
[0,200,266,692,997,1051,1180]
[0,200,266,612,825,1047,1180]
[0,200,635,1180]
[0,266,350,474,692,1051,1180]
[0,266,635,997,1180]
[0,51,200,266,612,699,997,1047,1180]
[0,51,200,266,612,699,1180]
[0,51,200,266,699,997,1047,1180]
[0,51,266,612,825,1047,1180]
[0,266,635,825,1180]
[0,51,200,266,635,997,1051,1180]
[0,266,474,699,1180]
[0,266,612,1180]
[0,266,350,474,626,692,997,1051,1180]
[0,266,350,474,692,1180]
[0,51,266,474,635,997,1051,1180]
[0,200,266,350,474,626,692,997,1051,1180]
[0,266,708,1180]
[0,266,474,692,1051,1180]
[0,796,1180]
[0,51,200,266,612,825,1180]
[0,200,266,350,474,626,692,1051,1180]
[0,200,266,635,997,1180]
[0,51,200,266,699,997,1180]
[0,200,266,612,825,1180]
[0,51,200,266,350,474,612,699,1180]
[0,200,266,474,635,997,1180]
[0,200,266,612,699,997,1180]
[0,51,266,692,1051,1180]
[0,200,266,626,692,1051,1180]
[0,266,474,635,997,1180]
[0,266,350,474,612,699,997,1180]
[0,51,266,692,997,1051,1180]
[0,266,474,635,825,1180]
[0,266,612,699,997,1180]
[0,200,266,474,626,692,997,1051,1180]
[0,51,266,474,635,825,997,1051,1180]
[0,51,266,612,997,1180]
[0,266,474,612,699,997,1180]
[0,266,692,997,1051,1180]
[0,200,266,635,997,1051,1180]
[0,51,200,266,474,612,699,1180]
[0,51,200,266,474,612,825,997,1047,1180]
[0,266,699,997,1180]
[0,200,266,474,626,692,1051,1180]
[0,266,677,1180]
