[0,213,461,642,757,884,1056,1327]
[0,213,461,642,757,1327]
[0,499,1086,1327]
[0,213,461,642,1056,1327]
[0,1086,1327]
[0,165,806,1086,1327]
[0,213,884,1327]
[0,55,499,642,757,1327]
[0,213,461,642,757,1154,1327]
[0,213,499,642,884,1095,1327]
[0,213,757,1154,1327]
[0,55,213,499,642,757,1327]
[0,55,213,461,642,757,1154,1327]
[0,806,1086,1327]
[0,213,884,1095,1327]
[0,213,499,642,757,1095,1327]
[0,165,499,642,806,1086,1327]
[0,642,884,1327]
[0,165,806,1327]
[0,213,461,642,1327]
[0,55,213,461,642,757,806,884,1056,1327]
[0,213,499,642,757,884,1056,1327]
[0,213,642,884,1056,1327]
[0,757,1327]
[0,213,461,642,757,1056,1327]
[0,213,499,1086,1327]
[0,213,642,884,1327]
[0,499,642,757,1327]
[0,213,461,642,884,1154,1327]
[0,213,461,642,1154,1327]
[0,461,642,757,1327]
[0,55,213,461,642,757,884,1056,1327]
[0,213,499,642,884,1056,1327]
[0,213,642,757,1154,1327]
[0,165,499,1327]
[0,55,213,499,642,806,1327]
[0,461,1056,1327]
[0,213,1327]
[0,642,1327]
[0,213,499,642,1056,1327]
[0,165,499,642,1327]
[0,55,213,461,642,757,1327]
[0,165,884,1327]
[0,165,642,806,1086,1327]
[0,499,1095,1327]
[0,1095,1327]
[0,213,499,1327]
[0,55,213,499,642,1327]
[0,461,884,1327]
[0,55,213,461,642,757,884,1154,1327]
[0,213,499,642,884,1327]
[0,55,213,499,642,757,1056,1327]
[0,213,499,642,1095,1327]
[0,213,499,642,757,1056,1327]
[0,642,757,1327]
[0,55,461,642,757,1327]
[0,213,461,642,884,1056,1327]
[0,165,499,642,806,1327]
[0,213,461,1327]
[0,806,1327]
[0,55,213,499,642,757,1095,1327]
[0,213,499,1056,1327]
[0,55,757,1327]
[0,55,213,499,642,806,1086,1327]
[0,213,499,642,806,1327]
[0,165,1327]
[0,213,642,757,1327]
[0,213,461,642,884,1327]
[0,213,499,642,1327]
[0,213,461,1056,1327]
[0,213,461,884,1327]
[0,499,806,1327]
[0,213,461,642,757,884,1154,1327]
[0,213,499,806,1086,1327]
[0,165,642,806,1327]
[0,755,1327]
[0,55,213,461,642,757,1056,1327]
[0,55,1327]
[0,55,213,1327]
[0,213,755,1327]
[0,213,499,1095,1327]
[0,213,642,884,1095,1327]
[0,213,499,642,757,1327]
[0,499,1327]
[0,55,213,499,1327]
[0,213,499,642,757,884,1095,1327]
[0,499,806,1086,1327]
[0,213,499,642,806,1086,1327]
[0,213,757,1327]
[0,499,1056,1327]
[0,1056,1327]
[0,884,1327]
[0,461,642,1327]
[0,55,642,757,1327]
[0,55,213,499,642,757,884,1056,1327]
[0,213,499,806,1327]
[0,461,1327]
[0,213,884,1056,1327]
[0,499,642,1327]
[0,55,213,499,642,757,884,1095,1327]
