[0,398,560,646,720,825,1046]
[0,91,398,720,825,1046]
[0,398,560,646,720,825,950,1046]
[0,182,398,720,825,1046]
[0,720,825,1046]
[0,91,560,825,1046]
[0,54,398,560,646,720,825,1046]
[0,499,720,892,1046]
[0,91,1046]
[0,54,398,720,825,950,1046]
[0,182,560,825,1046]
[0,398,560,1046]
[0,398,720,892,1046]
[0,54,182,398,560,646,720,825,892,1046]
[0,91,892,1046]
[0,720,1046]
[0,91,398,720,892,1046]
[0,182,398,560,720,825,950,1046]
[0,127,720,1046]
[0,499,720,1046]
[0,398,720,825,1046]
[0,825,1046]
[0,398,560,720,825,950,1046]
[0,182,398,720,1046]
[0,91,825,1046]
[0,182,398,560,825,1046]
[0,54,398,646,720,825,1046]
[0,182,398,560,646,720,825,1046]
[0,54,398,560,646,720,825,892,1046]
[0,54,398,720,825,1046]
[0,182,720,825,1046]
[0,398,1046]
[0,182,1046]
[0,398,720,825,950,1046]
[0,54,646,720,825,1046]
[0,91,720,825,1046]
[0,182,560,646,720,825,1046]
[0,91,499,720,892,1046]
[0,398,646,720,825,1046]
[0,54,1046]
[0,182,560,1046]
[0,560,1046]
[0,398,560,825,1046]
[0,54,720,825,1046]
[0,892,1046]
[0,182,646,720,825,1046]
[0,398,560,646,720,825,892,1046]
[0,182,398,560,1046]
[0,54,182,398,560,646,720,825,950,1046]
[0,54,398,560,646,720,825,950,1046]
[0,182,398,560,646,720,825,892,1046]
[0,182,720,1046]
[0,646,720,825,1046]
[0,398,720,1046]
[0,91,720,1046]
[0,182,398,560,720,825,1046]
[0,182,720,825,950,1046]
[0,182,560,720,825,1046]
[0,91,720,892,1046]
[0,560,825,1046]
[0,182,398,720,825,950,1046]
[0,720,892,1046]
[0,398,825,1046]
[0,499,1046]
[0,127,1046]
[0,398,560,720,825,1046]
[0,54,825,1046]
[0,182,398,560,646,720,825,950,1046]
