[0,1285,2073,2616,2824]
[0,1140,1641,2073,2824]
[0,1285,1946,2073,2490,2616,2824]
[0,907,1285,1523,1641,2073,2490,2616,2824]
[0,1285,1946,2073,2616,2824]
[0,1140,2073,2824]
[0,1285,1523,1641,1976,2073,2490,2616,2824]
[0,1285,1641,2073,2616,2824]
[0,907,1285,1641,2073,2490,2616,2824]
[0,907,1285,1651,2073,2490,2616,2824]
[0,1140,1641,2616,2824]
[0,1285,2073,2824]
[0,1641,2824]
[0,1140,2616,2824]
[0,1140,1641,2824]
[0,907,1285,1641,2073,2616,2824]
[0,1285,1651,1946,2073,2616,2824]
[0,1285,1523,1641,2073,2490,2616,2824]
[0,907,1285,1523,1641,1976,2073,2490,2616,2824]
[0,1285,1641,1976,2073,2490,2616,2824]
[0,1285,1641,2073,2824]
[0,1285,1651,2073,2616,2824]
[0,1285,1651,2073,2490,2616,2824]
[0,1285,2073,2490,2616,2824]
[0,907,1285,1651,2073,2824]
[0,1140,1641,2073,2616,2824]
[0,1285,2616,2824]
[0,907,1285,2073,2824]
[0,907,1285,1641,2073,2824]
[0,1285,1651,2073,2824]
[0,907,1285,1651,2073,2616,2824]
[0,1140,2824]
[0,1415,2824]
[0,1285,2824]
[0,1285,1651,1946,2073,2490,2616,2824]
[0,1285,1641,2073,2490,2616,2824]
