[0,54,363,505,664,940,1093,1327]
[0,54,363,505,664,940,1093,1222,1327]
[0,461,1093,1327]
[0,505,1327]
[0,505,664,940,1093,1327]
[0,62,505,664,940,1093,1222,1327]
[0,54,461,1093,1327]
[0,363,505,940,1093,1327]
[0,54,461,1327]
[0,363,505,664,940,1093,1222,1327]
[0,505,940,1093,1327]
[0,62,505,664,940,1327]
[0,263,505,1093,1327]
[0,62,505,664,940,1093,1327]
[0,505,664,1093,1327]
[0,940,1093,1222,1327]
[0,263,505,1327]
[0,581,1093,1327]
[0,62,410,505,664,940,1093,1222,1327]
[0,940,1093,1327]
[0,263,410,505,664,940,1093,1222,1327]
[0,54,461,940,1093,1327]
[0,263,505,664,940,1093,1222,1327]
[0,505,940,1093,1222,1327]
[0,461,664,1093,1327]
[0,62,505,1327]
[0,62,263,410,505,664,940,1093,1222,1327]
[0,62,581,1093,1327]
[0,410,505,664,940,1093,1222,1327]
[0,263,505,664,940,1093,1327]
[0,505,1093,1327]
[0,505,664,1327]
[0,940,1327]
[0,54,505,664,940,1093,1222,1327]
[0,581,1327]
[0,54,263,410,505,664,940,1093,1222,1327]
[0,363,505,940,1093,1222,1327]
[0,505,664,940,1093,1222,1327]
[0,62,505,664,1327]
[0,461,664,940,1093,1327]
[0,263,505,664,1093,1327]
[0,54,410,505,664,940,1093,1222,1327]
[0,505,664,940,1327]
[0,363,505,664,940,1093,1327]
[0,41,263,410,505,664,940,1093,1222,1327]
[0,505,940,1327]
[0,461,940,1093,1327]
[0,62,940,1327]
[0,54,461,664,940,1093,1327]
[0,461,1327]
[0,62,410,505,664,940,1093,1327]
[0,410,505,664,940,1093,1327]
