[0,460,646,730,829,922]
[0,78,379,460,646,829,922]
[0,78,396,460,646,730,829,922]
[0,479,646,730,829,922]
[0,160,396,479,646,730,922]
[0,78,479,646,922]
[0,78,160,460,646,829,922]
[0,160,460,646,730,829,922]
[0,460,646,730,922]
[0,78,460,646,730,922]
[0,460,646,829,922]
[0,78,460,646,829,922]
[0,78,379,460,646,922]
[0,160,396,479,646,730,829,922]
[0,78,479,646,730,829,922]
[0,160,379,460,646,922]
[0,78,396,460,646,922]
[0,160,479,646,922]
[0,78,160,396,460,646,730,829,922]
[0,160,479,646,730,829,922]
[0,78,160,396,479,646,730,829,922]
[0,479,646,730,922]
[0,78,160,379,460,646,730,829,922]
[0,479,646,829,922]
[0,78,160,379,460,646,829,922]
[0,460,922]
[0,78,396,460,646,829,922]
[0,160,460,646,922]
[0,160,460,922]
[0,78,160,396,460,646,922]
[0,160,460,646,730,922]
[0,78,160,460,646,922]
[0,160,460,646,829,922]
[0,78,460,922]
[0,78,160,460,646,730,829,922]
[0,160,379,460,646,730,829,922]
[0,479,646,922]
[0,379,460,646,829,922]
[0,479,922]
[0,78,479,646,730,922]
[0,160,379,460,646,829,922]
[0,78,460,646,730,829,922]
[0,78,460,646,922]
[0,379,460,646,922]
[0,460,646,922]
[0,379,460,646,730,829,922]
[0,160,479,646,730,922]
[0,160,479,646,829,922]
[0,78,396,479,646,730,829,922]
[0,78,379,460,646,730,829,922]
[0,78,160,379,460,646,922]
[0,396,479,646,730,829,922]
[0,78,160,396,460,646,829,922]
[0,160,396,479,646,922]
[0,78,479,922]
