[0,540,943,1082,1176,1249]
[0,198,540,943,1082,1249]
[0,540,911,1082,1249]
[0,500,943,1082,1249]
[0,540,911,1082,1176,1249]
[0,540,1082,1249]
[0,540,596,943,1082,1176,1249]
[0,540,596,911,1082,1176,1249]
[0,540,943,1249]
[0,500,1082,1176,1249]
[0,97,540,943,1082,1249]
[0,540,1082,1176,1249]
[0,540,943,1082,1249]
[0,97,540,596,943,1082,1176,1249]
[0,61,540,943,1082,1176,1249]
[0,97,540,943,1082,1176,1249]
[0,61,500,596,943,1082,1176,1249]
[0,500,1082,1249]
[0,1082,1249]
[0,61,540,596,911,1082,1176,1249]
[0,500,943,1249]
[0,61,540,596,943,1082,1176,1249]
[0,198,540,943,1249]
[0,1176,1249]
[0,97,540,911,1082,1249]
[0,1082,1176,1249]
[0,540,1249]
[0,540,911,1249]
[0,97,540,911,1082,1176,1249]
[0,500,596,943,1082,1249]
[0,500,943,1082,1176,1249]
[0,500,1249]
[0,61,540,911,1082,1176,1249]
[0,97,540,596,911,1082,1176,1249]
[0,500,596,943,1082,1176,1249]
