[0,286,452,969]
[0,317,611,696,832,888,969]
[0,317,452,611,696,774,832,969]
[0,317,611,696,774,969]
[0,317,611,696,969]
[0,317,611,696,774,832,888,969]
[0,452,969]
[0,317,452,696,969]
[0,286,688,832,969]
[0,286,696,969]
[0,286,452,696,832,969]
[0,317,611,696,832,969]
[0,317,452,611,696,774,969]
[0,317,452,696,832,969]
[0,317,452,611,696,774,832,888,969]
[0,317,696,774,969]
[0,286,452,832,969]
[0,286,696,832,969]
[0,317,696,832,888,969]
[0,317,452,611,696,832,888,969]
[0,286,688,969]
[0,317,969]
[0,317,696,832,969]
[0,317,452,611,696,969]
[0,286,969]
[0,317,696,969]
[0,317,611,696,774,832,969]
[0,317,452,611,696,832,969]
