[0,130,189,368,449,1343]
[0,130,189,368,449,670,840,1343]
[0,130,665,1343]
[0,368,1343]
[0,368,449,670,1343]
[0,449,670,840,1343]
[0,368,449,1343]
[0,130,449,665,1343]
[0,130,368,449,670,1343]
[0,449,665,1343]
[0,130,368,449,670,840,1343]
[0,130,189,368,449,670,1343]
[0,130,449,670,840,1343]
[0,670,840,1343]
[0,665,1343]
[0,130,670,1343]
[0,368,670,1343]
[0,130,1343]
[0,130,189,1343]
[0,130,189,368,1343]
[0,670,1343]
[0,130,368,449,1343]
[0,130,368,1343]
[0,130,449,670,1343]
[0,130,670,840,1343]
[0,449,670,1343]
[0,130,368,449,665,1343]
