[0,178,531,1578,1815,2017]
[0,178,531,1524,1589,1815,2017]
[0,172,531,901,1336,1578,1815,2017]
[0,178,531,1336,1578,1815,2017]
[0,531,855,1589,1801,2017]
[0,129,179,531,1578,1815,2017]
[0,178,531,1589,2017]
[0,178,531,1578,2017]
[0,178,531,1524,1589,2017]
[0,531,855,1589,2017]
[0,531,585,1524,1589,1801,2017]
[0,531,1024,1589,1801,2017]
[0,531,1024,1336,1589,2017]
[0,129,179,531,1336,1578,1815,2017]
[0,179,531,1524,1589,1801,2017]
[0,129,179,531,1524,1589,2017]
[0,531,1024,1336,1524,1589,1801,2017]
[0,172,531,1578,2017]
[0,172,531,1589,2017]
[0,531,901,1336,1589,2017]
[0,531,1589,1815,2017]
[0,129,179,531,1336,1589,1801,2017]
[0,531,855,1524,1589,1801,2017]
[0,531,585,1589,2017]
[0,172,531,1578,1815,2017]
[0,129,179,531,1578,2017]
[0,531,901,1336,1578,2017]
[0,178,531,901,1336,1578,1815,2017]
[0,585,2017]
[0,531,1589,2017]
[0,179,531,1578,1815,2017]
[0,179,531,2017]
[0,531,1524,1589,1801,2017]
[0,531,585,2017]
[0,531,1578,2017]
[0,531,1589,1801,2017]
[0,531,855,1024,1336,1589,1801,2017]
[0,531,585,855,1024,1524,1589,1801,2017]
[0,531,585,855,1524,1589,1801,2017]
[0,529,2017]
[0,531,1024,1524,1589,1801,2017]
[0,179,531,1524,1589,1815,2017]
[0,179,531,1578,2017]
[0,531,855,1024,1336,1524,1589,1801,2017]
[0,129,179,531,1024,1336,1589,1801,2017]
[0,531,855,1024,1589,1801,2017]
[0,531,2017]
[0,129,179,531,2017]
[0,531,1024,1589,2017]
[0,531,901,1336,1578,1815,2017]
[0,178,531,2017]
[0,172,531,2017]
[0,172,531,901,1336,1589,2017]
[0,179,531,1589,1801,2017]
[0,531,1024,1336,1589,1801,2017]
[0,179,531,1336,1589,1801,2017]
[0,531,1336,1589,2017]
[0,531,1336,1578,2017]
[0,129,179,531,1524,1589,1815,2017]
[0,531,1524,1589,2017]
[0,172,531,1336,1578,1815,2017]
[0,179,531,1336,1578,1815,2017]
[0,531,1578,1815,2017]
[0,178,531,585,1524,1589,2017]
[0,531,1024,2017]
[0,178,531,1589,1815,2017]
[0,129,179,531,1589,2017]
[0,531,585,855,1024,1336,1524,1589,1801,2017]
[0,178,531,585,1524,1589,1815,2017]
[0,179,531,1024,1336,1589,1801,2017]
[0,531,855,1024,1524,1589,1801,2017]
[0,129,179,531,1589,1801,2017]
[0,531,1336,1589,1801,2017]
[0,129,179,531,1524,1589,1801,2017]
[0,531,901,1578,2017]
[0,531,901,1589,2017]
[0,531,585,1524,1589,2017]
[0,179,531,1524,1589,2017]
[0,179,531,1589,2017]
[0,531,1336,1578,1815,2017]
[0,179,531,1589,1815,2017]
[0,172,531,1336,1589,2017]
