[0,1052,1253,1299,1465]
[0,68,354,716,1052,1253,1465]
[0,68,1052,1096,1253,1299,1400,1465]
[0,1299,1465]
[0,1253,1465]
[0,68,246,354,716,1052,1253,1465]
[0,1052,1253,1299,1400,1465]
[0,134,354,716,1052,1253,1465]
[0,68,716,1052,1253,1299,1400,1465]
[0,68,354,716,1052,1096,1253,1299,1400,1465]
[0,68,716,1052,1096,1253,1465]
[0,134,716,1253,1465]
[0,68,354,716,1299,1465]
[0,1052,1253,1400,1465]
[0,1052,1253,1465]
[0,68,1052,1253,1299,1400,1465]
[0,1027,1299,1465]
[0,68,1253,1465]
[0,153,354,716,1052,1253,1400,1465]
[0,68,716,1052,1253,1465]
[0,134,1253,1465]
[0,153,354,716,1052,1253,1465]
[0,134,354,716,1052,1253,1400,1465]
[0,68,246,354,716,1052,1253,1400,1465]
[0,68,1052,1253,1400,1465]
[0,68,354,716,1052,1253,1400,1465]
[0,68,354,716,1052,1096,1253,1465]
[0,716,1052,1253,1465]
[0,68,1465]
[0,68,246,354,716,1052,1096,1253,1400,1465]
[0,68,716,1052,1096,1253,1299,1400,1465]
[0,1027,1465]
[0,153,716,1253,1465]
[0,716,1253,1465]
[0,354,716,1253,1465]
[0,354,716,1465]
[0,68,716,1052,1253,1400,1465]
[0,354,716,1299,1465]
[0,153,354,716,1253,1465]
[0,68,716,1299,1465]
[0,68,1052,1253,1465]
[0,716,1299,1465]
[0,68,1052,1096,1253,1465]
[0,354,716,1052,1253,1465]
[0,153,1253,1465]
[0,716,1465]
[0,134,354,716,1253,1465]
[0,246,354,716,1052,1253,1465]
[0,68,1027,1299,1465]
[0,68,1299,1465]
[0,68,354,716,1052,1253,1299,1400,1465]
[0,68,354,716,1052,1096,1253,1400,1465]
