[0,156,380,625,1038,1473,1621,1934,2020]
[0,156,587,1458,2020]
[0,190,2020]
[0,156,380,625,1473,1621,2020]
[0,173,634,1038,1527,1934,2020]
[0,587,1038,2020]
[0,380,634,1038,1398,1621,2020]
[0,587,1621,2020]
[0,1473,2020]
[0,156,380,625,1038,1621,2020]
[0,156,1621,1934,2020]
[0,380,625,1621,2020]
[0,156,587,1339,1621,2020]
[0,156,625,1473,2020]
[0,380,634,1038,1473,2020]
[0,1398,2020]
[0,173,634,1398,1621,2020]
[0,156,1934,2020]
[0,380,587,1339,1621,2020]
[0,634,1473,2020]
[0,668,1473,1934,2020]
[0,156,634,1038,1621,2020]
[0,156,625,1473,1934,2020]
[0,587,1038,1339,1621,2020]
[0,380,1621,2020]
[0,156,380,625,1038,1473,2020]
[0,380,625,1473,2020]
[0,380,634,1621,2020]
[0,173,634,1398,2020]
[0,190,668,1473,1934,2020]
[0,156,380,634,1038,1473,1934,2020]
[0,634,1398,1621,2020]
[0,190,1858,2020]
[0,156,1621,2020]
[0,156,587,1458,1621,2020]
[0,587,1621,1934,2020]
[0,156,380,587,1038,1458,1621,1934,2020]
[0,156,634,1621,2020]
[0,156,2020]
[0,156,380,625,1473,2020]
[0,634,1527,2020]
[0,1934,2020]
[0,156,634,1398,1621,1934,2020]
[0,380,634,1398,1621,2020]
[0,587,2020]
[0,156,380,634,1038,1398,1621,1934,2020]
[0,156,380,587,1038,1458,1621,2020]
[0,156,380,625,1473,1934,2020]
[0,380,587,1458,1621,2020]
[0,380,625,1038,1621,2020]
[0,625,1038,2020]
[0,380,634,1038,1621,2020]
[0,173,634,1527,1934,2020]
[0,156,634,1473,2020]
[0,625,1621,2020]
[0,156,625,1621,2020]
[0,173,634,1527,2020]
[0,668,2020]
[0,1458,2020]
[0,156,634,1398,2020]
[0,587,1038,1458,1621,2020]
[0,472,2020]
[0,156,380,634,1398,1621,2020]
[0,156,380,634,1038,1473,1621,1934,2020]
[0,173,634,1398,1934,2020]
[0,156,587,1621,2020]
[0,634,1038,1473,2020]
[0,156,587,1038,1458,1621,2020]
[0,156,380,634,1038,1398,1621,2020]
[0,156,634,1473,1621,2020]
[0,156,634,1398,1621,2020]
[0,190,668,2020]
[0,173,634,1038,1527,2020]
[0,587,1458,2020]
[0,156,587,1038,1458,1621,1934,2020]
[0,156,380,587,1038,1339,1621,1934,2020]
[0,380,587,1621,2020]
[0,380,587,1458,2020]
[0,634,2020]
[0,625,1038,1473,2020]
[0,634,1398,2020]
[0,634,1398,1934,2020]
[0,173,634,1621,2020]
[0,634,1473,1934,2020]
[0,156,380,634,1038,1621,2020]
[0,625,1473,2020]
[0,156,587,1458,1934,2020]
[0,173,634,1398,1621,1934,2020]
[0,156,587,1621,1934,2020]
[0,156,380,625,1038,1473,1934,2020]
[0,634,1038,1527,2020]
[0,625,2020]
[0,472,1858,2020]
[0,156,380,634,1038,1473,2020]
[0,380,587,1038,1458,1621,2020]
[0,156,587,1458,1621,1934,2020]
[0,156,587,1038,1621,2020]
[0,156,380,625,1038,1473,1621,2020]
[0,668,1473,2020]
[0,156,625,1473,1621,2020]
[0,156,380,634,1473,1934,2020]
[0,190,668,1858,2020]
[0,190,668,1473,2020]
[0,380,587,1038,1621,2020]
[0,156,625,1038,1621,2020]
[0,1527,2020]
[0,156,587,1038,1621,1934,2020]
[0,156,587,1339,1621,1934,2020]
[0,380,634,1473,2020]
[0,156,380,634,1473,1621,2020]
[0,156,380,634,1398,1621,1934,2020]
[0,634,1038,1621,2020]
[0,380,2020]
[0,380,1473,2020]
[0,625,1473,1934,2020]
[0,156,380,634,1038,1473,1621,2020]
[0,156,380,634,1473,2020]
[0,634,1038,2020]
[0,156,380,587,1038,1339,1621,2020]
[0,634,1621,2020]
[0,587,1339,1621,2020]
[0,156,634,1473,1934,2020]
[0,156,634,1398,1934,2020]
[0,587,1038,1621,2020]
[0,587,1458,1934,2020]
[0,156,380,587,1339,1621,1934,2020]
[0,1621,2020]
[0,380,625,1038,1473,2020]
[0,380,587,1038,1339,1621,2020]
[0,587,1458,1621,2020]
[0,625,1038,1621,2020]
[0,156,380,587,1339,1621,2020]
[0,634,1527,1934,2020]
