[0,813,2494,2902,2956]
[0,589,813,1256,2521,2956]
[0,813,2633,2956]
[0,589,813,1256,2103,2494,2956]
[0,589,813,1256,1660,1915,2494,2902,2956]
[0,813,2494,2956]
[0,813,2956]
[0,813,1281,2956]
[0,589,813,1256,1660,1915,2494,2635,2902,2956]
[0,2633,2956]
[0,813,1256,2103,2521,2956]
[0,813,1915,2494,2956]
[0,813,2521,2881,2956]
[0,856,2633,2956]
[0,596,813,1256,1558,1915,2494,2635,2902,2956]
[0,813,1915,2956]
[0,589,813,1281,2633,2956]
[0,596,2633,2956]
[0,589,813,1256,1915,2494,2956]
[0,596,813,1256,1915,2494,2902,2956]
[0,596,813,1256,1915,2494,2956]
[0,813,1256,2521,2881,2956]
[0,589,813,1256,1660,1915,2494,2635,2956]
[0,589,813,1256,1660,1915,2494,2956]
[0,596,813,1256,1558,1915,2494,2956]
[0,813,1256,1915,2494,2902,2956]
[0,813,1256,2103,2494,2956]
[0,1915,2956]
[0,589,813,1256,2101,2521,2956]
[0,589,813,1256,2101,2521,2881,2956]
[0,589,813,1256,2103,2494,2902,2956]
[0,589,813,1256,2521,2881,2956]
[0,813,1281,2633,2956]
[0,813,1256,1660,1915,2494,2956]
[0,813,1256,1558,1915,2494,2956]
[0,589,813,1256,2103,2494,2635,2902,2956]
[0,589,813,1256,2103,2521,2881,2956]
[0,813,1256,2956]
[0,813,1256,2521,2956]
[0,596,813,1256,1915,2494,2635,2956]
[0,596,2494,2956]
[0,596,813,1256,1915,2494,2635,2902,2956]
[0,856,2956]
[0,813,1256,2103,2494,2902,2956]
[0,813,1256,2494,2902,2956]
[0,596,2956]
[0,596,813,2494,2956]
[0,596,813,1256,1558,1915,2494,2635,2956]
[0,813,1256,2101,2521,2956]
[0,589,813,1256,2103,2521,2956]
[0,813,1256,2494,2956]
[0,813,1256,1915,2494,2956]
[0,589,813,1256,1915,2494,2902,2956]
[0,589,813,1256,2103,2494,2635,2956]
[0,813,2521,2956]
