[0,52,194,711,1180]
[0,829,1180]
[0,642,1180]
[0,52,194,711,1108,1180]
[0,52,194,642,711,860,1023,1108,1180]
[0,52,134,194,642,711,860,1108,1180]
[0,194,711,1108,1180]
[0,52,642,711,860,1108,1180]
[0,134,194,642,711,860,1108,1180]
[0,134,194,711,1108,1180]
[0,642,860,1108,1180]
[0,711,860,946,1180]
[0,134,711,860,1108,1180]
[0,711,860,946,1108,1180]
[0,134,642,711,860,946,1108,1180]
[0,194,642,711,860,1023,1108,1180]
[0,194,711,860,1023,1180]
[0,134,711,860,1180]
[0,134,194,711,1180]
[0,52,194,524,711,860,1108,1180]
[0,52,134,642,711,860,1108,1180]
[0,642,711,860,1108,1180]
[0,194,711,860,946,1180]
[0,194,524,711,860,1180]
[0,194,642,711,860,1108,1180]
[0,194,524,711,860,1108,1180]
[0,711,860,1108,1180]
[0,134,711,860,946,1108,1180]
[0,52,194,642,711,1108,1180]
[0,52,134,194,711,1108,1180]
[0,52,194,711,860,1108,1180]
[0,642,860,1180]
[0,52,642,711,860,946,1108,1180]
[0,52,134,194,642,711,860,946,1108,1180]
[0,134,194,642,711,1108,1180]
[0,194,711,1180]
[0,194,711,860,1023,1108,1180]
[0,52,134,194,642,711,1108,1180]
[0,52,711,860,1180]
[0,642,711,860,946,1108,1180]
[0,134,711,860,946,1180]
[0,52,711,860,946,1108,1180]
[0,711,860,1180]
[0,194,711,860,1108,1180]
[0,194,711,860,946,1108,1180]
[0,52,194,642,711,860,1108,1180]
[0,711,1180]
[0,134,194,642,711,860,1023,1108,1180]
[0,194,711,860,1180]
[0,194,711,1023,1180]
[0,194,642,711,1108,1180]
[0,134,642,711,860,1108,1180]
[0,194,642,711,860,946,1108,1180]
[0,52,134,194,642,711,860,1023,1108,1180]
[0,52,711,860,1108,1180]
[0,52,711,1108,1180]
[0,194,524,711,1180]
[0,134,194,642,711,860,946,1108,1180]
[0,52,134,642,711,860,946,1108,1180]
[0,711,1108,1180]
[0,860,1180]
