[0,1349,2223,2554]
[0,1168,1522,2223,2554]
[0,1349,1522,2223,2554]
[0,1319,2554]
[0,1168,1349,2223,2505,2554]
[0,1168,2554]
[0,1168,1522,2223,2505,2554]
[0,1319,2223,2554]
[0,1168,1349,2223,2554]
[0,650,1349,2223,2554]
[0,1168,2223,2505,2554]
[0,1168,1349,1522,2223,2554]
[0,1349,1522,2223,2505,2554]
[0,1168,2223,2554]
[0,1168,1349,1522,1636,2223,2505,2554]
[0,1168,1522,2554]
[0,1168,1522,1636,2223,2505,2554]
[0,1349,2554]
[0,650,1349,1522,2223,2505,2554]
[0,650,1349,1522,2223,2554]
[0,650,1349,2554]
[0,1168,1349,1522,1636,2223,2554]
[0,1349,2223,2505,2554]
[0,1168,1349,1522,2223,2505,2554]
[0,1319,2223,2505,2554]
[0,1168,1522,1636,2223,2554]
