[0,1045,1427]
[0,591,1251,1427]
[0,194,398,591,919,1427]
[0,633,697,919,1048,1251,1427]
[0,398,1427]
[0,398,591,1128,1253,1427]
[0,591,1427]
[0,591,1253,1427]
[0,633,919,1045,1128,1251,1427]
[0,633,697,919,1045,1128,1251,1427]
[0,194,398,591,633,697,919,1045,1128,1251,1427]
[0,633,697,968,1045,1128,1253,1427]
[0,194,398,591,1253,1427]
[0,1128,1427]
[0,398,591,919,1427]
[0,1251,1427]
[0,633,968,1427]
[0,591,697,919,1045,1251,1427]
[0,633,1045,1427]
[0,194,398,591,697,1128,1253,1427]
[0,398,591,697,919,1045,1251,1427]
[0,398,591,697,919,1045,1128,1251,1427]
[0,591,697,1128,1427]
[0,591,697,1251,1427]
[0,591,697,919,1045,1128,1251,1427]
[0,591,1128,1251,1427]
[0,591,919,1251,1427]
[0,194,398,591,1427]
[0,633,697,1253,1427]
[0,194,398,591,697,919,1045,1128,1251,1427]
[0,1128,1251,1427]
[0,398,591,1253,1427]
[0,633,919,1427]
[0,591,1045,1427]
[0,194,1427]
[0,591,1128,1253,1427]
[0,633,1251,1427]
[0,194,398,591,697,1253,1427]
[0,591,697,1128,1251,1427]
[0,633,1048,1251,1427]
[0,1045,1128,1251,1427]
[0,194,591,919,1427]
[0,633,1253,1427]
[0,591,633,697,968,1045,1128,1253,1427]
[0,968,1427]
[0,633,968,1045,1128,1253,1427]
[0,591,697,1128,1253,1427]
[0,398,591,697,1128,1253,1427]
[0,1045,1128,1427]
[0,633,919,1045,1251,1427]
[0,591,697,968,1045,1128,1253,1427]
[0,398,591,697,1253,1427]
[0,633,919,1048,1251,1427]
[0,633,1045,1128,1253,1427]
[0,398,591,919,1045,1251,1427]
[0,1247,1427]
[0,1045,1253,1427]
[0,633,1045,1128,1251,1427]
[0,968,1045,1128,1427]
[0,633,1427]
[0,633,697,968,1045,1253,1427]
[0,633,1045,1253,1427]
[0,633,697,1045,1253,1427]
[0,398,591,1427]
[0,633,697,1128,1427]
[0,633,697,1251,1427]
[0,919,1045,1128,1427]
[0,398,591,697,968,1045,1128,1253,1427]
[0,633,919,1128,1427]
[0,633,919,1251,1427]
[0,194,398,591,697,968,1045,1128,1253,1427]
[0,919,1427]
[0,633,1128,1251,1427]
[0,633,697,1045,1128,1253,1427]
[0,591,697,1045,1128,1427]
[0,194,398,591,633,697,968,1045,1128,1253,1427]
[0,919,1128,1427]
[0,633,697,1048,1251,1427]
[0,633,1128,1253,1427]
[0,633,697,1045,1128,1251,1427]
[0,591,697,1253,1427]
[0,968,1045,1253,1427]
[0,1253,1427]
[0,194,398,591,919,1045,1251,1427]
[0,591,633,697,919,1045,1128,1251,1427]
[0,591,697,1045,1128,1251,1427]
[0,1048,1427]
[0,591,697,1045,1251,1427]
[0,591,1045,1251,1427]
[0,633,1128,1427]
[0,1128,1253,1427]
[0,194,398,591,1128,1253,1427]
[0,633,968,1253,1427]
[0,194,398,591,919,1251,1427]
[0,591,919,1045,1251,1427]
[0,633,968,1045,1253,1427]
[0,591,697,1045,1128,1253,1427]
[0,398,591,697,1045,1128,1253,1427]
[0,194,398,591,697,919,1045,1251,1427]
[0,633,919,1045,1128,1427]
[0,1045,1128,1253,1427]
[0,194,398,591,697,1045,1128,1253,1427]
[0,968,1045,1128,1253,1427]
[0,194,398,1427]
[0,633,1048,1427]
[0,633,1045,1128,1427]
[0,398,591,919,1251,1427]
[0,633,697,1045,1128,1427]
[0,591,919,1427]
[0,591,1128,1427]
