[0,265,404,1372,1875]
[0,265,938,1372,1875]
[0,265,404,938,1372,1875]
[0,265,391,1372,1787,1875]
[0,265,391,938,1372,1787,1875]
[0,265,1358,1787,1875]
[0,265,1787,1875]
[0,265,1358,1875]
[0,938,1372,1875]
[0,265,391,1372,1875]
[0,265,391,993,1372,1875]
[0,306,1774,1875]
[0,265,404,1372,1787,1875]
[0,265,1372,1787,1875]
[0,265,404,938,1372,1787,1875]
[0,265,993,1372,1875]
[0,1372,1875]
[0,265,1875]
[0,265,391,989,1372,1787,1875]
[0,265,989,1372,1875]
[0,993,1372,1875]
[0,265,404,989,1372,1875]
[0,265,1372,1875]
[0,989,1372,1875]
[0,265,391,938,1372,1875]
[0,265,404,989,1372,1787,1875]
[0,265,391,989,1372,1875]
[0,265,391,993,1372,1787,1875]
[0,1358,1875]
[0,306,1875]
