[0,427,1318,1857,2020]
[0,350,622,1318,1558,1935,2020]
[0,269,622,1558,2020]
[0,622,1857,2020]
[0,269,622,1318,1558,1935,2020]
[0,374,622,1558,2020]
[0,427,1318,2020]
[0,269,622,1318,1558,1948,2020]
[0,350,622,1318,1558,2020]
[0,622,1948,2020]
[0,350,622,1558,2020]
[0,374,622,801,1318,1558,2020]
[0,622,2020]
[0,374,427,622,1318,1558,1948,2020]
[0,269,622,1318,1558,2020]
[0,427,1857,2020]
[0,1318,2020]
[0,374,622,801,1318,1558,1948,2020]
[0,622,1558,1948,2020]
[0,374,427,622,801,1318,1558,1948,2020]
[0,622,1318,1558,1935,2020]
[0,622,1318,1558,2020]
[0,374,622,1318,1558,1948,2020]
[0,427,2020]
[0,622,1318,1558,1948,2020]
[0,374,622,1318,1558,2020]
[0,622,1558,2020]
