[0,565,1076,1327]
[0,854,1076,1327]
[0,73,445,565,783,854,1076,1181,1327]
[0,445,592,948,1076,1327]
[0,1075,1327]
[0,445,592,1076,1181,1327]
[0,445,1076,1181,1327]
[0,445,565,841,1076,1327]
[0,592,841,1076,1327]
[0,565,868,1091,1327]
[0,565,1091,1327]
[0,445,592,783,841,1076,1181,1327]
[0,948,1076,1327]
[0,841,1076,1327]
[0,565,841,1076,1327]
[0,565,841,1076,1181,1327]
[0,73,445,565,869,1076,1181,1327]
[0,841,1076,1181,1327]
[0,445,854,1327]
[0,445,1076,1327]
[0,565,854,1076,1327]
[0,854,1091,1327]
[0,592,1076,1327]
[0,445,1327]
[0,445,565,854,1076,1327]
[0,411,1075,1327]
[0,445,854,1091,1327]
[0,56,948,1076,1327]
[0,854,1327]
[0,56,445,592,841,1076,1181,1327]
[0,1076,1181,1327]
[0,445,565,854,1076,1181,1327]
[0,56,445,948,1076,1327]
[0,592,841,1076,1181,1327]
[0,73,445,565,841,1076,1181,1327]
[0,445,565,783,869,1076,1181,1327]
[0,56,1076,1327]
[0,445,592,1076,1327]
[0,445,948,1076,1327]
[0,592,1327]
[0,1076,1327]
[0,565,869,1076,1181,1327]
[0,445,592,841,1076,1327]
[0,56,445,592,783,841,1076,1181,1327]
[0,445,565,841,1076,1181,1327]
[0,445,565,869,1076,1327]
[0,125,445,854,1091,1327]
[0,565,854,1076,1181,1327]
[0,445,592,841,1076,1181,1327]
[0,125,445,1076,1327]
[0,411,1327]
[0,56,445,592,948,1076,1181,1327]
[0,445,592,948,1076,1181,1327]
[0,56,445,565,841,1076,1181,1327]
[0,854,1076,1181,1327]
[0,73,445,565,783,869,1076,1181,1327]
[0,445,565,869,1076,1181,1327]
[0,565,869,1076,1327]
[0,869,1076,1327]
[0,1091,1327]
[0,565,1327]
[0,445,565,868,1091,1327]
[0,73,445,565,854,1076,1181,1327]
[0,56,445,1076,1327]
[0,868,1091,1327]
[0,56,445,592,948,1076,1327]
[0,869,1076,1181,1327]
