[0,298,493,1669,1983,2179,2554]
[0,298,2554]
[0,1286,2554]
[0,1889,2554]
[0,99,298,2179,2554]
[0,298,493,1669,2179,2554]
[0,298,1669,2179,2554]
[0,99,298,493,1669,1758,2179,2554]
[0,298,1983,2179,2554]
[0,298,1889,2554]
[0,99,298,493,1669,1889,2179,2554]
[0,2179,2554]
[0,298,2179,2554]
[0,298,1669,1889,2179,2554]
[0,298,1286,2179,2554]
[0,1286,1669,2554]
[0,99,298,493,1669,1983,2179,2554]
[0,298,493,1669,1889,2179,2554]
[0,298,1669,1983,2179,2554]
[0,1286,1669,2179,2554]
[0,1669,2179,2554]
[0,298,1889,2179,2554]
[0,243,2179,2554]
[0,99,298,493,1286,1669,1889,2179,2554]
[0,298,493,1286,1669,1889,2179,2554]
[0,99,298,493,1669,2008,2179,2554]
[0,1286,2179,2554]
[0,298,493,2179,2554]
[0,298,1286,1669,2179,2554]
[0,99,298,493,1669,2179,2554]
[0,99,298,493,2179,2554]
[0,298,493,1669,2008,2179,2554]
[0,1669,2554]
[0,298,1286,1669,1889,2179,2554]
