[0,504,647,970,1093,1333,1811,2017]
[0,504,809,970,1333,1811,2017]
[0,81,1333,1811,2017]
[0,1333,1811,2017]
[0,81,218,970,1093,1333,1811,2017]
[0,81,218,970,1093,1811,2017]
[0,1801,2017]
[0,1033,1811,2017]
[0,302,1811,2017]
[0,1007,1333,1811,2017]
[0,809,970,1093,1333,1811,2017]
[0,504,647,970,1333,1811,2017]
[0,970,1093,1811,2017]
[0,218,504,809,1007,1333,1811,1904,2017]
[0,504,809,1007,1333,1811,1904,2017]
[0,504,809,1007,1333,1811,2017]
[0,504,809,970,1093,1333,1811,2017]
[0,218,504,647,970,1333,1811,2017]
[0,218,1093,2017]
[0,218,1093,1811,2017]
[0,504,1333,2017]
[0,81,218,504,970,1093,1333,1811,2017]
[0,647,970,1093,1333,1811,2017]
[0,218,504,970,1333,2017]
[0,970,2017]
[0,1007,1333,2017]
[0,504,1007,1333,1811,2017]
[0,218,1007,1333,1811,2017]
[0,218,1007,1333,2017]
[0,504,970,1333,1811,2017]
[0,504,970,1333,2017]
[0,218,970,1333,2017]
[0,1333,2017]
[0,81,647,970,1333,1811,2017]
[0,647,970,1333,2017]
[0,218,970,1333,1811,2017]
[0,504,647,970,1333,1811,1904,2017]
[0,81,218,970,1333,1811,2017]
[0,81,218,504,809,970,1093,1333,1811,2017]
[0,218,504,647,970,1093,1333,1811,2017]
[0,970,1093,1333,1811,2017]
[0,81,647,970,1093,1333,1811,2017]
[0,218,504,809,970,1093,1333,1811,2017]
[0,81,218,504,970,1333,1811,2017]
[0,81,504,647,970,1333,1811,2017]
[0,81,647,1811,2017]
[0,1033,2017]
[0,81,970,1093,1333,1811,2017]
[0,302,2017]
[0,81,970,1333,1811,2017]
[0,218,504,970,1093,1333,1811,2017]
[0,970,1093,2017]
[0,218,504,1007,1333,1811,2017]
[0,218,504,970,1333,1811,2017]
[0,218,504,1007,1333,2017]
[0,81,504,647,970,1093,1333,1811,2017]
[0,218,504,809,1007,1333,1811,2017]
[0,809,970,1333,1811,2017]
[0,81,218,504,1007,1333,1811,2017]
[0,647,970,1333,1811,2017]
[0,1811,2017]
[0,647,2017]
[0,970,1333,2017]
[0,1093,1811,2017]
[0,218,809,970,1333,1811,2017]
[0,81,2017]
[0,81,218,504,647,970,1333,1811,2017]
[0,218,504,809,970,1333,1811,2017]
[0,218,504,647,970,1333,1811,1904,2017]
[0,647,1811,2017]
[0,504,1007,1333,2017]
[0,81,1811,2017]
[0,504,970,1093,1333,1811,2017]
[0,81,218,809,970,1093,1333,1811,2017]
[0,1093,2017]
[0,218,970,1093,1333,1811,2017]
[0,218,970,1093,1811,2017]
[0,809,1007,1333,1811,2017]
[0,81,218,504,647,970,1333,1811,1904,2017]
[0,81,1007,1333,1811,2017]
[0,218,809,970,1093,1333,1811,2017]
[0,81,218,504,809,1007,1333,1811,1904,2017]
[0,81,218,1007,1333,1811,2017]
[0,81,218,504,809,1007,1333,1811,2017]
[0,970,1333,1811,2017]
[0,81,970,1093,1811,2017]
[0,81,218,504,647,970,1093,1333,1811,2017]
