[0,435,1010,1291,1651]
[0,821,938,1291,1514,1651]
[0,435,713,882,1010,1291,1651]
[0,821,1651]
[0,435,541,882,1010,1291,1651]
[0,435,713,1003,1291,1651]
[0,713,821,882,1010,1291,1651]
[0,435,821,1651]
[0,713,882,1010,1291,1651]
[0,435,541,882,1010,1651]
[0,435,541,821,882,1010,1291,1651]
[0,435,541,821,882,1651]
[0,541,882,1651]
[0,435,713,821,938,1291,1514,1651]
[0,805,910,1651]
[0,435,882,1010,1651]
[0,713,1291,1651]
[0,805,910,1514,1651]
[0,435,821,938,1291,1514,1651]
[0,435,882,1651]
[0,435,821,1291,1514,1651]
[0,805,1651]
[0,435,713,1003,1291,1514,1651]
[0,435,713,821,938,1514,1651]
[0,435,541,713,821,882,1010,1291,1651]
[0,435,713,821,1291,1651]
[0,713,1010,1291,1651]
[0,435,713,821,1291,1514,1651]
[0,435,805,910,1514,1651]
[0,1003,1291,1651]
[0,1291,1651]
[0,821,1291,1651]
[0,435,882,1010,1291,1651]
[0,805,1514,1651]
[0,821,1291,1514,1651]
[0,435,541,882,1651]
[0,435,713,821,882,1010,1291,1651]
[0,435,1003,1291,1651]
[0,541,821,882,1651]
[0,435,541,821,882,1010,1651]
[0,713,821,1514,1651]
[0,882,1010,1651]
[0,435,713,821,1514,1651]
[0,435,713,1651]
[0,435,1514,1651]
[0,882,1010,1291,1651]
[0,1010,1291,1651]
[0,435,821,938,1514,1651]
[0,1514,1651]
[0,435,713,1010,1291,1651]
[0,713,1651]
[0,821,1514,1651]
[0,435,821,1291,1651]
[0,435,541,713,882,1010,1291,1651]
[0,821,882,1010,1291,1651]
[0,713,821,1291,1651]
[0,435,541,1651]
[0,882,1651]
[0,435,713,1514,1651]
[0,435,1291,1651]
[0,435,910,1514,1651]
[0,821,882,1651]
[0,435,713,821,1003,1291,1514,1651]
[0,821,938,1514,1651]
[0,435,1651]
[0,821,882,1010,1651]
[0,435,910,1651]
[0,910,1651]
[0,435,821,1514,1651]
