[0,157,387,536,1513,1646,1875]
[0,387,1875]
[0,392,1502,1875]
[0,157,387,450,1513,1646,1875]
[0,157,387,536,1462,1515,1730,1875]
[0,157,387,1513,1646,1875]
[0,157,387,450,1462,1513,1875]
[0,157,387,1513,1875]
[0,157,387,450,1462,1515,1875]
[0,157,611,1462,1875]
[0,157,387,450,611,1462,1515,1875]
[0,157,387,536,1462,1513,1730,1875]
[0,157,387,1515,1875]
[0,157,387,450,1513,1875]
[0,611,1875]
[0,157,387,450,1515,1875]
[0,157,387,450,611,1515,1875]
[0,157,387,611,1513,1646,1875]
[0,611,1462,1875]
[0,157,387,536,1462,1513,1646,1875]
[0,157,387,450,611,1462,1513,1646,1875]
[0,387,1502,1875]
[0,387,1513,1875]
[0,157,387,611,1513,1875]
[0,387,611,1513,1875]
[0,157,387,536,1515,1875]
[0,157,387,536,1462,1513,1875]
[0,157,387,536,1513,1875]
[0,157,387,611,1515,1875]
[0,387,611,1515,1875]
[0,157,387,450,1462,1513,1646,1875]
[0,157,387,450,611,1513,1646,1875]
[0,157,387,536,1513,1730,1875]
[0,387,1462,1875]
[0,1462,1875]
[0,392,1875]
[0,157,387,536,1515,1730,1875]
[0,387,1515,1875]
[0,157,387,536,1462,1515,1875]
