[0,771,1286,1834,2554]
[0,298,1328,1667,2209,2554]
[0,771,1286,2554]
[0,45,298,1286,1501,1834,2209,2554]
[0,1286,1637,2554]
[0,624,1328,2554]
[0,1834,2554]
[0,298,1328,1637,1834,2209,2554]
[0,298,771,1286,1501,1834,2209,2554]
[0,771,1834,2554]
[0,1286,1637,2209,2554]
[0,298,1328,2022,2209,2554]
[0,1286,1667,2209,2554]
[0,45,298,624,771,1328,1491,2209,2554]
[0,298,493,1286,1501,1834,2209,2554]
[0,45,298,1344,1667,2209,2554]
[0,1344,2066,2554]
[0,298,1344,2209,2554]
[0,1344,2209,2554]
[0,1328,2209,2554]
[0,45,298,1328,1491,2209,2554]
[0,298,624,771,1328,1491,2022,2209,2554]
[0,1286,1834,2209,2554]
[0,298,1286,1637,2209,2554]
[0,298,1328,2209,2554]
[0,45,298,624,771,1328,1491,1667,2022,2209,2554]
[0,624,1328,2209,2554]
[0,2209,2554]
[0,298,1286,1667,2209,2554]
[0,1328,1667,2209,2554]
[0,298,1328,1667,2022,2209,2554]
[0,1328,1667,2079,2554]
[0,298,624,1328,1491,1667,2022,2209,2554]
[0,298,624,771,1328,1491,2209,2554]
[0,298,2079,2554]
[0,298,624,771,1328,1491,1667,2022,2209,2554]
[0,45,298,624,771,1328,1491,2022,2209,2554]
[0,45,298,1344,2209,2554]
[0,45,298,1328,1667,2079,2554]
[0,298,624,1328,1667,2022,2209,2554]
[0,1328,1637,2209,2554]
[0,45,298,493,1286,1501,1834,2209,2554]
[0,298,1328,1667,2079,2554]
[0,771,1286,1834,2209,2554]
[0,45,298,624,1328,1491,2209,2554]
[0,45,298,1328,1637,1834,2209,2554]
[0,298,1344,1667,2022,2209,2554]
[0,1286,2554]
[0,298,624,1328,1491,2022,2209,2554]
[0,298,624,1328,1667,2209,2554]
[0,298,1286,1501,1834,2209,2554]
[0,348,1834,2554]
[0,1286,2209,2554]
[0,298,1328,1491,1667,2022,2209,2554]
[0,298,1328,1637,2209,2554]
[0,1395,2066,2554]
[0,1286,1667,2554]
[0,1286,1834,2554]
[0,298,771,1286,2209,2554]
[0,298,1286,1667,1834,2209,2554]
[0,45,298,1286,1637,2022,2209,2554]
[0,45,298,1286,1637,2209,2554]
[0,45,298,493,771,1286,1501,1834,2209,2554]
[0,298,624,1328,2209,2554]
[0,298,1328,2079,2554]
[0,45,298,1286,1501,2209,2554]
[0,1328,2079,2554]
[0,771,1286,2209,2554]
[0,298,624,1328,1491,2209,2554]
[0,298,1328,1491,2022,2209,2554]
[0,298,624,1328,2022,2209,2554]
[0,1395,2554]
[0,2066,2554]
[0,1344,2554]
[0,45,298,1328,2079,2554]
[0,345,1344,2066,2554]
[0,298,1286,1637,2022,2209,2554]
[0,771,2209,2554]
[0,298,1286,2209,2554]
[0,45,298,1286,2209,2554]
[0,45,298,1286,1667,1834,2209,2554]
[0,624,1328,1667,2209,2554]
[0,298,1344,1667,2209,2554]
[0,2079,2554]
[0,298,2066,2554]
[0,298,493,771,1286,1501,1834,2209,2554]
[0,298,2209,2554]
[0,298,1395,2066,2554]
[0,45,298,1344,1667,2022,2209,2554]
[0,1328,2554]
[0,298,1286,1501,2209,2554]
[0,298,771,1286,1834,2209,2554]
[0,1344,1667,2209,2554]
[0,298,1328,1491,2209,2554]
[0,771,2554]
[0,298,1286,1834,2209,2554]
[0,345,2066,2554]
