[0,806,1810]
[0,202,486,808,1076,1257,1810]
[0,80,356,895,1730,1810]
[0,122,486,1730,1810]
[0,486,808,1076,1462,1810]
[0,120,499,806,914,1076,1257,1462,1810]
[0,120,499,806,914,1076,1257,1810]
[0,806,1462,1810]
[0,356,895,1730,1810]
[0,122,356,1076,1257,1462,1730,1810]
[0,499,1076,1257,1810]
[0,1257,1810]
[0,356,808,895,1462,1810]
[0,202,808,895,1810]
[0,122,356,914,1462,1810]
[0,356,808,895,1730,1810]
[0,122,356,1257,1810]
[0,120,806,1810]
[0,499,806,1076,1462,1810]
[0,202,1730,1810]
[0,202,808,895,1462,1810]
[0,122,356,914,1730,1810]
[0,120,499,806,914,1257,1810]
[0,120,499,806,914,1730,1810]
[0,122,356,806,914,1076,1257,1462,1810]
[0,486,1076,1257,1810]
[0,122,486,1462,1810]
[0,486,913,1810]
[0,356,1076,1810]
[0,499,914,1257,1810]
[0,202,486,1810]
[0,202,808,895,1257,1810]
[0,202,808,895,1730,1810]
[0,202,486,808,895,1076,1257,1462,1810]
[0,80,356,1076,1462,1730,1810]
[0,202,486,895,1257,1810]
[0,356,806,1076,1257,1462,1810]
[0,122,486,1076,1257,1810]
[0,122,356,806,914,1257,1462,1810]
[0,499,914,1810]
[0,120,183,806,914,1730,1810]
[0,120,806,914,1730,1810]
[0,120,499,914,1462,1810]
[0,202,895,1257,1810]
[0,356,1076,1257,1810]
[0,80,202,808,895,1257,1462,1730,1810]
[0,122,486,1076,1810]
[0,356,914,1257,1810]
[0,122,356,806,914,1462,1810]
[0,122,486,1076,1257,1462,1730,1810]
[0,356,1462,1810]
[0,486,1810]
[0,122,356,806,914,1462,1730,1810]
[0,356,808,895,1810]
[0,120,499,914,1810]
[0,122,1730,1810]
[0,202,808,1810]
[0,486,1462,1810]
[0,122,486,1076,1462,1730,1810]
[0,499,1076,1810]
[0,120,499,914,1730,1810]
[0,120,806,914,1810]
[0,122,356,806,914,1730,1810]
[0,808,1462,1730,1810]
[0,202,895,1257,1462,1810]
[0,356,1257,1810]
[0,158,1810]
[0,356,1730,1810]
[0,122,356,806,1076,1257,1810]
[0,122,356,806,914,1257,1462,1730,1810]
[0,120,499,806,1076,1257,1462,1810]
[0,202,486,808,895,1257,1462,1730,1810]
[0,122,486,1076,1257,1462,1810]
[0,486,895,1257,1462,1810]
[0,486,1076,1462,1810]
[0,120,499,1076,1810]
[0,120,806,914,1462,1730,1810]
[0,122,356,1810]
[0,122,356,806,914,1076,1257,1810]
[0,122,356,1076,1462,1810]
[0,122,356,1076,1257,1462,1810]
[0,499,914,1462,1810]
[0,122,356,1076,1810]
[0,122,356,914,1257,1462,1810]
[0,202,486,808,1076,1462,1810]
[0,486,1076,1257,1462,1810]
[0,80,202,808,895,1730,1810]
[0,486,808,1076,1810]
[0,122,356,806,914,1810]
[0,120,1730,1810]
[0,122,486,1076,1462,1810]
[0,120,806,914,1462,1810]
[0,202,808,895,1257,1462,1730,1810]
[0,356,1076,1462,1730,1810]
[0,499,1076,1462,1810]
[0,120,499,806,914,1462,1730,1810]
[0,499,914,1257,1462,1810]
[0,202,486,808,895,1257,1810]
[0,120,183,499,806,914,1462,1730,1810]
[0,202,808,895,1462,1730,1810]
[0,122,356,1462,1730,1810]
[0,895,1257,1462,1810]
[0,356,1076,1462,1810]
[0,120,499,806,914,1076,1257,1462,1730,1810]
[0,120,183,806,914,1462,1730,1810]
[0,356,914,1462,1810]
[0,80,356,1730,1810]
[0,202,486,808,895,1076,1257,1810]
[0,1730,1810]
[0,122,356,1462,1810]
[0,356,806,1076,1257,1810]
[0,202,486,1076,1257,1810]
[0,202,895,1730,1810]
[0,122,486,1462,1730,1810]
[0,808,1462,1810]
[0,120,183,499,806,914,1076,1257,1462,1730,1810]
[0,202,1257,1810]
[0,120,499,806,1076,1257,1810]
[0,499,1810]
[0,122,356,914,1257,1810]
[0,120,499,806,914,1462,1810]
[0,120,806,1462,1810]
[0,122,356,1730,1810]
[0,80,808,1730,1810]
[0,356,1810]
[0,808,1730,1810]
[0,202,808,1462,1810]
[0,356,806,1076,1810]
[0,80,808,1462,1730,1810]
[0,120,1810]
[0,202,486,1076,1810]
[0,122,486,1810]
[0,486,1076,1810]
[0,356,914,1257,1462,1810]
[0,120,499,806,914,1810]
[0,202,486,895,1810]
[0,202,486,808,1076,1257,1462,1810]
[0,122,1810]
[0,486,895,1810]
[0,123,1730,1810]
[0,356,806,1076,1462,1810]
[0,202,895,1810]
[0,120,499,914,1257,1462,1810]
[0,499,806,1076,1810]
[0,80,1810]
[0,914,1810]
[0,356,895,1810]
[0,122,356,806,914,1076,1257,1462,1730,1810]
[0,895,1257,1810]
[0,120,183,499,806,914,1257,1462,1730,1810]
[0,808,1810]
[0,80,202,808,895,1462,1730,1810]
[0,356,1076,1257,1462,1730,1810]
[0,80,1730,1810]
[0,122,486,913,1730,1810]
[0,120,499,1810]
[0,80,356,1462,1730,1810]
[0,120,499,1076,1257,1810]
[0,122,356,1076,1462,1730,1810]
[0,122,486,913,1810]
[0,122,356,914,1810]
[0,120,499,914,1257,1810]
[0,356,1462,1730,1810]
[0,356,1076,1257,1462,1810]
[0,1076,1810]
[0,202,486,895,1257,1462,1810]
[0,123,1810]
[0,202,1810]
[0,202,486,808,895,1257,1462,1810]
[0,202,486,808,1076,1810]
[0,356,808,895,1462,1730,1810]
[0,499,806,1076,1257,1462,1810]
[0,486,895,1257,1810]
[0,120,499,806,914,1257,1462,1810]
[0,356,914,1810]
[0,120,499,1730,1810]
[0,122,356,806,914,1257,1810]
[0,80,202,486,808,895,1257,1462,1730,1810]
[0,80,356,808,895,1730,1810]
[0,499,806,1076,1257,1810]
[0,80,356,808,895,1462,1730,1810]
[0,122,356,806,1076,1257,1462,1810]
[0,202,486,808,895,1076,1257,1462,1730,1810]
[0,895,1810]
[0,202,808,895,1257,1462,1810]
[0,80,356,1076,1257,1462,1730,1810]
[0,120,806,1730,1810]
[0,122,356,1076,1257,1810]
[0,80,202,486,808,895,1076,1257,1462,1730,1810]
[0,356,895,1462,1810]
[0,120,499,806,914,1257,1462,1730,1810]
