[0,616,740,890,1419]
[0,215,385,835,1419]
[0,215,385,616,740,835,1005,1419]
[0,215,616,740,835,1005,1419]
[0,62,215,616,740,835,1005,1185,1419]
[0,658,893,1419]
[0,215,385,616,835,1005,1185,1419]
[0,215,616,835,1419]
[0,215,385,835,1005,1419]
[0,215,616,740,835,1005,1185,1419]
[0,616,835,1005,1419]
[0,215,616,740,1419]
[0,215,385,616,740,1203,1419]
[0,215,385,835,1005,1185,1419]
[0,740,835,1419]
[0,215,658,893,1419]
[0,616,1419]
[0,616,835,1185,1419]
[0,835,1005,1419]
[0,215,835,1005,1419]
[0,62,215,385,616,740,835,1005,1185,1419]
[0,616,740,890,1005,1419]
[0,215,385,616,1203,1419]
[0,616,835,1005,1185,1419]
[0,215,616,740,890,1005,1419]
[0,215,835,1185,1419]
[0,215,616,1419]
[0,616,890,1419]
[0,385,450,616,740,835,1005,1419]
[0,62,215,385,450,616,740,835,1005,1185,1419]
[0,616,740,1419]
[0,215,893,1419]
[0,215,385,616,835,1005,1419]
[0,835,1419]
[0,215,616,835,1005,1419]
[0,215,616,890,1419]
[0,62,215,616,740,890,1005,1419]
[0,62,215,616,740,835,1005,1419]
[0,616,740,835,1419]
[0,616,740,835,1005,1185,1419]
[0,215,385,450,616,740,835,1005,1419]
[0,215,616,835,1185,1419]
[0,62,215,385,450,616,740,835,1005,1419]
[0,215,835,1419]
[0,215,616,835,1005,1185,1419]
[0,215,616,740,890,1419]
[0,215,385,450,616,740,835,1005,1185,1419]
[0,385,1419]
[0,616,740,835,1005,1419]
[0,616,1203,1419]
[0,835,1185,1419]
[0,215,385,616,1419]
[0,450,616,740,835,1005,1419]
[0,893,1419]
[0,215,835,1005,1185,1419]
[0,616,835,1419]
[0,450,616,835,1005,1419]
[0,215,385,616,740,835,1005,1185,1419]
[0,62,215,385,616,740,835,1005,1419]
[0,215,385,1419]
[0,215,616,1203,1419]
[0,835,1005,1185,1419]
[0,215,385,616,740,1419]
