[0,1262,1465]
[0,206,378,697,909,1262,1465]
[0,378,909,1262,1465]
[0,698,909,1465]
[0,909,1262,1465]
[0,206,697,909,1262,1465]
[0,697,750,909,1262,1465]
[0,750,1262,1465]
[0,206,378,909,1465]
[0,206,304,697,750,909,1262,1465]
[0,697,909,1262,1465]
[0,206,378,909,1262,1465]
[0,378,909,1465]
[0,206,378,697,750,909,1262,1465]
[0,206,909,1262,1465]
[0,206,697,750,909,1262,1465]
[0,909,1465]
[0,206,909,1465]
[0,206,304,698,909,1262,1465]
[0,697,909,1465]
[0,206,697,909,1465]
[0,698,909,1262,1465]
[0,206,304,909,1262,1465]
[0,750,1465]
[0,206,698,909,1465]
[0,206,304,697,909,1262,1465]
[0,206,698,909,1262,1465]
