[0,1200,1810]
[0,439,1199,1492,1810]
[0,720,1810]
[0,720,1608,1810]
[0,486,1200,1518,1810]
[0,134,484,720,1199,1518,1810]
[0,134,486,1200,1518,1810]
[0,144,484,720,1201,1380,1518,1608,1810]
[0,229,720,1199,1608,1810]
[0,144,484,1199,1518,1810]
[0,439,1518,1810]
[0,486,1200,1810]
[0,439,720,1199,1380,1492,1810]
[0,134,439,720,1199,1380,1492,1810]
[0,144,484,1810]
[0,439,1200,1518,1810]
[0,144,484,720,1201,1380,1518,1810]
[0,134,484,720,1199,1380,1518,1810]
[0,720,1200,1810]
[0,144,484,720,1201,1518,1810]
[0,134,720,1810]
[0,484,1200,1492,1810]
[0,1201,1810]
[0,484,1492,1810]
[0,134,484,720,1200,1492,1810]
[0,134,484,1200,1492,1810]
[0,720,1199,1492,1810]
[0,484,720,1201,1518,1810]
[0,484,1518,1810]
[0,484,1201,1810]
[0,484,1201,1518,1810]
[0,484,720,1200,1492,1810]
[0,484,1199,1810]
[0,486,1518,1810]
[0,134,486,1810]
[0,439,1810]
[0,134,486,1518,1810]
[0,144,484,720,1199,1380,1518,1810]
[0,484,1199,1518,1810]
[0,439,720,1492,1810]
[0,484,720,1199,1518,1810]
[0,486,1443,1810]
[0,720,1518,1810]
[0,134,720,1518,1810]
[0,134,439,720,1380,1492,1810]
[0,229,439,720,1199,1380,1492,1810]
[0,439,1492,1810]
[0,144,484,1201,1518,1810]
[0,134,439,720,1199,1492,1810]
[0,134,484,1518,1810]
[0,134,439,1380,1492,1810]
[0,134,720,1200,1518,1810]
[0,439,1443,1810]
[0,144,484,720,1199,1380,1518,1608,1810]
[0,486,1810]
[0,439,720,1199,1492,1810]
[0,484,1810]
[0,134,1810]
[0,720,1200,1518,1810]
[0,439,1380,1492,1810]
[0,229,720,1199,1810]
[0,1199,1810]
[0,134,484,1199,1518,1810]
[0,134,439,720,1492,1810]
[0,134,439,1492,1810]
[0,229,720,1608,1810]
[0,134,484,1810]
[0,144,484,1518,1810]
[0,144,484,720,1199,1518,1810]
[0,439,720,1200,1518,1810]
[0,484,720,1199,1380,1518,1810]
[0,134,720,1199,1492,1810]
[0,720,1492,1810]
[0,134,720,1492,1810]
[0,229,439,720,1199,1492,1810]
[0,229,720,1810]
[0,439,1200,1810]
[0,439,720,1380,1492,1810]
[0,134,486,1443,1810]
[0,134,484,720,1199,1380,1518,1608,1810]
[0,134,484,1492,1810]
[0,134,439,720,1200,1518,1810]
[0,720,1199,1810]
[0,229,720,1199,1492,1810]
