[0,96,375,434,798,955,1000,1264]
[0,434,1000,1264]
[0,955,1000,1264]
[0,96,218,262,375,434,798,955,1000,1165,1264]
[0,434,1000,1165,1264]
[0,218,434,798,1000,1165,1264]
[0,434,788,1000,1165,1264]
[0,96,218,434,1000,1264]
[0,96,218,262,375,434,788,955,1000,1165,1264]
[0,96,434,788,1000,1165,1264]
[0,96,218,375,434,798,1000,1165,1264]
[0,434,955,1264]
[0,96,218,375,434,798,955,1000,1165,1264]
[0,96,218,375,434,788,955,1000,1165,1264]
[0,96,375,434,798,955,1000,1165,1264]
[0,434,798,1000,1165,1264]
[0,375,434,955,1000,1264]
[0,96,375,434,1000,1264]
[0,96,434,788,1000,1264]
[0,218,434,798,1000,1264]
[0,96,218,434,798,1000,1165,1264]
[0,218,434,788,1000,1264]
[0,218,434,1000,1165,1264]
[0,434,955,1000,1264]
[0,262,1264]
[0,218,434,955,1264]
[0,96,218,434,1000,1165,1264]
[0,955,1264]
[0,96,375,434,788,955,1000,1165,1264]
[0,375,434,1000,1264]
[0,96,375,434,798,1000,1264]
[0,96,375,434,955,1000,1264]
[0,262,955,1264]
[0,96,375,434,788,1000,1165,1264]
[0,96,434,1000,1264]
[0,96,218,375,434,1000,1165,1264]
[0,96,375,434,798,1000,1165,1264]
[0,96,375,434,788,955,1000,1264]
[0,96,218,375,434,788,1000,1165,1264]
[0,96,218,434,788,1000,1165,1264]
[0,218,434,1000,1264]
[0,96,434,1000,1165,1264]
[0,96,434,798,1000,1165,1264]
[0,434,798,1000,1264]
[0,434,788,1000,1264]
[0,1000,1264]
[0,96,375,434,788,1000,1264]
[0,218,434,788,1000,1165,1264]
[0,96,434,798,1000,1264]
[0,96,375,434,1000,1165,1264]
[0,434,1264]
