[0,156,202,480,682,1046]
[0,46,480,1046]
[0,46,480,682,863,1046]
[0,46,480,682,887,1046]
[0,172,480,682,1046]
[0,46,480,682,887,976,1046]
[0,490,1046]
[0,156,202,480,682,863,976,1046]
[0,976,1046]
[0,480,682,1046]
[0,480,682,887,976,1046]
[0,46,202,480,682,863,1046]
[0,172,480,682,887,976,1046]
[0,125,682,1046]
[0,46,682,1046]
[0,202,480,682,863,976,1046]
[0,682,976,1046]
[0,46,202,480,682,887,1046]
[0,46,682,976,1046]
[0,46,172,480,682,887,1046]
[0,156,202,480,682,887,976,1046]
[0,156,202,480,682,863,1046]
[0,46,156,202,480,682,863,1046]
[0,125,490,1046]
[0,46,202,480,682,887,976,1046]
[0,480,1046]
[0,480,682,863,976,1046]
[0,202,480,682,887,976,1046]
[0,156,202,1046]
[0,156,202,480,682,887,1046]
[0,125,480,682,887,1046]
[0,46,156,202,480,682,863,976,1046]
[0,202,480,682,1046]
[0,46,172,480,682,887,976,1046]
[0,202,480,682,863,1046]
[0,46,156,202,480,682,887,976,1046]
[0,156,202,480,1046]
[0,202,480,682,887,1046]
[0,480,682,863,1046]
[0,172,480,682,887,1046]
[0,46,1046]
[0,46,480,682,1046]
[0,202,1046]
[0,202,480,1046]
[0,125,1046]
[0,682,1046]
[0,46,202,480,682,1046]
[0,480,682,887,1046]
