[0,435,1578,1911]
[0,230,291,435,718,1578,1911]
[0,291,435,718,843,1146,1578,1911]
[0,291,414,1911]
[0,414,1911]
[0,230,291,414,718,1146,1495,1911]
[0,718,1146,1578,1911]
[0,718,1495,1911]
[0,291,435,1578,1911]
[0,230,291,435,718,1146,1495,1911]
[0,414,718,1495,1911]
[0,230,291,414,718,843,1146,1495,1911]
[0,291,414,718,843,1146,1495,1911]
[0,718,843,1146,1495,1911]
[0,435,718,1146,1495,1911]
[0,718,1578,1911]
[0,414,718,1146,1495,1911]
[0,230,291,435,718,1146,1578,1911]
[0,435,1911]
[0,291,435,718,1146,1495,1911]
[0,291,435,718,1495,1911]
[0,435,718,1495,1911]
[0,291,414,718,1911]
[0,414,718,1536,1911]
[0,291,435,1911]
[0,718,1536,1911]
[0,366,1495,1911]
[0,435,718,1146,1578,1911]
[0,230,1495,1911]
[0,718,1146,1911]
[0,230,1911]
[0,366,1911]
[0,291,435,718,1146,1578,1911]
[0,414,718,1911]
[0,230,291,435,718,1495,1911]
[0,230,291,435,718,843,1146,1578,1911]
[0,435,718,1911]
[0,435,718,1578,1911]
[0,718,1146,1495,1911]
[0,414,718,843,1146,1495,1911]
[0,230,291,414,718,1495,1911]
[0,1495,1911]
[0,718,1911]
[0,291,435,718,1911]
[0,291,414,718,1495,1911]
[0,291,435,718,1578,1911]
[0,291,414,718,1146,1495,1911]
