[0,199,747,998,1249]
[0,199,595,879,998,1249]
[0,879,998,1249]
[0,107,212,747,998,1249]
[0,595,998,1249]
[0,107,191,879,998,1249]
[0,199,932,1249]
[0,199,998,1249]
[0,191,1249]
[0,199,747,879,998,1249]
[0,191,595,747,998,1249]
[0,199,595,998,1249]
[0,191,595,998,1249]
[0,107,191,264,595,747,879,943,998,1249]
[0,199,879,998,1249]
[0,107,191,747,998,1249]
[0,199,595,747,879,998,1249]
[0,107,199,747,998,1249]
[0,191,879,998,1249]
[0,191,747,879,998,1249]
[0,107,211,747,998,1249]
[0,212,747,998,1249]
[0,107,199,264,595,879,998,1249]
[0,199,595,747,998,1249]
[0,191,747,998,1249]
[0,107,199,264,595,747,879,943,998,1249]
[0,191,998,1249]
[0,747,998,1249]
[0,107,191,264,595,879,998,1249]
[0,199,1249]
[0,107,191,595,747,879,998,1249]
[0,998,1249]
[0,107,191,747,879,998,1249]
[0,932,1249]
[0,211,747,879,998,1249]
[0,595,1249]
[0,107,211,747,879,998,1249]
[0,107,191,264,595,879,943,998,1249]
[0,107,199,264,595,747,879,998,1249]
[0,191,595,879,998,1249]
[0,107,199,264,595,879,943,998,1249]
[0,107,199,595,879,998,1249]
[0,107,199,595,747,879,998,1249]
[0,107,199,879,998,1249]
[0,107,191,264,595,747,879,998,1249]
[0,107,191,595,879,998,1249]
[0,107,199,747,879,998,1249]
[0,191,595,747,879,998,1249]
[0,211,747,998,1249]
