[0,438,2011,2812]
[0,2011,2812]
[0,344,961,1352,2717,2812]
[0,344,1352,2717,2812]
[0,344,1051,2812]
[0,961,2717,2812]
[0,227,438,789,1352,2717,2812]
[0,961,1352,2812]
[0,227,438,766,961,1352,2011,2812]
[0,1352,2011,2812]
[0,961,2812]
[0,227,344,961,1589,1855,2011,2812]
[0,438,2717,2812]
[0,2717,2812]
[0,344,1352,2812]
[0,1808,2717,2812]
[0,344,1589,1855,2717,2812]
[0,227,438,789,961,1352,1970,2812]
[0,227,344,961,1352,1589,1855,2011,2812]
[0,485,789,961,1352,2812]
[0,961,1352,2011,2812]
[0,961,1352,2011,2717,2812]
[0,438,961,1352,2011,2812]
[0,961,1808,2717,2812]
[0,227,344,1589,1855,2011,2812]
[0,344,1051,2717,2812]
[0,961,1589,2812]
[0,438,789,1352,1970,2812]
[0,438,1352,1970,2812]
[0,485,1352,2812]
[0,485,789,961,1352,2717,2812]
[0,1970,2812]
[0,227,438,1352,2717,2812]
[0,344,961,1589,2011,2812]
[0,227,438,789,961,1352,2812]
[0,344,2011,2812]
[0,1589,2812]
[0,438,2812]
[0,227,438,789,961,1352,2717,2812]
[0,344,961,1352,1589,1855,2011,2812]
[0,344,961,1352,2011,2812]
[0,961,2011,2717,2812]
[0,961,2011,2812]
[0,227,344,961,1589,1855,2011,2717,2812]
[0,227,438,961,1352,2011,2812]
[0,344,961,1352,2812]
[0,438,1352,2011,2812]
[0,227,438,2011,2812]
[0,227,438,961,1352,2011,2717,2812]
[0,485,1352,2717,2812]
[0,344,2717,2812]
[0,227,438,766,961,1352,2011,2717,2812]
[0,344,1589,1855,2011,2812]
[0,227,438,1352,1970,2812]
[0,1589,2011,2812]
[0,438,1352,2717,2812]
[0,344,1589,2717,2812]
[0,227,438,789,961,1352,1970,2717,2812]
[0,1808,2812]
[0,344,1589,1855,2011,2717,2812]
[0,1051,2812]
[0,2011,2717,2812]
[0,227,438,1352,2812]
[0,344,2812]
[0,344,961,1589,1855,2011,2812]
[0,485,2717,2812]
[0,485,2812]
[0,438,1352,2812]
[0,1352,2812]
[0,227,438,789,961,1352,1855,1970,2717,2812]
[0,344,1589,2812]
[0,227,438,1352,2011,2812]
[0,485,961,1352,2812]
[0,961,1352,2717,2812]
[0,227,438,789,1352,1970,2812]
[0,227,438,789,1352,2812]
[0,344,1855,2011,2812]
[0,344,1589,1855,2812]
[0,227,438,1352,2011,2717,2812]
[0,227,344,961,1352,1589,1855,2011,2717,2812]
[0,227,344,1589,1855,2011,2717,2812]
[0,485,961,1352,2717,2812]
[0,438,789,1352,2812]
[0,344,1352,2011,2812]
[0,961,1589,2011,2812]
[0,227,438,789,961,1352,1855,1970,2812]
[0,344,1589,2011,2812]
[0,344,961,1352,1589,2011,2812]
[0,961,1808,2812]
[0,1352,1970,2812]
