[0,196,404,760,1119,1465]
[0,447,1001,1207,1465]
[0,196,318,447,760,995,1119,1465]
[0,404,760,1119,1465]
[0,196,404,1207,1465]
[0,447,1119,1465]
[0,447,1465]
[0,447,760,1465]
[0,1001,1119,1465]
[0,196,447,1001,1119,1207,1465]
[0,1001,1207,1465]
[0,404,1001,1207,1465]
[0,89,196,404,760,995,1119,1465]
[0,196,447,1001,1119,1465]
[0,89,196,318,447,760,995,1119,1207,1465]
[0,196,447,995,1119,1207,1465]
[0,89,196,271,447,760,1001,1119,1207,1465]
[0,196,447,760,1001,1119,1465]
[0,196,447,760,1001,1207,1465]
[0,404,1207,1465]
[0,447,760,1001,1207,1465]
[0,89,196,318,447,760,995,1119,1465]
[0,1168,1465]
[0,404,760,1465]
[0,995,1119,1465]
[0,447,760,1119,1465]
[0,196,447,953,1207,1465]
[0,89,196,404,610,760,995,1119,1207,1465]
[0,196,447,760,1119,1465]
[0,196,404,995,1119,1465]
[0,1119,1465]
[0,1207,1465]
[0,89,196,447,760,1001,1119,1207,1465]
[0,196,447,1119,1465]
[0,196,404,1119,1465]
[0,196,404,760,995,1119,1207,1465]
[0,196,447,1207,1465]
[0,447,1168,1465]
[0,196,447,995,1119,1465]
[0,89,196,447,760,1001,1119,1465]
[0,447,1001,1119,1465]
[0,196,404,610,1119,1465]
[0,89,196,404,610,760,995,1119,1465]
[0,447,1207,1465]
[0,196,404,1001,1207,1465]
[0,318,1119,1465]
[0,196,318,447,760,995,1119,1207,1465]
[0,196,447,760,1001,1119,1207,1465]
[0,404,610,1119,1465]
[0,196,447,1001,1207,1465]
[0,447,995,1119,1465]
[0,196,447,1168,1465]
[0,404,1119,1465]
[0,196,447,760,995,1119,1465]
[0,447,760,1207,1465]
[0,404,1465]
[0,196,404,610,760,1119,1465]
[0,196,447,760,995,1119,1207,1465]
[0,196,404,760,995,1119,1465]
[0,89,196,404,760,995,1119,1207,1465]
[0,196,404,995,1119,1207,1465]
[0,447,953,1207,1465]
[0,404,995,1119,1465]
[0,196,404,610,760,995,1119,1465]
