[0,263,1252,2812]
[0,293,541,621,1252,2326,2522,2812]
[0,293,1095,2812]
[0,293,541,621,1252,2812]
[0,621,1252,2812]
[0,216,293,541,621,1252,2522,2812]
[0,293,1095,2522,2812]
[0,293,621,1252,2522,2812]
[0,216,293,1252,2812]
[0,216,293,1252,2319,2522,2812]
[0,1227,2522,2812]
[0,216,293,541,621,1252,2812]
[0,1095,2812]
[0,1227,2812]
[0,263,1227,2812]
[0,222,293,541,621,1252,2326,2522,2812]
[0,293,621,1252,2326,2522,2812]
[0,293,1252,2522,2812]
[0,222,293,621,1252,2812]
[0,222,293,1252,2326,2522,2812]
[0,293,1227,2522,2812]
[0,222,621,1252,2812]
[0,263,1227,2522,2812]
[0,293,541,621,1252,2319,2522,2812]
[0,541,2522,2812]
[0,222,293,1252,2522,2812]
[0,541,621,1252,2812]
[0,222,293,1252,2812]
[0,621,1252,2319,2522,2812]
[0,216,621,1252,2812]
[0,293,2522,2812]
[0,293,1252,2812]
[0,293,621,1252,2319,2522,2812]
[0,293,1252,2326,2522,2812]
[0,222,293,541,621,1252,2812]
[0,293,621,1252,2812]
[0,263,1252,2522,2812]
[0,216,293,1252,2522,2812]
[0,222,293,541,621,1252,2522,2812]
[0,293,2812]
[0,621,1252,2522,2812]
[0,216,293,541,621,1252,2319,2522,2812]
[0,621,1252,2326,2522,2812]
[0,1252,2812]
[0,541,2812]
[0,293,541,621,1252,2522,2812]
[0,216,293,621,1252,2812]
[0,293,1252,2319,2522,2812]
[0,2522,2812]
[0,293,1227,2812]
[0,1252,2522,2812]
