[0,60,256,585,692,741,934,1046]
[0,60,211,289,469,583,681,741,956,1046]
[0,60,256,934,1046]
[0,60,211,256,585,692,1046]
[0,60,256,449,585,692,1046]
[0,256,573,956,1046]
[0,60,256,469,585,699,956,1046]
[0,211,289,469,585,956,1046]
[0,469,585,1046]
[0,585,699,1046]
[0,211,289,449,583,681,741,956,1046]
[0,60,256,585,956,1046]
[0,60,256,508,934,1046]
[0,469,585,699,956,1046]
[0,60,256,508,956,1046]
[0,60,211,289,956,1046]
[0,289,469,585,699,1046]
[0,211,289,583,956,1046]
[0,256,585,934,1046]
[0,256,585,956,1046]
[0,60,256,508,692,934,1046]
[0,211,289,956,1046]
[0,256,508,1046]
[0,256,585,1046]
[0,60,508,692,1046]
[0,469,583,956,1046]
[0,211,585,956,1046]
[0,585,692,1046]
[0,289,469,585,956,1046]
[0,60,585,692,1046]
[0,469,585,956,1046]
[0,289,469,583,681,956,1046]
[0,256,449,585,934,1046]
[0,60,211,289,469,585,956,1046]
[0,508,692,1046]
[0,60,256,449,508,585,692,934,1046]
[0,60,256,1046]
[0,60,289,1046]
[0,289,469,583,956,1046]
[0,60,211,289,469,583,681,956,1046]
[0,256,469,585,956,1046]
[0,289,449,583,956,1046]
[0,289,469,583,1046]
[0,508,1046]
[0,256,508,934,1046]
[0,256,508,956,1046]
[0,211,573,1046]
[0,211,289,1046]
[0,60,211,256,585,692,741,1046]
[0,60,256,585,692,934,1046]
[0,60,256,449,585,692,741,934,1046]
[0,211,289,469,585,699,956,1046]
[0,211,289,449,583,681,956,1046]
[0,256,469,585,1046]
[0,449,585,1046]
[0,60,211,289,449,583,681,956,1046]
[0,60,211,256,585,692,741,934,1046]
[0,585,692,934,1046]
[0,60,211,289,583,956,1046]
[0,256,585,692,1046]
[0,449,585,692,934,1046]
[0,256,449,585,1046]
[0,289,469,585,699,956,1046]
[0,469,583,1046]
[0,60,508,1046]
[0,60,585,1046]
[0,60,211,256,449,585,692,741,934,1046]
[0,60,256,585,692,1046]
[0,289,956,1046]
[0,60,256,508,692,1046]
[0,60,256,573,956,1046]
[0,956,1046]
[0,60,211,289,449,583,681,741,956,1046]
[0,60,256,449,585,692,934,1046]
[0,60,211,289,449,508,583,681,741,956,1046]
[0,585,956,1046]
[0,573,956,1046]
[0,211,289,469,583,956,1046]
[0,211,585,1046]
[0,60,256,469,585,956,1046]
[0,256,508,692,934,1046]
[0,256,449,585,692,1046]
[0,60,573,956,1046]
[0,60,508,956,1046]
[0,573,1046]
[0,211,573,956,1046]
[0,256,1046]
[0,211,583,1046]
[0,289,1046]
[0,60,289,956,1046]
[0,585,934,1046]
[0,60,256,585,692,741,1046]
[0,60,1046]
[0,508,692,934,1046]
[0,256,469,585,699,956,1046]
[0,60,211,289,469,583,956,1046]
[0,469,585,699,1046]
[0,60,585,956,1046]
[0,60,211,289,469,585,699,956,1046]
[0,289,583,956,1046]
[0,289,449,583,681,956,1046]
[0,583,956,1046]
[0,60,211,289,449,583,956,1046]
[0,211,289,449,583,956,1046]
[0,508,934,1046]
[0,508,956,1046]
[0,289,469,585,1046]
[0,289,469,583,681,1046]
[0,256,469,585,699,1046]
[0,60,211,256,449,508,585,692,741,934,1046]
[0,60,585,692,741,1046]
[0,289,585,1046]
[0,289,583,1046]
[0,211,583,956,1046]
[0,289,449,583,681,1046]
[0,289,449,583,1046]
[0,583,1046]
[0,256,508,692,1046]
[0,256,449,585,692,934,1046]
[0,585,699,956,1046]
[0,449,585,692,1046]
[0,60,211,289,585,956,1046]
[0,256,934,1046]
[0,60,256,449,508,585,692,1046]
[0,60,256,449,508,585,692,741,934,1046]
[0,449,585,934,1046]
[0,256,573,1046]
[0,211,289,469,583,681,956,1046]
[0,211,289,469,583,681,741,956,1046]
[0,585,1046]
[0,211,289,585,956,1046]
[0,256,585,692,934,1046]
