[0,257,483,871,1096,1184,1249]
[0,542,871,1249]
[0,257,752,1249]
[0,85,153,257,483,752,871,1096,1184,1249]
[0,480,899,1249]
[0,85,257,483,542,752,871,1096,1249]
[0,483,542,871,1249]
[0,216,803,1249]
[0,85,153,257,483,542,752,871,1096,1184,1249]
[0,101,257,483,871,1096,1184,1249]
[0,85,153,257,483,871,1096,1249]
[0,85,257,483,871,1096,1249]
[0,101,257,483,871,1096,1249]
[0,257,483,542,871,1249]
[0,101,257,483,871,1118,1249]
[0,85,257,483,871,1096,1184,1249]
[0,803,1249]
[0,257,483,752,871,1096,1184,1249]
[0,101,257,483,542,752,871,1096,1249]
[0,216,871,1249]
[0,871,1249]
[0,752,1249]
[0,85,257,483,752,871,1096,1249]
[0,257,483,542,752,871,1096,1184,1249]
[0,257,483,871,1249]
[0,216,483,803,1118,1249]
[0,101,257,483,752,871,1096,1184,1249]
[0,85,153,257,483,752,871,1096,1249]
[0,257,483,752,1249]
[0,101,257,483,752,871,1096,1249]
[0,101,257,483,752,871,1118,1249]
[0,85,153,257,483,871,1096,1184,1249]
[0,85,257,483,542,752,871,1096,1184,1249]
[0,257,483,542,752,871,1096,1249]
[0,483,1249]
[0,257,483,871,1118,1249]
[0,899,1249]
[0,216,483,752,871,1118,1249]
[0,483,803,1249]
[0,257,483,542,871,1096,1249]
[0,257,483,752,871,1249]
[0,257,483,871,1096,1249]
[0,216,542,1249]
[0,101,257,483,542,752,871,1096,1184,1249]
[0,216,483,803,1249]
[0,542,1249]
[0,216,483,871,1118,1249]
[0,257,871,1249]
[0,483,871,1249]
[0,85,257,483,752,871,1096,1184,1249]
[0,480,1249]
[0,257,483,752,871,1096,1249]
[0,257,483,752,871,1118,1249]
[0,216,483,871,1249]
