[0,1136,2759]
[0,265,844,1136,1354,1892,2382,2759]
[0,844,1354,1892,2382,2759]
[0,265,844,1136,1354,1943,2382,2759]
[0,982,1354,1943,2382,2759]
[0,265,844,1354,1892,2382,2759]
[0,1115,2382,2759]
[0,982,2759]
[0,1018,1354,2382,2759]
[0,1018,2382,2759]
[0,1115,1902,2759]
[0,844,1354,1943,2759]
[0,1018,1926,2759]
[0,844,1943,2759]
[0,265,1018,1354,2382,2759]
[0,844,1354,1892,2759]
[0,1018,1943,2382,2759]
[0,265,1136,2335,2759]
[0,844,1892,2759]
[0,265,844,1354,2382,2759]
[0,1018,1354,1892,2382,2759]
[0,1354,2382,2759]
[0,1018,1354,1943,2382,2759]
[0,265,844,1136,1354,1943,2171,2382,2759]
[0,1018,2335,2759]
[0,265,982,1354,1943,2382,2759]
[0,1136,2335,2759]
[0,1018,1943,2759]
[0,265,844,1354,1943,2171,2382,2759]
[0,265,1018,2382,2759]
[0,1892,2759]
[0,844,1354,2382,2759]
[0,1115,1902,2382,2759]
[0,265,1018,1354,1892,2382,2759]
[0,1018,1892,2382,2759]
[0,982,2382,2759]
[0,1018,2759]
[0,265,1018,1354,1943,2382,2759]
[0,265,982,1354,2382,2759]
[0,1115,2759]
[0,982,1354,2382,2759]
[0,265,1115,1902,2382,2759]
[0,844,2759]
[0,265,1018,1354,1943,2171,2382,2759]
[0,265,1018,1354,1926,2382,2759]
[0,1018,1926,2382,2759]
[0,982,1943,2382,2759]
[0,1018,1892,2759]
[0,265,844,1354,1943,2382,2759]
[0,265,982,1354,1943,2171,2382,2759]
[0,844,1354,1943,2382,2759]
[0,844,1354,2759]
[0,265,1018,1943,2382,2759]
[0,1018,1354,1926,2382,2759]
[0,1354,2759]
[0,982,1943,2759]
