[0,303,1521,1875]
[0,303,1806,1875]
[0,360,1806,1875]
[0,360,1521,1875]
[0,303,1599,1875]
[0,360,851,1521,1806,1875]
[0,170,360,851,1521,1875]
[0,170,360,560,851,1359,1521,1875]
[0,360,851,1359,1521,1875]
[0,303,1521,1806,1875]
[0,360,560,851,1521,1875]
[0,170,360,851,1359,1521,1875]
[0,170,360,851,1359,1521,1806,1875]
[0,360,851,1521,1875]
[0,360,851,1806,1875]
[0,360,1599,1875]
[0,170,360,560,851,1521,1875]
[0,170,303,360,560,851,1359,1521,1806,1875]
[0,851,1875]
[0,303,1875]
[0,360,851,1359,1521,1806,1875]
[0,170,360,560,851,1359,1521,1806,1875]
[0,360,1521,1806,1875]
[0,170,303,360,851,1359,1521,1806,1875]
[0,1521,1875]
[0,360,1875]
[0,360,851,1875]
