[0,602,1182,2017]
[0,602,780,1161,2017]
[0,592,744,2017]
[0,602,746,2017]
[0,363,602,1007,2017]
[0,1079,2017]
[0,363,602,1161,2017]
[0,363,602,710,1182,2017]
[0,363,602,780,2017]
[0,363,602,710,1079,1161,2017]
[0,602,710,1079,1161,2017]
[0,363,602,746,1079,1182,2017]
[0,602,710,1161,2017]
[0,602,746,1182,2017]
[0,363,602,1079,2017]
[0,1182,2017]
[0,746,2017]
[0,592,2017]
[0,363,746,2017]
[0,363,2017]
[0,602,1007,2017]
[0,592,744,1079,2017]
[0,602,1161,2017]
[0,602,780,2017]
[0,363,602,1182,2017]
[0,363,602,710,1161,2017]
[0,363,602,710,1079,1182,2017]
[0,363,602,746,1079,2017]
[0,363,602,746,2017]
[0,648,1079,2017]
[0,602,710,1182,2017]
[0,363,602,746,1182,2017]
[0,602,1079,2017]
[0,592,1079,2017]
[0,363,602,780,1007,2017]
[0,1161,2017]
[0,602,2017]
[0,780,2017]
[0,602,780,1007,2017]
[0,363,780,2017]
[0,363,602,780,1161,2017]
