[0,583,706,868,949,1095,1988,2211]
[0,388,706,868,949,1095,1362,1430,1988,2211]
[0,882,2211]
[0,706,2211]
[0,327,706,868,949,1095,2211]
[0,583,706,949,1095,1362,1474,1988,2211]
[0,583,706,949,1095,2211]
[0,706,1362,2211]
[0,809,2211]
[0,388,706,1095,1988,2211]
[0,388,706,1362,2211]
[0,327,706,1362,2211]
[0,809,1152,2211]
[0,706,949,1095,2211]
[0,388,706,868,949,1095,1362,1988,2211]
[0,388,706,949,1095,1362,1988,2211]
[0,327,2211]
[0,767,2211]
[0,706,949,1095,1988,2211]
[0,327,865,1142,2211]
[0,583,706,868,949,1095,1362,1474,1988,2211]
[0,706,868,949,1095,2211]
[0,706,1095,2211]
[0,706,1095,1988,2211]
[0,767,1362,2211]
[0,388,706,1095,2211]
[0,327,706,1095,2211]
[0,327,706,877,1362,1988,2211]
[0,388,706,949,1095,1988,2211]
[0,327,706,949,1095,2211]
[0,327,865,2211]
[0,706,1095,1362,1988,2211]
[0,327,706,1362,1988,2211]
[0,327,767,1362,1988,2211]
[0,388,706,868,949,1095,2211]
[0,388,706,1095,1362,2211]
[0,388,706,1362,1988,2211]
[0,583,706,868,949,1095,2211]
[0,327,767,1362,2211]
[0,706,1095,1362,2211]
[0,583,706,949,1095,1988,2211]
[0,865,2211]
[0,327,882,2211]
[0,388,706,1095,1362,1988,2211]
[0,388,706,949,1095,2211]
[0,583,706,868,949,1095,1362,1988,2211]
[0,388,706,868,949,1095,1988,2211]
[0,583,706,949,1095,1362,1988,2211]
[0,327,865,1142,1988,2211]
[0,706,949,1095,1362,1988,2211]
