[0,346,481,710,826,2017]
[0,66,346,481,1427,2017]
[0,710,1427,2017]
[0,346,773,1427,1746,2017]
[0,66,346,1187,1746,1913,2017]
[0,346,773,1427,1812,2017]
[0,710,1187,2017]
[0,346,1746,1971,2017]
[0,773,2017]
[0,346,481,710,826,1427,2017]
[0,346,1427,1746,2017]
[0,66,346,481,710,826,1187,1746,1971,2017]
[0,346,1427,1812,2017]
[0,346,481,710,826,1077,1187,2017]
[0,346,773,1746,1971,2017]
[0,66,346,1427,1812,2017]
[0,346,481,710,826,1187,1427,2017]
[0,66,346,773,1427,1812,2017]
[0,346,710,1427,2017]
[0,346,710,1187,2017]
[0,346,710,826,2017]
[0,66,346,481,773,1427,1746,1971,2017]
[0,66,346,481,710,826,1077,1187,1746,1971,2017]
[0,346,481,710,826,1746,2017]
[0,346,710,826,1746,2017]
[0,346,481,773,1427,1812,2017]
[0,346,481,710,826,1077,1187,1427,1746,2017]
[0,346,481,710,826,1187,1746,2017]
[0,346,1427,2017]
[0,66,346,481,710,826,1077,1187,1427,1746,2017]
[0,346,481,773,1746,2017]
[0,66,346,1427,2017]
[0,346,710,1746,1971,2017]
[0,346,481,710,1187,1427,1746,2017]
[0,66,346,1187,2017]
[0,66,346,773,1244,1812,2017]
[0,346,481,710,826,1077,1187,1746,1913,2017]
[0,346,1187,1746,2017]
[0,346,481,710,1187,1427,2017]
[0,346,1746,2017]
[0,66,346,773,2017]
[0,346,1913,2017]
[0,346,773,2017]
[0,66,346,481,710,826,1187,1746,1913,2017]
[0,346,481,710,1746,2017]
[0,346,481,710,826,1077,1187,1427,2017]
[0,346,481,1427,2017]
[0,346,1427,1746,1913,2017]
[0,346,710,1187,1427,1746,2017]
[0,346,773,1244,1812,2017]
[0,66,346,481,1187,1427,2017]
[0,346,481,710,1187,1746,2017]
[0,66,346,481,710,826,1187,1427,2017]
[0,346,710,1187,1427,2017]
[0,773,1244,2017]
[0,346,481,710,826,1077,1187,1746,2017]
[0,66,346,481,710,826,1077,1187,1427,1746,1971,2017]
[0,710,2017]
[0,346,710,826,1746,1913,2017]
[0,66,346,481,710,826,1427,2017]
[0,481,2017]
[0,66,346,481,710,826,1187,2017]
[0,346,481,710,1427,1746,2017]
[0,346,710,1427,1746,2017]
[0,346,481,710,826,1187,1746,1913,2017]
[0,66,346,481,710,826,1187,1746,2017]
[0,346,481,773,1427,2017]
[0,346,481,710,1187,2017]
[0,346,481,710,826,1077,1187,1427,1746,1913,2017]
[0,346,481,1187,1427,2017]
[0,346,773,1244,2017]
[0,1187,2017]
[0,66,346,481,773,1427,2017]
[0,346,481,773,1427,1746,2017]
[0,346,2017]
[0,346,481,710,826,1746,1913,2017]
[0,66,346,481,710,826,1077,1187,1427,1746,1913,2017]
[0,346,481,710,2017]
[0,66,346,481,773,2017]
[0,346,710,1746,2017]
[0,346,710,2017]
[0,66,346,481,773,1746,2017]
[0,346,710,826,1427,2017]
[0,346,1971,2017]
[0,346,1187,1427,2017]
[0,346,481,710,826,1187,2017]
[0,346,710,826,1187,2017]
[0,66,346,1427,1746,1913,2017]
[0,755,2017]
[0,66,346,481,710,826,1077,1187,1427,2017]
[0,346,1746,1913,2017]
[0,66,346,481,773,1427,1812,2017]
[0,481,1746,2017]
[0,66,346,481,773,1746,1971,2017]
[0,66,346,773,1812,2017]
[0,66,346,481,710,826,1077,1187,1746,2017]
[0,66,346,481,773,1427,1746,2017]
[0,346,710,826,1746,1971,2017]
[0,346,1187,2017]
[0,66,346,481,710,826,1077,1187,2017]
[0,66,346,481,710,826,1077,1187,1746,1913,2017]
[0,346,481,710,826,1187,1746,1971,2017]
[0,773,1427,2017]
[0,346,481,710,826,1187,1427,1746,2017]
[0,346,481,773,2017]
[0,346,710,1746,1913,2017]
[0,346,710,1187,1746,2017]
[0,346,481,710,826,1746,1971,2017]
[0,346,755,2017]
[0,346,1187,1746,1913,2017]
[0,346,481,773,1746,1971,2017]
[0,346,773,1746,2017]
[0,346,773,1812,2017]
[0,346,773,1427,2017]
[0,1427,2017]
[0,346,481,710,1427,2017]
