[0,1520,3153,4758]
[0,1564,2223,2780,3178,3461,4112,4758]
[0,608,833,1294,1564,2223,2780,4112,4758]
[0,833,2141,4758]
[0,1564,2223,2780,4112,4758]
[0,1564,3461,4112,4758]
[0,1564,4758]
[0,1520,3203,4758]
[0,608,833,1294,1564,2223,2780,3461,4112,4685,4758]
[0,833,1564,2223,3461,4112,4758]
[0,2141,3203,4112,4758]
[0,1520,2780,4758]
[0,1556,4112,4758]
[0,632,1520,2316,3153,4112,4758]
[0,1520,2316,3153,4758]
[0,1294,4037,4758]
[0,1573,2223,2780,4112,4758]
[0,608,833,1294,1573,2223,2780,4112,4758]
[0,1564,2223,3461,4112,4758]
[0,833,1294,1564,2223,2780,3178,3461,4112,4758]
[0,1520,3153,4112,4758]
[0,1697,4112,4758]
[0,1564,2223,3461,4758]
[0,1520,2780,3461,4758]
[0,3203,4758]
[0,1564,2780,4112,4758]
[0,1573,2780,4112,4758]
[0,833,1564,2223,2780,3461,4112,4758]
[0,1556,2780,4112,4758]
[0,833,2141,3203,4758]
[0,833,1564,2223,2780,3178,3461,4112,4758]
[0,833,1564,2223,2780,4112,4758]
[0,1520,2141,4112,4758]
[0,833,1564,2780,4112,4758]
[0,608,833,1294,1564,2223,2780,4112,4685,4758]
[0,1520,3461,4112,4758]
[0,1520,2780,4112,4758]
[0,632,1520,3153,4112,4758]
[0,1556,4758]
[0,1294,4758]
[0,2141,3203,4758]
[0,1294,1564,2223,2780,4112,4758]
[0,1520,3461,4758]
[0,1294,1573,2223,2780,4112,4758]
[0,833,1294,1564,2223,2780,4112,4758]
[0,833,1294,1573,2223,2780,4112,4758]
[0,2141,4112,4758]
[0,2141,4758]
[0,1573,2780,4758]
[0,1573,4758]
[0,608,833,1294,1564,2223,2780,3461,4112,4758]
[0,1520,4112,4758]
[0,1520,2316,4758]
[0,833,2141,3203,4112,4758]
[0,833,1573,2223,2780,4112,4758]
[0,1520,4758]
[0,3153,4758]
[0,1294,1564,2223,2780,3178,3461,4112,4758]
[0,1520,2141,2780,3461,4112,4758]
[0,1564,3461,4758]
[0,1520,3203,4112,4758]
[0,1556,2223,2780,4112,4758]
[0,833,1564,3461,4758]
[0,1520,2316,3153,4112,4758]
[0,608,833,1294,1564,2223,2780,3178,3461,4112,4758]
[0,1556,2780,4758]
[0,1520,2141,3203,4112,4758]
[0,833,1294,1564,2223,2780,3461,4112,4758]
[0,833,1573,2780,4112,4758]
[0,608,833,1294,1564,2223,2780,3178,3461,4112,4685,4758]
[0,1294,1564,2223,2780,3461,4112,4758]
[0,1564,4112,4758]
[0,833,1573,2780,4758]
[0,1520,2223,2780,4112,4758]
[0,1243,1520,2141,2780,4112,4758]
[0,1520,2141,2780,4112,4758]
[0,1520,2780,3461,4112,4758]
[0,1573,4112,4758]
[0,833,1564,2223,3461,4758]
[0,1564,2780,4758]
[0,1697,4758]
[0,1564,2223,2780,3461,4112,4758]
[0,1564,2223,4758]
[0,833,1564,2780,4758]
[0,1243,1520,2141,2780,3461,4112,4758]
