[0,438,2107,2238,2453,2706,2956]
[0,502,2107,2706,2956]
[0,502,2107,2956]
[0,438,2107,2238,2706,2956]
[0,597,2453,2956]
[0,387,2192,2453,2706,2956]
[0,2706,2956]
[0,2192,2706,2956]
[0,387,2192,2453,2956]
[0,502,2453,2706,2956]
[0,597,2192,2453,2706,2956]
[0,438,2192,2453,2956]
[0,502,2107,2238,2453,2706,2956]
[0,2107,2956]
[0,387,2453,2956]
[0,438,2107,2706,2956]
[0,502,2192,2453,2706,2956]
[0,438,2453,2956]
[0,438,2706,2956]
[0,2118,2192,2706,2956]
[0,597,2706,2956]
[0,438,2118,2192,2453,2706,2956]
[0,438,2107,2956]
[0,597,901,2192,2453,2956]
[0,438,2118,2956]
[0,2118,2956]
[0,387,2453,2706,2956]
[0,502,2107,2238,2706,2956]
[0,2239,2956]
[0,2701,2956]
[0,597,2956]
[0,597,2192,2453,2956]
[0,597,2118,2192,2706,2956]
[0,597,2118,2956]
[0,387,2706,2956]
[0,458,2956]
[0,2107,2238,2706,2956]
[0,502,2192,2453,2956]
[0,597,901,2192,2453,2706,2956]
[0,597,2453,2706,2956]
[0,502,2956]
[0,438,2956]
[0,438,2118,2192,2706,2956]
[0,2192,2956]
[0,2238,2706,2956]
[0,387,2956]
[0,438,2453,2706,2956]
[0,438,2118,2706,2956]
[0,458,2239,2956]
[0,458,2701,2956]
[0,239,597,901,2192,2453,2706,2956]
[0,502,2453,2956]
[0,2238,2956]
[0,502,2706,2956]
[0,502,2238,2453,2706,2956]
[0,438,2192,2453,2706,2956]
[0,597,901,2453,2956]
[0,597,2118,2706,2956]
[0,2453,2956]
[0,438,2238,2453,2706,2956]
[0,597,2118,2192,2453,2706,2956]
