[0,565,1221,1465]
[0,76,315,518,690,837,997,1221,1307,1380,1465]
[0,315,518,690,837,997,1221,1380,1465]
[0,315,1465]
[0,690,837,997,1221,1380,1465]
[0,690,837,997,1221,1465]
[0,76,147,690,837,1221,1380,1465]
[0,76,315,518,690,837,997,1221,1380,1465]
[0,76,690,837,997,1221,1465]
[0,997,1465]
[0,76,690,837,1221,1307,1380,1465]
[0,315,690,837,997,1221,1380,1465]
[0,1239,1465]
[0,76,147,315,518,690,837,997,1221,1380,1465]
[0,690,837,1221,1465]
[0,315,518,690,997,1221,1465]
[0,76,690,837,997,1221,1307,1380,1465]
[0,76,147,690,837,1221,1465]
[0,76,1221,1465]
[0,78,690,997,1465]
[0,690,997,1465]
[0,76,690,997,1465]
[0,76,147,690,837,997,1221,1380,1465]
[0,315,518,690,837,997,1221,1465]
[0,690,837,1221,1380,1465]
[0,76,147,315,690,837,997,1221,1307,1380,1465]
[0,690,1465]
[0,690,1221,1465]
[0,76,690,997,1380,1465]
[0,76,690,997,1307,1465]
[0,690,997,1221,1465]
[0,76,690,837,1221,1465]
[0,76,147,315,690,837,997,1221,1380,1465]
[0,76,518,690,837,997,1221,1380,1465]
[0,518,690,997,1221,1465]
[0,315,690,997,1221,1465]
[0,315,690,837,997,1221,1465]
[0,76,690,997,1221,1465]
[0,690,997,1221,1380,1465]
[0,76,690,997,1221,1380,1465]
[0,76,518,690,837,997,1221,1307,1380,1465]
[0,76,315,690,837,997,1221,1380,1465]
[0,76,147,690,837,997,1221,1465]
[0,76,147,690,837,997,1221,1307,1380,1465]
[0,518,690,837,997,1221,1380,1465]
[0,1221,1465]
[0,76,147,690,837,997,1221,1319,1380,1465]
[0,76,690,837,1221,1380,1465]
[0,518,690,837,997,1221,1465]
[0,76,690,837,997,1221,1380,1465]
[0,565,1465]
[0,78,690,1239,1465]
[0,690,1239,1465]
[0,690,997,1380,1465]
[0,76,690,1221,1465]
[0,76,147,315,518,690,837,997,1221,1307,1380,1465]
[0,76,315,690,837,997,1221,1307,1380,1465]
[0,315,690,1221,1465]
[0,315,690,1465]
[0,76,147,690,837,1221,1307,1380,1465]
[0,690,997,1307,1465]
[0,78,690,997,1307,1465]
