[0,582,1304,1662,2211]
[0,948,2211]
[0,582,816,1049,1304,1835,1990,2211]
[0,582,948,1155,1304,1662,1847,1990,2211]
[0,51,582,816,948,1049,1155,1304,1717,1835,1990,2211]
[0,582,948,1155,1304,1717,1835,1990,2211]
[0,582,816,1304,2211]
[0,582,948,1049,1155,1304,1835,1990,2211]
[0,582,1049,1304,2211]
[0,582,816,1049,1155,1304,1990,2211]
[0,582,948,1304,1835,1990,2211]
[0,582,816,1049,1304,2211]
[0,582,948,1155,1304,1847,1990,2211]
[0,1300,2211]
[0,582,948,1155,1304,1990,2211]
[0,1304,2211]
[0,948,1304,2211]
[0,582,948,1123,1304,1662,1847,1990,2211]
[0,582,948,1155,1304,1835,1990,2211]
[0,582,816,1049,1155,1304,2211]
[0,582,1300,2211]
[0,582,948,1123,1304,1990,2211]
[0,582,948,1155,1304,1662,1990,2211]
[0,51,582,948,1049,1155,1304,1662,1847,1990,2211]
[0,582,948,1304,1662,1847,1990,2211]
[0,582,2211]
[0,582,948,1304,1847,1990,2211]
[0,582,816,1049,1155,1304,1835,1990,2211]
[0,582,948,1304,1662,1990,2211]
[0,582,948,1049,1155,1304,1990,2211]
[0,51,582,948,1049,1155,1304,1717,1835,1990,2211]
[0,582,948,1049,1155,1304,1662,1847,1990,2211]
[0,582,1304,2211]
[0,582,948,1049,1155,1304,1717,1835,1990,2211]
[0,582,1049,1155,1304,2211]
[0,582,816,1049,1155,1304,1717,1835,1990,2211]
[0,582,816,1304,1990,2211]
[0,582,816,948,1049,1155,1304,1717,1835,1990,2211]
[0,816,1304,2211]
[0,582,948,1304,2211]
[0,582,885,1304,2211]
[0,582,816,1049,1304,1990,2211]
[0,582,948,1123,1304,1662,1990,2211]
[0,636,2211]
[0,582,941,1300,2211]
[0,816,2211]
[0,582,948,1304,1990,2211]
[0,582,948,1304,1662,2211]
[0,582,816,1049,1304,1717,1835,1990,2211]
