[0,580,686,1160,1298,1427]
[0,191,686,876,1160,1298,1427]
[0,199,580,698,876,1160,1298,1427]
[0,686,1427]
[0,199,698,1427]
[0,580,698,876,1092,1298,1427]
[0,143,686,876,1160,1427]
[0,698,1092,1427]
[0,93,191,686,1160,1298,1427]
[0,686,1160,1427]
[0,191,580,686,1092,1298,1427]
[0,686,876,1427]
[0,191,686,1092,1427]
[0,580,686,876,1092,1298,1427]
[0,143,698,876,1427]
[0,686,876,1160,1427]
[0,199,580,698,1092,1298,1427]
[0,143,698,876,1160,1427]
[0,698,1160,1427]
[0,698,876,1427]
[0,692,1160,1298,1427]
[0,143,580,698,876,1160,1298,1427]
[0,580,686,1092,1298,1427]
[0,580,698,1092,1298,1427]
[0,191,686,876,1427]
[0,93,199,580,698,1092,1298,1427]
[0,191,686,876,1092,1427]
[0,93,199,698,1160,1298,1427]
[0,199,698,1160,1298,1427]
[0,686,1092,1298,1427]
[0,143,686,1160,1298,1427]
[0,143,686,1427]
[0,191,686,876,1160,1427]
[0,143,692,1160,1427]
[0,698,876,1160,1298,1427]
[0,199,698,876,1427]
[0,191,580,686,876,1160,1298,1427]
[0,143,698,876,1160,1298,1427]
[0,1298,1427]
[0,191,686,1427]
[0,199,698,876,1160,1298,1427]
[0,93,191,580,686,1160,1298,1427]
[0,580,698,1160,1298,1427]
[0,93,199,698,1092,1298,1427]
[0,143,686,876,1160,1298,1427]
[0,692,1160,1427]
[0,686,1092,1427]
[0,143,698,1427]
[0,1092,1298,1427]
[0,698,1160,1298,1427]
[0,580,698,876,1160,1298,1427]
[0,692,1427]
[0,143,686,1160,1427]
[0,686,876,1092,1427]
[0,143,686,876,1427]
[0,143,692,1160,1298,1427]
[0,199,580,698,876,1092,1298,1427]
[0,191,686,1160,1427]
[0,199,698,876,1092,1427]
[0,686,1298,1427]
[0,692,1298,1427]
[0,191,686,1092,1298,1427]
[0,143,698,1298,1427]
[0,698,1427]
[0,93,199,580,698,876,1160,1298,1427]
[0,1092,1427]
[0,199,698,876,1092,1298,1427]
[0,199,698,876,1160,1427]
[0,93,191,580,686,1092,1298,1427]
[0,698,1298,1427]
[0,93,191,580,686,876,1092,1298,1427]
[0,191,686,876,1092,1298,1427]
[0,698,876,1092,1298,1427]
[0,199,698,1160,1427]
[0,686,876,1092,1298,1427]
[0,191,580,686,1160,1298,1427]
[0,93,199,698,876,1160,1298,1427]
[0,686,1160,1298,1427]
[0,698,1092,1298,1427]
[0,580,686,876,1160,1298,1427]
[0,199,698,1092,1427]
[0,191,686,1160,1298,1427]
[0,93,199,580,698,876,1092,1298,1427]
[0,143,692,1427]
[0,93,191,686,1092,1298,1427]
[0,93,191,580,686,876,1160,1298,1427]
[0,698,876,1092,1427]
[0,698,876,1160,1427]
[0,191,580,686,876,1092,1298,1427]
[0,686,876,1160,1298,1427]
[0,199,698,1092,1298,1427]
