[0,259,1180]
[0,875,1180]
[0,124,263,673,749,863,991,1180]
[0,259,584,673,1180]
[0,124,263,863,991,1180]
[0,673,863,991,1180]
[0,259,673,863,991,1180]
[0,263,673,1180]
[0,863,991,1180]
[0,123,673,917,1180]
[0,123,302,662,1180]
[0,263,673,863,1180]
[0,302,673,917,1180]
[0,123,259,671,846,1066,1180]
[0,259,673,749,1180]
[0,123,259,414,671,846,1066,1180]
[0,124,673,1180]
[0,124,673,749,1180]
[0,725,1180]
[0,259,673,725,846,991,1180]
[0,124,1180]
[0,124,673,863,991,1180]
[0,123,259,673,763,1180]
[0,259,917,1180]
[0,123,259,673,1180]
[0,123,259,725,863,991,1180]
[0,123,662,763,1180]
[0,124,863,991,1180]
[0,259,673,863,1180]
[0,263,863,1180]
[0,302,917,1180]
[0,259,671,846,1066,1180]
[0,123,259,875,1180]
[0,123,259,673,846,1180]
[0,259,846,1180]
[0,259,601,673,749,863,1180]
[0,671,1180]
[0,263,673,749,863,991,1180]
[0,259,584,673,725,846,991,1180]
[0,123,259,414,671,846,1180]
[0,259,725,863,991,1180]
[0,263,863,991,1180]
[0,124,601,673,1180]
[0,263,673,749,1180]
[0,124,601,673,749,1180]
[0,673,917,1180]
[0,259,673,725,846,1180]
[0,123,259,863,991,1180]
[0,673,1180]
[0,259,673,763,1180]
[0,917,1180]
[0,124,673,749,863,1180]
[0,259,846,991,1180]
[0,123,302,673,917,1180]
[0,259,863,991,1180]
[0,259,414,671,846,1180]
[0,259,671,1180]
[0,259,601,673,749,863,991,1180]
[0,259,673,725,1180]
[0,123,259,673,749,863,991,1180]
[0,123,259,601,673,749,863,991,1180]
[0,259,673,846,1180]
[0,263,1180]
[0,123,259,584,673,846,991,1180]
[0,846,1180]
[0,259,673,749,863,1180]
[0,259,673,749,863,991,1180]
[0,259,673,1180]
[0,259,673,846,991,1180]
[0,124,601,673,749,863,991,1180]
[0,123,259,584,673,725,846,991,1180]
[0,123,259,673,846,991,1180]
[0,123,259,671,846,1180]
[0,673,863,1180]
[0,123,259,671,1180]
[0,124,263,673,863,991,1180]
[0,123,302,662,763,1180]
[0,302,1180]
[0,302,662,1180]
[0,259,671,846,1180]
[0,863,1180]
[0,259,875,1180]
[0,124,263,601,673,749,863,991,1180]
[0,124,673,863,1180]
[0,263,673,749,863,1180]
[0,124,673,749,863,991,1180]
[0,259,725,1180]
[0,123,662,1180]
[0,124,601,673,749,863,1180]
[0,259,584,673,846,991,1180]
[0,259,725,863,1180]
[0,123,917,1180]
[0,123,259,673,725,1180]
[0,123,1180]
[0,123,259,673,863,991,1180]
[0,662,1180]
[0,263,673,863,991,1180]
[0,123,259,584,673,846,1180]
[0,259,863,1180]
[0,259,673,917,1180]
[0,123,259,584,673,1180]
[0,124,863,1180]
