[0,315,478,592,728,1180]
[0,478,592,890,1180]
[0,728,1180]
[0,315,478,666,728,938,1180]
[0,315,478,666,728,880,938,1180]
[0,315,478,592,728,880,1180]
[0,478,728,1180]
[0,666,1180]
[0,315,728,1180]
[0,315,478,728,890,1180]
[0,315,478,666,880,1180]
[0,315,666,880,1180]
[0,315,478,728,938,1180]
[0,53,315,478,666,728,938,1128,1180]
[0,478,728,938,1180]
[0,315,728,880,1180]
[0,315,666,1180]
[0,53,315,478,592,728,890,1180]
[0,478,890,1180]
[0,53,315,478,728,938,1180]
[0,315,478,592,728,880,938,1180]
[0,315,478,570,728,938,1180]
[0,890,1180]
[0,53,315,478,666,728,938,1180]
[0,53,315,728,890,1180]
[0,727,1180]
[0,53,315,430,478,666,728,938,1128,1180]
[0,315,478,666,728,880,1180]
[0,478,592,728,1180]
[0,938,1180]
[0,53,315,728,938,1180]
[0,53,315,478,666,880,1180]
[0,315,478,592,728,890,1180]
[0,53,315,430,478,666,728,880,938,1128,1180]
[0,478,1180]
[0,53,315,478,592,728,938,1128,1180]
[0,53,315,478,666,728,880,938,1180]
[0,53,315,478,666,728,880,1180]
[0,53,315,478,728,938,1128,1180]
[0,53,315,478,592,728,938,1180]
[0,53,315,478,666,728,880,938,1128,1180]
[0,315,478,728,1180]
[0,53,315,478,592,728,880,938,1128,1180]
[0,315,478,728,880,1180]
[0,53,315,478,728,890,1128,1180]
[0,53,315,478,605,728,890,1128,1180]
[0,478,592,728,890,1180]
[0,315,728,890,1180]
[0,53,315,478,570,728,938,1128,1180]
[0,380,727,938,1180]
[0,315,478,728,890,1128,1180]
[0,53,315,430,478,570,728,938,1128,1180]
[0,315,478,592,728,938,1180]
[0,53,315,478,605,728,890,1180]
[0,315,728,938,1180]
[0,880,1180]
[0,478,728,890,1180]
[0,315,478,728,938,1128,1180]
[0,53,315,478,592,728,890,1128,1180]
[0,53,315,478,592,728,880,938,1180]
[0,53,315,478,570,728,938,1180]
[0,380,727,1180]
[0,53,315,478,728,890,1180]
[0,315,478,605,728,890,1180]
[0,53,315,478,592,728,880,1180]
