[0,657,1785,2839,3253,3353]
[0,703,1785,2849,3253,3353]
[0,703,1831,3353]
[0,657,1785,2839,3353]
[0,1557,2227,3353]
[0,657,2227,2849,3353]
[0,657,3353]
[0,657,2849,3353]
[0,1784,2849,3353]
[0,703,2227,3353]
[0,703,1785,2849,3353]
[0,2849,3353]
[0,1785,2849,3353]
[0,2226,3353]
[0,2839,3253,3353]
[0,657,2227,2849,3253,3353]
[0,657,1557,2227,2849,3253,3353]
[0,703,2904,3253,3353]
[0,703,3353]
[0,657,1785,2839,3097,3253,3353]
[0,1831,2904,3253,3353]
[0,703,1831,2904,3097,3253,3353]
[0,1785,3353]
[0,1296,2839,3353]
[0,1784,3353]
[0,3253,3353]
[0,657,2849,3253,3353]
[0,1785,2839,3253,3353]
[0,657,1785,3353]
[0,1785,2849,3253,3353]
[0,2849,3253,3353]
[0,2227,3097,3353]
[0,657,2227,3097,3353]
[0,1831,3353]
[0,703,2904,3353]
[0,2839,3353]
[0,703,2849,3353]
[0,703,1831,2904,3353]
[0,657,1785,2849,3353]
[0,1831,2904,3353]
[0,703,1831,2904,3253,3353]
[0,657,2227,3353]
[0,703,2227,2904,3353]
[0,657,1557,2227,2849,3353]
[0,1785,2839,3353]
[0,2227,3253,3353]
[0,703,2227,2904,3253,3353]
[0,2227,3353]
[0,1296,3353]
[0,1296,3253,3353]
[0,657,1785,2839,3097,3353]
[0,703,1785,3353]
[0,657,1785,2849,3253,3353]
[0,2226,3097,3353]
[0,703,2849,3253,3353]
[0,2904,3353]
[0,657,1557,2227,3097,3353]
[0,657,1784,2849,3353]
[0,703,1831,2904,3097,3353]
[0,657,1784,3353]
[0,1784,2849,3253,3353]
[0,703,2227,3253,3353]
[0,657,1784,2849,3253,3353]
[0,657,1557,2227,3353]
