[0,305,443,497,627,997]
[0,265,542,627,997]
[0,205,305,443,497,627,763,997]
[0,497,627,997]
[0,265,627,997]
[0,305,443,497,542,627,997]
[0,497,763,997]
[0,305,443,497,542,627,763,997]
[0,205,305,497,627,763,997]
[0,305,997]
[0,305,443,497,627,763,997]
[0,265,997]
[0,265,763,997]
[0,305,497,627,997]
[0,205,497,627,997]
[0,205,627,997]
[0,265,443,497,627,997]
[0,265,497,700,997]
[0,305,497,763,997]
[0,205,497,627,763,997]
[0,542,627,997]
[0,205,305,443,497,542,627,763,997]
[0,542,997]
[0,265,443,497,542,627,763,997]
[0,305,627,997]
[0,205,997]
[0,265,443,497,627,763,997]
[0,700,997]
[0,205,497,763,997]
[0,305,497,627,763,997]
[0,265,497,627,997]
[0,265,497,542,627,997]
[0,265,700,997]
[0,265,497,627,763,997]
[0,265,497,763,997]
[0,265,443,497,542,627,997]
[0,627,997]
[0,305,763,997]
[0,497,997]
