[0,88,1588,2020]
[0,88,274,1178,1357,1588,2020]
[0,88,274,848,1087,1178,1588,1937,2020]
[0,274,1178,1357,1588,2020]
[0,88,274,2020]
[0,1178,2020]
[0,88,274,848,1087,1178,1588,2020]
[0,848,1937,2020]
[0,848,2020]
[0,88,274,1178,1588,2020]
[0,274,848,1178,1357,1588,2020]
[0,274,848,1087,1178,1357,1588,2020]
[0,88,1178,1588,1937,2020]
[0,274,1184,1588,2020]
[0,274,848,1087,1178,1588,2020]
[0,274,1178,1588,2020]
[0,240,1937,2020]
[0,240,2020]
[0,88,274,1178,1357,1588,1937,2020]
[0,177,1588,2020]
[0,88,848,2020]
[0,88,1178,1588,2020]
[0,88,274,1937,2020]
[0,88,1178,2020]
[0,274,848,1178,1588,2020]
[0,1937,2020]
[0,88,274,1184,1588,2020]
[0,1184,2020]
[0,177,1184,1588,2020]
[0,88,2020]
[0,88,274,1087,1178,1588,2020]
[0,88,274,1588,1937,2020]
[0,88,274,848,1087,1178,1357,1588,1937,2020]
[0,274,1087,1178,1588,2020]
[0,88,1937,2020]
[0,88,848,1937,2020]
[0,274,1937,2020]
[0,88,1178,1937,2020]
[0,848,1178,1588,2020]
[0,88,274,848,1087,1178,1357,1588,2020]
[0,848,1588,2020]
[0,88,274,1087,1178,1588,1937,2020]
[0,274,1747,2020]
[0,177,1184,1937,2020]
[0,274,2020]
[0,177,1937,2020]
[0,88,274,1184,1588,1937,2020]
[0,1184,1588,2020]
[0,177,1184,2020]
[0,88,274,1588,2020]
[0,1178,1588,2020]
[0,1588,2020]
[0,88,274,1178,1588,1937,2020]
[0,177,1184,1588,1937,2020]
[0,177,2020]
[0,274,1588,2020]
