[0,355,784,1082,1440,1961,2053]
[0,355,1440,2053]
[0,355,1082,1276,2053]
[0,1082,2053]
[0,357,784,1082,1670,1961,2053]
[0,357,784,1082,1670,2053]
[0,122,355,1082,1210,1276,1440,1961,2053]
[0,357,1082,1670,2053]
[0,355,1082,1275,1440,2053]
[0,355,1082,1275,1440,1961,2053]
[0,357,1082,1276,2053]
[0,357,1275,2053]
[0,357,1275,1714,2053]
[0,355,784,1082,1670,2053]
[0,357,1440,2053]
[0,357,1082,1275,1440,2053]
[0,122,355,1082,1276,1440,2053]
[0,1082,1440,2053]
[0,122,355,784,1082,1210,1275,1440,1670,1961,2053]
[0,122,355,784,1082,1210,1275,1440,1961,2053]
[0,1275,2053]
[0,1440,2053]
[0,357,1082,1670,1961,2053]
[0,357,2053]
[0,122,357,1082,1275,1440,2053]
[0,355,784,1082,1275,1440,1670,2053]
[0,355,1082,1276,1440,1961,2053]
[0,357,784,1082,2053]
[0,355,784,1082,1275,1440,2053]
[0,355,1082,1440,1961,2053]
[0,357,1082,1276,1670,2053]
[0,357,1082,1275,2053]
[0,355,1082,1440,2053]
[0,355,784,1082,2053]
[0,355,1082,1275,2053]
[0,122,355,1082,1276,1440,1961,2053]
[0,357,1082,1275,1440,1961,2053]
[0,355,1082,1275,1670,2053]
[0,355,784,1082,1275,2053]
[0,122,355,784,1082,1275,1440,1961,2053]
[0,1082,1670,2053]
[0,122,357,1082,1275,1440,1961,2053]
[0,122,355,1082,1275,1440,1961,2053]
[0,122,355,1082,1275,1440,2053]
[0,122,355,784,1082,1275,1440,1670,1961,2053]
[0,355,784,1082,1440,2053]
[0,355,784,1082,1275,1670,2053]
[0,355,1082,2053]
[0,355,1082,1961,2053]
[0,357,1082,1276,1670,1961,2053]
[0,122,355,784,1082,1275,1440,2053]
[0,355,1082,1276,1440,2053]
[0,122,355,1082,1210,1275,1440,1961,2053]
[0,122,355,784,1082,1275,1440,1670,2053]
[0,357,1082,1961,2053]
[0,357,1082,2053]
[0,355,1440,1961,2053]
[0,355,1082,1670,2053]
