[0,802,2756,4758]
[0,1735,2685,4758]
[0,232,802,1667,2364,2756,3595,4028,4758]
[0,232,802,1667,2756,3595,4028,4758]
[0,759,2685,4758]
[0,802,1667,2364,2782,3595,4758]
[0,802,1667,2364,2756,3595,4028,4758]
[0,1694,2364,2782,3595,4758]
[0,802,1694,2364,2782,3134,3595,4758]
[0,1667,2364,2782,3595,4758]
[0,1735,2872,4758]
[0,1667,2364,2756,3134,3595,4028,4758]
[0,232,802,1667,2364,2782,3134,3595,4758]
[0,1667,2364,2756,3595,4028,4758]
[0,1694,2782,3134,4758]
[0,802,1694,2782,3595,4758]
[0,232,802,1667,2364,2756,3134,3595,4028,4758]
[0,802,1667,2756,3595,4028,4758]
[0,1694,2364,2782,4758]
[0,802,1667,2782,3595,4758]
[0,809,4758]
[0,802,2756,3595,4758]
[0,1667,2364,2782,4758]
[0,1667,2756,4758]
[0,232,802,1667,1874,2364,2782,3134,3595,4758]
[0,802,1694,2364,2782,3595,4758]
[0,1667,2782,3595,4758]
[0,1667,2364,2782,3134,3595,4758]
[0,1694,2782,4758]
[0,759,2685,3595,4758]
[0,1667,2756,3595,4028,4758]
[0,232,802,1667,2756,2872,3595,4028,4758]
[0,802,4758]
[0,1667,2364,2782,3134,4758]
[0,1667,2782,4758]
[0,1735,2872,3642,4758]
[0,802,1667,2364,2782,3134,3595,4758]
[0,1694,2364,2782,3134,4758]
[0,1694,2364,2782,3134,3595,4758]
[0,1667,2756,3595,4758]
[0,1735,2756,3134,4758]
[0,802,1667,2756,3595,4758]
[0,2685,3595,4758]
[0,2756,4758]
[0,1667,2364,2756,3595,4758]
[0,1667,2782,3134,4758]
[0,1735,2756,4758]
[0,232,802,1694,2364,2782,3134,3595,4758]
[0,1735,2685,3595,4758]
[0,2756,3595,4758]
[0,1694,2782,3595,4758]
[0,3134,4758]
[0,2782,4758]
[0,2872,4758]
[0,2685,4758]
[0,802,1667,2364,2756,3134,3595,4028,4758]
[0,809,3134,4758]
