[0,152,775,1066,2091,2944,3398,3812,4285]
[0,775,2091,2908,3465,4285]
[0,775,1066,1761,2944,3398,3812,4285]
[0,1066,3398,4285]
[0,1761,3398,4285]
[0,1066,2091,2726,2954,3398,4285]
[0,152,775,1066,1761,2944,3398,3812,4285]
[0,2091,3465,4285]
[0,926,4285]
[0,1066,2091,2299,2954,3398,4285]
[0,775,2091,3465,4285]
[0,1066,2954,3398,4285]
[0,1066,1761,3398,4285]
[0,775,1066,1761,2944,3398,4285]
[0,152,775,1066,2091,2299,2944,3398,3812,4285]
[0,775,1761,3398,4285]
[0,775,3465,4285]
[0,775,1761,2944,3398,4285]
[0,1066,2944,3398,4285]
[0,775,1066,2091,2944,3398,3812,4285]
[0,152,775,1066,2091,2299,2954,3398,4285]
[0,775,1066,2091,2299,2944,3398,3812,4285]
[0,775,1761,2954,3398,4285]
[0,152,775,1066,1761,2944,3398,4285]
[0,775,1066,2091,2299,2954,3398,4285]
[0,1066,2091,3398,4285]
[0,775,1066,2091,2954,3398,4285]
[0,152,775,1761,2944,3398,4285]
[0,1066,2091,2954,3398,4285]
[0,1066,3465,4285]
[0,1066,2091,2944,3398,4285]
[0,3465,4285]
[0,926,3398,4285]
[0,775,1066,1761,2954,3398,4285]
[0,1066,1761,2954,3398,4285]
[0,1066,2091,2299,2726,2954,3398,4285]
[0,152,775,1066,2091,2954,3398,4285]
[0,1066,2091,2944,3398,3812,4285]
[0,152,775,1066,2091,2944,3398,4285]
[0,152,1066,1761,2944,3398,3812,4285]
[0,1066,4285]
[0,775,1066,2091,2944,3398,4285]
[0,3251,4285]
[0,152,775,1066,1761,2954,3398,4285]
[0,1761,4285]
[0,1552,4285]
[0,1552,3251,4285]
[0,152,775,1066,2091,2299,2726,2954,3398,4285]
[0,775,3398,4285]
[0,152,775,1761,2954,3398,4285]
[0,775,1066,2091,2299,2726,2954,3398,4285]
[0,1066,2091,4285]
[0,1066,1761,2944,3398,4285]
[0,2091,4285]
[0,775,1066,2091,2726,2954,3398,4285]
[0,3398,4285]
[0,1066,1761,2944,3398,3812,4285]
