[0,336,542,809,956,997]
[0,336,997]
[0,336,442,542,625,997]
[0,336,542,809,997]
[0,336,534,822,997]
[0,336,442,542,997]
[0,336,442,542,809,956,997]
[0,336,542,997]
[0,336,809,997]
[0,336,534,809,956,997]
[0,336,442,542,625,956,997]
[0,336,542,624,997]
[0,336,542,956,997]
[0,336,542,625,997]
[0,442,822,997]
[0,336,442,542,624,956,997]
[0,336,956,997]
[0,442,997]
[0,336,442,542,624,997]
[0,336,822,997]
[0,336,442,542,809,997]
[0,336,532,822,997]
[0,336,534,809,997]
[0,336,532,997]
[0,336,534,997]
