[0,505,819,1197]
[0,505,749,964,1197]
[0,414,819,1197]
[0,312,414,505,749,819,1197]
[0,505,819,1147,1197]
[0,312,414,505,819,1197]
[0,819,1197]
[0,414,989,1197]
[0,312,505,819,1197]
[0,414,1197]
[0,312,414,505,749,819,964,1197]
[0,312,414,505,819,964,1197]
[0,989,1197]
[0,312,414,505,749,964,1197]
[0,312,505,819,1147,1197]
[0,505,819,964,1197]
[0,312,414,505,819,1147,1197]
[0,414,819,1147,1197]
[0,312,505,749,964,1197]
[0,749,1197]
[0,312,414,505,819,964,1147,1197]
[0,505,749,1197]
[0,312,414,505,749,819,964,1147,1197]
[0,312,414,505,749,819,1147,1197]
[0,312,505,819,964,1197]
