[0,178,844,1343]
[0,178,529,844,1003,1343]
[0,178,529,844,992,1343]
[0,164,526,844,1343]
[0,982,1343]
[0,164,526,603,714,844,982,1081,1343]
[0,164,526,844,982,1081,1343]
[0,164,526,714,844,982,1074,1343]
[0,164,529,844,982,1343]
[0,178,529,844,1343]
[0,164,529,844,982,1081,1343]
[0,164,526,844,982,1343]
[0,178,844,1003,1343]
[0,164,526,603,714,844,982,1074,1343]
[0,164,526,603,844,982,1081,1343]
[0,164,526,603,844,982,1074,1343]
[0,164,844,982,1343]
[0,178,1343]
[0,164,526,844,982,1074,1343]
[0,529,844,1343]
[0,178,844,992,1343]
[0,178,529,844,982,1343]
[0,277,1343]
[0,164,526,714,844,982,1343]
[0,526,844,1343]
[0,164,844,1343]
[0,164,529,844,1343]
[0,178,529,844,982,1081,1343]
[0,844,1343]
[0,164,1343]
[0,277,982,1343]
[0,164,526,603,844,982,1343]
[0,164,526,714,844,982,1081,1343]
