[0,227,593,1147,1427]
[0,227,332,593,1036,1147,1427]
[0,332,1036,1147,1427]
[0,589,1057,1427]
[0,227,332,1036,1147,1427]
[0,593,666,1036,1147,1427]
[0,397,593,666,965,1036,1147,1427]
[0,589,1427]
[0,227,332,397,593,666,965,1036,1147,1427]
[0,227,332,1147,1427]
[0,332,1057,1427]
[0,332,635,965,1147,1427]
[0,227,332,593,666,965,1147,1427]
[0,965,1040,1147,1427]
[0,965,1036,1427]
[0,635,965,1147,1427]
[0,332,635,965,1427]
[0,635,965,1427]
[0,227,332,593,666,1036,1147,1427]
[0,593,1427]
[0,965,1427]
[0,332,1147,1427]
[0,965,1036,1147,1427]
[0,397,593,1036,1147,1427]
[0,614,965,1040,1147,1427]
[0,227,332,593,666,1147,1427]
[0,227,593,965,1147,1427]
[0,593,965,1147,1427]
[0,192,635,965,1147,1427]
[0,965,1040,1427]
[0,593,666,1427]
[0,1057,1427]
[0,332,635,1057,1427]
[0,593,666,965,1040,1147,1427]
[0,227,593,666,965,1036,1147,1427]
[0,397,593,1147,1427]
[0,1147,1427]
[0,593,965,1040,1147,1427]
[0,614,965,1147,1427]
[0,593,965,1427]
[0,227,332,593,965,1427]
[0,1040,1147,1427]
[0,227,593,1036,1147,1427]
[0,227,332,965,1147,1427]
[0,593,666,965,1036,1147,1427]
[0,593,1036,1147,1427]
[0,227,332,593,965,1147,1427]
[0,332,965,1147,1427]
[0,227,593,666,1036,1147,1427]
[0,227,593,965,1427]
[0,192,635,965,1427]
[0,593,965,1036,1147,1427]
[0,332,1427]
[0,614,666,965,1040,1147,1427]
[0,614,965,1427]
[0,593,666,1147,1427]
[0,227,332,593,666,965,1036,1147,1427]
[0,227,593,666,1147,1427]
[0,1036,1147,1427]
[0,227,332,593,1147,1427]
[0,593,1147,1427]
[0,397,593,666,1036,1147,1427]
[0,332,397,593,666,965,1036,1147,1427]
