[0,414,718,1767,2017]
[0,168,414,715,1556,1767,2017]
[0,414,715,1055,1112,1602,1767,2017]
[0,414,718,2017]
[0,715,1112,1767,2017]
[0,718,2017]
[0,1112,2017]
[0,226,1345,2017]
[0,414,715,1055,1788,2017]
[0,414,715,1112,1345,1767,2017]
[0,715,1055,1112,2017]
[0,414,715,1767,2017]
[0,414,715,1112,1345,1556,1767,2017]
[0,414,715,1112,1556,1767,2017]
[0,414,718,1602,1788,2017]
[0,414,715,1556,1767,2017]
[0,414,715,1112,1345,1602,1767,2017]
[0,414,715,1345,1788,2017]
[0,715,1112,1556,1767,2017]
[0,414,715,2017]
[0,414,715,1602,1767,2017]
[0,715,1055,2017]
[0,715,1112,2017]
[0,715,2017]
[0,414,715,1055,2017]
[0,212,715,2017]
[0,414,715,1112,1345,2017]
[0,168,414,715,1112,1345,1556,1767,2017]
[0,1055,1767,2017]
[0,1102,2017]
[0,1112,1767,2017]
[0,414,715,1055,1767,2017]
[0,414,715,1345,1556,1767,2017]
[0,414,715,1055,1112,1345,1602,1767,2017]
[0,414,715,1112,2017]
[0,715,1102,1767,2017]
[0,414,715,1345,2017]
[0,414,715,1055,1112,1556,1767,2017]
[0,414,715,1345,1767,2017]
[0,414,1112,2017]
[0,212,715,1102,1767,2017]
[0,715,1767,2017]
[0,414,715,1055,1112,1345,1602,1788,2017]
[0,414,715,1055,1602,1788,2017]
[0,414,715,1345,1602,1788,2017]
[0,1055,1112,2017]
[0,715,1102,2017]
[0,414,715,1055,1112,2017]
[0,1112,1556,1767,2017]
[0,168,414,715,1112,1556,1767,2017]
[0,168,1767,2017]
[0,1345,2017]
[0,414,715,1112,1788,2017]
[0,414,715,1055,1112,1345,1556,1767,2017]
[0,414,718,1788,2017]
[0,212,1055,1767,2017]
[0,414,715,1055,1112,1767,2017]
[0,414,715,1055,1112,1602,1788,2017]
[0,414,715,1788,2017]
[0,414,715,1055,1556,1767,2017]
[0,1767,2017]
[0,1102,1767,2017]
[0,414,715,1112,1345,1788,2017]
[0,226,2017]
[0,414,715,1055,1602,1767,2017]
[0,414,715,1345,1602,1767,2017]
[0,414,715,1602,1788,2017]
[0,414,715,1112,1767,2017]
[0,414,715,1055,1112,1788,2017]
[0,715,1345,2017]
[0,414,715,1112,1345,1602,1788,2017]
[0,1055,2017]
[0,212,715,1767,2017]
