[0,217,555,690,999,1046]
[0,217,1046]
[0,217,302,690,881,999,1046]
[0,217,302,1046]
[0,217,841,1046]
[0,217,690,881,1046]
[0,217,302,480,555,690,788,1046]
[0,125,217,302,555,690,788,881,1046]
[0,217,302,498,555,690,881,999,1046]
[0,217,302,555,690,788,881,999,1046]
[0,217,690,841,1046]
[0,217,498,555,690,788,1046]
[0,217,690,788,1046]
[0,125,217,302,480,555,690,788,881,1046]
[0,217,302,349,1046]
[0,217,302,498,555,690,788,881,999,1046]
[0,217,841,999,1046]
[0,217,999,1046]
[0,217,302,349,690,881,1046]
[0,217,302,690,1046]
[0,217,302,498,555,690,788,881,1046]
[0,217,555,999,1046]
[0,217,555,690,841,999,1046]
[0,125,217,555,690,788,881,1046]
[0,217,498,555,690,788,881,999,1046]
[0,217,555,771,999,1046]
[0,217,555,690,788,1046]
[0,125,217,302,498,555,690,788,1046]
[0,217,881,999,1046]
[0,217,498,555,690,881,999,1046]
[0,217,302,349,555,690,881,999,1046]
[0,217,690,1046]
[0,217,302,498,555,690,881,1046]
[0,217,498,555,690,881,1046]
[0,217,302,690,881,1046]
[0,217,555,690,841,1046]
[0,217,690,841,999,1046]
[0,217,555,771,1046]
[0,349,1046]
[0,217,771,1046]
[0,217,302,555,690,881,1046]
[0,125,217,302,349,498,555,690,788,881,999,1046]
[0,217,302,498,555,690,788,1046]
[0,125,217,302,498,555,690,788,881,1046]
[0,555,999,1046]
[0,125,217,302,480,555,690,788,1046]
[0,690,1046]
[0,125,217,302,555,690,788,881,999,1046]
[0,217,302,999,1046]
[0,217,555,1046]
[0,771,1046]
[0,125,217,302,498,555,690,788,881,999,1046]
[0,217,690,881,999,1046]
[0,217,302,555,690,788,1046]
[0,217,302,555,999,1046]
[0,217,302,349,498,555,690,881,999,1046]
[0,555,1046]
[0,217,302,555,690,788,881,1046]
[0,217,302,555,690,881,999,1046]
[0,125,217,555,690,788,1046]
[0,217,555,690,881,999,1046]
[0,217,555,690,788,881,1046]
[0,125,217,302,555,690,788,1046]
[0,217,498,555,690,788,881,1046]
[0,217,302,349,690,1046]
[0,217,302,480,555,690,788,881,999,1046]
[0,217,555,690,881,1046]
[0,217,302,555,1046]
[0,217,302,349,498,555,690,788,881,999,1046]
[0,349,841,1046]
[0,125,217,302,480,555,690,788,881,999,1046]
[0,217,555,690,788,881,999,1046]
[0,217,302,480,555,690,788,881,1046]
[0,217,555,690,788,999,1046]
[0,217,555,690,1046]
[0,217,302,349,690,881,999,1046]
[0,217,302,555,690,788,999,1046]
[0,217,881,1046]
