[0,124,521,573,793,879,957,1046]
[0,124,409,521,781,957,1046]
[0,573,917,1046]
[0,124,521,573,781,879,957,1046]
[0,124,409,793,957,1046]
[0,124,409,521,781,1046]
[0,124,573,917,1046]
[0,124,409,521,957,1046]
[0,124,957,1046]
[0,124,781,1046]
[0,124,409,1046]
[0,131,1046]
[0,124,781,879,957,1046]
[0,131,573,781,879,957,1046]
[0,124,781,957,1046]
[0,124,1046]
[0,879,1046]
[0,124,793,879,957,1046]
[0,124,409,781,1046]
[0,124,409,957,1046]
[0,573,879,1046]
[0,573,793,1046]
[0,409,879,1046]
[0,124,409,521,781,879,957,1046]
[0,131,573,781,1046]
[0,124,917,1046]
[0,124,793,957,1046]
[0,124,573,793,1046]
[0,573,1046]
[0,793,1046]
[0,124,521,1046]
[0,131,781,1046]
[0,131,957,1046]
[0,124,409,521,1046]
[0,124,573,793,957,1046]
[0,409,793,1046]
[0,124,573,781,957,1046]
[0,124,409,781,957,1046]
[0,573,781,917,1046]
[0,124,573,781,879,957,1046]
[0,124,409,521,793,1046]
[0,124,879,957,1046]
[0,521,1046]
[0,124,573,793,879,957,1046]
[0,124,879,1046]
[0,124,793,1046]
[0,131,781,957,1046]
[0,409,1046]
[0,124,573,781,917,1046]
[0,124,409,521,573,793,879,957,1046]
[0,573,781,1046]
[0,124,573,781,1046]
[0,131,879,957,1046]
[0,781,1046]
[0,409,781,1046]
[0,124,409,781,879,957,1046]
[0,124,409,521,573,781,879,957,1046]
[0,131,781,879,957,1046]
[0,957,1046]
[0,124,409,521,793,879,957,1046]
[0,124,409,521,793,957,1046]
[0,124,409,793,1046]
[0,124,409,793,879,957,1046]
[0,131,573,781,957,1046]
[0,917,1046]
