[0,360,555,4758]
[0,120,1034,2477,2877,3479,4758]
[0,1034,2477,2877,3479,4758]
[0,555,2877,4758]
[0,2877,3608,4758]
[0,1034,2877,3608,4758]
[0,120,1034,2877,3608,4758]
[0,120,360,1034,2477,2877,3479,3911,4758]
[0,1587,2877,3608,4758]
[0,360,1587,2917,4758]
[0,120,555,1614,2877,3479,4758]
[0,120,2877,4758]
[0,120,4758]
[0,360,555,2877,4758]
[0,120,1034,1614,2877,3608,4758]
[0,360,1034,2877,3479,4758]
[0,360,4758]
[0,120,1614,2877,3479,4758]
[0,1614,2877,3479,4758]
[0,555,1614,2877,3608,4758]
[0,2917,4758]
[0,360,1034,2477,2877,3479,4758]
[0,120,360,1034,1614,2877,3479,4758]
[0,1034,2877,4758]
[0,120,1034,2477,2877,3608,4758]
[0,120,360,555,1034,2477,2877,3479,4758]
[0,360,555,2877,3479,4758]
[0,1034,2877,3479,3911,4758]
[0,1034,2477,2877,3608,4758]
[0,120,555,1614,2877,3608,4758]
[0,2477,2877,3479,4758]
[0,1034,1614,2877,3479,4758]
[0,360,1587,2877,3608,4758]
[0,120,1034,2477,2877,3479,3911,4758]
[0,360,555,1034,2477,2877,3479,3911,4758]
[0,120,360,555,2477,2877,3479,4758]
[0,555,2877,3479,4758]
[0,2877,4758]
[0,1614,2877,4758]
[0,120,1034,2877,4758]
[0,1034,2877,3479,4758]
[0,360,555,1034,2477,2877,3479,4758]
[0,1587,2917,4758]
[0,555,2477,2877,3479,4758]
[0,120,360,555,1034,2477,2877,3479,3911,4758]
[0,360,2917,4758]
[0,360,1034,1614,2877,3479,4758]
[0,1034,2477,2877,3479,3911,4758]
[0,1587,2877,4758]
[0,2877,3479,4758]
[0,1614,2877,3608,4758]
[0,1034,1614,2877,3608,4758]
[0,120,1034,2877,3479,4758]
[0,120,1614,2877,3608,4758]
[0,120,1614,2877,4758]
[0,120,1034,1614,2877,3479,4758]
[0,360,1034,2477,2877,3479,3911,4758]
[0,360,555,2477,2877,3479,4758]
[0,555,1614,2877,3479,4758]
