[0,283,1046]
[0,231,822,960,1046]
[0,53,273,473,654,822,960,1046]
[0,231,436,667,822,884,960,1046]
[0,231,473,1046]
[0,273,436,667,822,960,1046]
[0,273,473,1046]
[0,231,667,822,884,960,1046]
[0,283,667,822,1046]
[0,273,473,822,1046]
[0,273,473,654,822,1046]
[0,231,436,667,822,960,1046]
[0,283,436,667,822,884,1046]
[0,53,231,436,667,822,884,960,1046]
[0,53,283,436,667,822,884,960,1046]
[0,273,436,822,1046]
[0,231,822,1046]
[0,283,436,667,822,1046]
[0,273,1046]
[0,231,436,822,1046]
[0,231,822,884,1046]
[0,53,273,473,654,822,1046]
[0,283,822,1046]
[0,53,231,436,667,822,1046]
[0,273,654,822,1046]
[0,231,436,667,822,1046]
[0,231,1046]
[0,53,231,436,667,822,960,1046]
[0,53,273,436,667,822,1046]
[0,273,822,1046]
[0,231,667,822,1046]
[0,53,273,436,667,822,884,960,1046]
[0,273,436,667,822,884,1046]
[0,53,273,436,667,822,960,1046]
[0,273,436,667,822,884,960,1046]
[0,231,822,884,960,1046]
[0,283,436,822,1046]
[0,283,436,667,822,960,1046]
[0,473,1046]
[0,273,473,654,822,960,1046]
[0,283,436,667,822,884,960,1046]
[0,273,436,667,822,1046]
[0,231,667,822,960,1046]
