[0,164,311,477,1197]
[0,164,259,598,836,1074,1197]
[0,311,389,531,836,1074,1197]
[0,598,836,1197]
[0,259,311,389,531,1074,1145,1197]
[0,164,1074,1197]
[0,389,531,690,836,1074,1197]
[0,164,311,531,836,1197]
[0,311,774,1074,1197]
[0,164,259,389,531,690,836,1074,1197]
[0,690,836,1074,1197]
[0,164,311,477,1074,1197]
[0,164,598,836,1074,1197]
[0,598,1197]
[0,531,1074,1197]
[0,259,311,531,1074,1197]
[0,259,311,389,531,836,1074,1197]
[0,164,311,531,1074,1145,1197]
[0,311,389,531,690,836,1074,1145,1197]
[0,164,311,389,1074,1197]
[0,311,1074,1197]
[0,259,531,690,836,1197]
[0,311,389,531,1074,1197]
[0,164,311,1197]
[0,164,311,389,531,836,1074,1145,1197]
[0,259,531,836,1197]
[0,164,598,836,1197]
[0,164,1197]
[0,164,311,1074,1197]
[0,164,311,389,531,1074,1145,1197]
[0,259,311,389,531,690,836,1074,1145,1197]
[0,311,836,1197]
[0,311,774,1197]
[0,311,531,690,836,1074,1197]
[0,164,259,311,389,531,690,836,1074,1145,1197]
[0,259,311,389,531,836,1074,1145,1197]
[0,164,259,531,690,836,1074,1197]
[0,259,311,389,1074,1197]
[0,164,311,531,690,836,1197]
[0,164,311,389,531,690,836,1074,1145,1197]
[0,531,690,836,1197]
[0,164,311,389,531,836,1074,1197]
[0,774,1074,1197]
[0,164,311,389,531,690,836,1074,1197]
[0,164,311,531,690,836,1074,1197]
[0,311,389,531,690,836,1074,1197]
[0,259,311,531,1074,1145,1197]
[0,1074,1197]
[0,259,311,389,531,1074,1197]
[0,259,531,690,836,1074,1197]
[0,164,311,531,1074,1197]
[0,164,311,389,531,1074,1197]
[0,164,389,531,690,836,1197]
[0,311,531,1197]
[0,164,531,690,836,1197]
[0,836,1197]
[0,311,389,531,1074,1145,1197]
[0,311,531,1074,1197]
[0,598,836,1074,1197]
[0,164,311,531,1197]
[0,690,1074,1197]
[0,311,531,690,836,1197]
[0,531,836,1197]
[0,259,311,389,531,690,836,1074,1197]
[0,311,389,531,836,1074,1145,1197]
[0,311,531,836,1074,1197]
[0,389,531,690,836,1197]
[0,774,1197]
[0,311,531,836,1197]
[0,311,389,1074,1145,1197]
[0,690,1197]
[0,164,311,531,836,1074,1197]
[0,690,836,1197]
[0,164,389,531,690,836,1074,1197]
[0,531,690,836,1074,1197]
[0,311,1197]
[0,311,477,1197]
[0,311,531,1074,1145,1197]
[0,164,531,836,1197]
[0,531,1197]
[0,311,389,1074,1197]
[0,259,311,389,1074,1145,1197]
[0,598,1074,1197]
