[0,224,454,619,1033,1321,2199,2812]
[0,619,2195,2812]
[0,2195,2812]
[0,2199,2812]
[0,619,2812]
[0,619,1321,2812]
[0,619,1321,2199,2812]
[0,224,454,619,1033,1321,2110,2199,2812]
[0,614,1321,2812]
[0,614,1321,2199,2812]
[0,619,1033,1321,2110,2199,2812]
[0,619,2199,2812]
[0,1321,2812]
[0,614,2199,2812]
[0,614,2812]
[0,614,1033,1321,2110,2199,2812]
[0,224,619,1321,2199,2812]
[0,224,619,1033,1321,2199,2812]
[0,224,454,619,1321,2199,2812]
[0,469,2195,2812]
[0,469,2199,2812]
[0,619,1033,1321,2199,2812]
[0,614,1033,1321,2199,2812]
