[0,542,1104,1167,1334,2211]
[0,542,2211]
[0,542,1104,1228,1874,2211]
[0,1334,2211]
[0,542,1104,1334,2211]
[0,542,832,1104,1167,1228,1334,2211]
[0,542,1303,2211]
[0,542,832,1104,1334,2211]
[0,542,1228,2211]
[0,542,832,1334,2211]
[0,542,787,832,1104,1167,1334,2211]
[0,542,832,1228,1874,2211]
[0,1104,2211]
[0,1303,2211]
[0,542,1104,1303,2211]
[0,542,787,832,1104,1334,2211]
[0,542,1104,1228,2211]
[0,747,1228,2211]
[0,747,2211]
[0,542,832,1104,1167,1334,2211]
[0,1228,2211]
[0,542,832,1104,1228,1874,2211]
[0,542,787,832,1104,1167,1228,1334,2211]
[0,542,1334,2211]
[0,542,832,2211]
[0,542,1104,2211]
[0,542,1228,1874,2211]
[0,542,1104,1167,1228,1334,2211]
