[0,209,502,723,842,1046]
[0,69,209,502,723,787,842,1046]
[0,69,209,502,723,842,1046]
[0,502,1046]
[0,209,529,787,1046]
[0,69,209,502,642,787,842,1046]
[0,209,502,787,842,1046]
[0,69,209,502,787,1046]
[0,69,209,502,723,1046]
[0,502,787,1046]
[0,529,787,1046]
[0,529,1046]
[0,502,723,1046]
[0,209,502,787,1046]
[0,209,529,1046]
[0,69,209,502,642,787,1046]
[0,209,502,723,1046]
[0,209,502,642,787,1046]
[0,69,209,502,556,723,787,842,1046]
[0,69,209,502,787,842,1046]
[0,209,502,1046]
[0,69,209,502,556,787,842,1046]
[0,69,209,502,556,642,787,842,1046]
