[0,666,2135,2660,3353]
[0,666,2679,3353]
[0,979,1300,2135,3353]
[0,666,1053,2135,2679,3353]
[0,666,2934,3353]
[0,666,2516,3353]
[0,979,1300,2706,3277,3353]
[0,666,1053,1300,2135,2679,2934,3353]
[0,666,1053,1300,2135,2679,2934,3277,3353]
[0,979,1300,3277,3353]
[0,979,1300,3353]
[0,979,1300,2135,2660,3277,3353]
[0,1053,1300,2934,3277,3353]
[0,979,2135,2706,3353]
[0,979,1300,3011,3277,3353]
[0,666,1053,2516,3353]
[0,666,1053,2934,3353]
[0,1053,2934,3353]
[0,979,1300,2135,2679,3011,3277,3353]
[0,666,1053,1300,2135,2934,3277,3353]
[0,666,1053,2135,2679,2934,3353]
[0,666,1053,2135,3277,3353]
[0,666,1053,1300,2679,3353]
[0,979,1300,2660,3353]
[0,666,2135,2934,3353]
[0,1053,3277,3353]
[0,666,1053,1300,2934,3353]
[0,979,2135,2679,3353]
[0,666,2660,3277,3353]
[0,666,1053,1300,2679,3277,3353]
[0,979,3353]
[0,666,1053,1300,2934,3277,3353]
[0,666,1053,2135,2516,3277,3353]
[0,979,1300,2706,3353]
[0,666,1053,1300,2135,2679,3353]
[0,666,1053,1300,2135,3353]
[0,666,1053,1300,2135,2516,3353]
[0,666,1053,2135,2660,3353]
[0,666,1053,1300,2135,2934,3353]
[0,979,1300,2934,3277,3353]
[0,1053,1300,2934,3353]
[0,979,1300,2135,3011,3353]
[0,666,1053,2135,2660,3277,3353]
[0,1053,1300,3277,3353]
[0,979,3277,3353]
[0,2660,3353]
[0,979,1300,2934,3353]
[0,979,1300,3011,3353]
[0,1053,3353]
[0,979,1053,1300,2934,3277,3353]
[0,666,1053,1300,2516,3277,3353]
[0,666,1053,2135,2516,3353]
[0,666,2135,3353]
[0,666,1053,2679,3353]
[0,1051,3277,3353]
[0,979,1300,2135,2934,3277,3353]
[0,666,1053,1300,2135,2679,3277,3353]
[0,2679,3353]
[0,979,2135,2660,3353]
[0,979,2660,3353]
[0,666,1053,2135,2934,3353]
[0,2516,3353]
[0,666,3277,3353]
[0,666,2135,2679,3353]
[0,979,1053,1300,2135,2934,3277,3353]
[0,979,1300,2135,2660,3353]
[0,666,1053,2135,3353]
[0,666,1053,1300,2135,2516,3277,3353]
[0,979,1300,2135,2706,3353]
[0,666,2135,2660,3277,3353]
[0,979,2706,3353]
[0,2135,3353]
[0,979,1300,2135,2706,3277,3353]
[0,666,1053,3277,3353]
[0,666,2660,3353]
[0,979,1300,2135,2679,3353]
[0,979,1053,1300,2135,2679,3011,3277,3353]
[0,979,1300,2135,2934,3353]
[0,666,1053,1300,2516,3353]
[0,979,1053,1300,2135,3011,3277,3353]
[0,979,1300,2660,3277,3353]
[0,666,1053,1300,3353]
[0,979,2135,2679,3011,3353]
[0,979,2135,2934,3353]
[0,979,2934,3353]
[0,666,1053,1300,3277,3353]
[0,979,3011,3353]
[0,979,2135,3011,3353]
[0,666,3353]
[0,1053,1300,3353]
[0,666,1053,3353]
[0,979,2135,3353]
[0,979,1300,2135,2679,3011,3353]
[0,979,1053,1300,3011,3277,3353]
[0,979,1300,2135,3011,3277,3353]
[0,1051,3353]
