[0,447,583,685,1087,1180]
[0,589,1180]
[0,90,447,583,685,1087,1180]
[0,447,586,685,1180]
[0,447,586,685,775,1054,1180]
[0,447,586,685,775,1087,1180]
[0,486,583,685,1180]
[0,90,419,586,1054,1180]
[0,419,586,1054,1180]
[0,90,486,583,685,1087,1180]
[0,90,586,1054,1180]
[0,447,583,685,1180]
[0,447,583,1180]
[0,486,583,1180]
[0,90,419,589,1054,1180]
[0,419,589,1054,1180]
[0,351,447,583,685,1180]
[0,90,1087,1180]
[0,486,586,1087,1180]
[0,90,447,583,685,729,1087,1180]
[0,583,1087,1180]
[0,589,1054,1180]
[0,1046,1180]
[0,90,419,586,685,1054,1180]
[0,447,586,1054,1180]
[0,447,583,685,729,1087,1180]
[0,447,586,1087,1180]
[0,486,583,1087,1180]
[0,90,486,583,1087,1180]
[0,90,447,583,1087,1180]
[0,90,447,583,685,775,1087,1180]
[0,90,486,583,685,729,1087,1180]
[0,351,447,583,685,1087,1180]
[0,90,351,447,583,685,1087,1180]
[0,586,1180]
[0,447,583,685,775,1087,1180]
[0,90,351,447,586,685,775,1054,1180]
[0,419,589,1180]
[0,90,351,447,586,685,1054,1180]
[0,351,447,586,685,775,1054,1180]
[0,447,586,685,1054,1180]
[0,447,586,685,1087,1180]
[0,486,586,685,1087,1180]
[0,447,583,1087,1180]
[0,586,1054,1180]
[0,586,1087,1180]
[0,486,583,685,1087,1180]
[0,90,486,586,685,775,1087,1180]
[0,90,447,586,1054,1180]
[0,90,447,586,685,775,1054,1180]
[0,90,447,586,685,775,1087,1180]
[0,486,1046,1180]
[0,447,586,1180]
[0,1054,1180]
[0,486,586,1180]
[0,351,447,586,685,1054,1180]
[0,583,1180]
[0,486,1180]
[0,419,586,1180]
[0,90,583,1087,1180]
[0,486,586,685,1180]
[0,583,685,1180]
[0,486,583,685,729,1087,1180]
[0,486,586,685,775,1087,1180]
[0,90,447,586,685,1054,1180]
[0,1087,1180]
[0,419,586,685,1054,1180]
