[0,342,525,1050,1193,1325,1576,1753,2017]
[0,342,1050,2017]
[0,342,1050,1576,1753,2017]
[0,342,1029,2017]
[0,342,525,1050,1576,1753,2017]
[0,82,342,1050,2017]
[0,126,342,1029,1576,2017]
[0,1029,1576,2017]
[0,82,342,525,1050,1193,1325,1576,1753,2017]
[0,82,342,1050,1576,2017]
[0,342,1029,1576,2017]
[0,1576,2017]
[0,342,1050,1193,1325,1576,1753,2017]
[0,1050,2017]
[0,1029,2017]
[0,126,342,1029,2017]
[0,126,342,1029,1576,1753,2017]
[0,525,2017]
[0,342,1050,1325,1576,1753,2017]
[0,198,2017]
[0,342,525,1050,1325,1576,2017]
[0,82,342,1050,1193,1325,1576,1753,2017]
[0,82,342,1050,1576,1753,2017]
[0,82,342,1050,1325,1576,1753,2017]
[0,342,525,1050,1576,2017]
[0,342,525,1050,1325,1576,1753,2017]
[0,342,1029,1576,1753,2017]
[0,342,1050,1325,1576,2017]
[0,1050,1576,2017]
[0,342,2017]
[0,342,1050,1576,2017]
