[0,1005,1194,2017]
[0,438,894,1005,1194,1420,1643,2017]
[0,438,789,1194,2017]
[0,438,1054,1214,1649,2017]
[0,438,1005,1279,1649,2017]
[0,438,1231,2017]
[0,1231,2017]
[0,789,1231,1665,2017]
[0,342,789,1231,2017]
[0,438,1005,1420,2017]
[0,1420,2017]
[0,1420,1643,2017]
[0,438,1005,1279,2017]
[0,438,1420,1643,2017]
[0,342,2017]
[0,438,1005,1194,1420,1643,2017]
[0,439,783,1214,2017]
[0,439,1054,1214,2017]
[0,438,1420,2017]
[0,1054,1214,2017]
[0,439,789,1214,1649,2017]
[0,438,1194,1643,2017]
[0,438,1279,2017]
[0,1279,2017]
[0,438,2017]
[0,438,1214,1649,2017]
[0,342,789,1231,1665,2017]
[0,438,789,1231,2017]
[0,1005,1279,2017]
[0,439,783,1214,1649,2017]
[0,438,1005,1420,1643,2017]
[0,438,1054,1214,2017]
[0,439,1054,1214,1649,2017]
[0,438,1279,1649,2017]
[0,439,783,894,1054,1214,1649,2017]
[0,439,1214,2017]
[0,439,783,1054,1214,1649,2017]
[0,438,789,1231,1665,2017]
[0,439,1214,1649,2017]
[0,439,1005,1214,1649,2017]
[0,438,789,1194,1420,1643,2017]
[0,1214,2017]
[0,438,1231,1665,2017]
[0,789,1231,2017]
[0,438,1005,1194,2017]
[0,439,789,1214,2017]
[0,745,2017]
[0,342,1231,2017]
[0,438,789,894,1005,1194,1420,1643,2017]
[0,438,1005,1194,1643,2017]
[0,438,1214,2017]
[0,438,789,1194,1643,2017]
[0,438,1194,2017]
[0,1194,2017]
[0,439,2017]
[0,789,2017]
[0,439,1005,1214,2017]
[0,1005,1214,2017]
[0,1231,1665,2017]
