[0,182,294,577,997]
[0,174,249,294,358,462,577,663,997]
[0,294,997]
[0,182,294,577,663,997]
[0,169,294,462,997]
[0,174,294,358,462,577,663,997]
[0,249,462,577,663,997]
[0,294,756,997]
[0,182,294,462,594,756,997]
[0,182,294,462,577,997]
[0,182,294,358,462,577,663,997]
[0,182,294,462,997]
[0,174,249,462,577,663,743,997]
[0,174,294,577,663,997]
[0,294,462,756,997]
[0,174,294,462,577,663,743,997]
[0,174,294,462,577,663,997]
[0,249,462,997]
[0,294,577,997]
[0,294,462,594,756,997]
[0,182,294,462,594,997]
[0,174,249,462,577,663,997]
[0,174,249,294,358,462,577,663,743,997]
[0,169,294,462,577,743,997]
[0,294,577,743,997]
[0,174,249,300,462,577,663,743,997]
[0,577,997]
[0,174,294,462,577,997]
[0,174,294,358,462,577,663,743,997]
[0,249,997]
[0,294,462,577,997]
[0,169,294,577,997]
[0,294,462,997]
[0,174,294,577,997]
[0,174,249,300,462,577,663,997]
[0,249,462,577,663,743,997]
[0,182,294,462,577,817,997]
[0,182,294,462,577,663,997]
[0,294,577,817,997]
[0,294,462,594,997]
[0,174,249,294,462,577,663,997]
[0,249,577,997]
[0,249,462,577,997]
[0,294,462,577,817,997]
[0,169,294,577,743,997]
