[0,780,911,1046]
[0,295,541,681,780,911,1046]
[0,317,659,779,911,1046]
[0,659,779,903,1046]
[0,779,903,1046]
[0,295,779,903,1046]
[0,317,779,911,1046]
[0,295,911,1046]
[0,659,1046]
[0,541,659,779,911,1046]
[0,295,541,903,1046]
[0,789,911,1046]
[0,295,541,1046]
[0,295,780,911,1046]
[0,295,541,659,779,903,1046]
[0,541,780,911,1046]
[0,295,541,780,911,1046]
[0,659,779,911,1046]
[0,903,1046]
[0,779,911,1046]
[0,779,977,1046]
[0,541,681,780,911,1046]
[0,659,779,977,1046]
[0,681,780,911,1046]
[0,541,911,1046]
[0,541,977,1046]
[0,295,1046]
[0,541,659,779,845,911,1046]
[0,295,541,903,977,1046]
[0,295,541,911,1046]
[0,317,541,659,779,911,1046]
[0,317,911,1046]
[0,317,541,659,779,845,911,1046]
[0,317,1046]
[0,977,1046]
[0,779,1046]
[0,295,541,659,903,1046]
[0,911,1046]
[0,541,1046]
[0,295,659,779,903,1046]
[0,295,541,977,1046]
[0,659,779,1046]
[0,295,903,1046]
[0,681,789,911,1046]
[0,541,659,779,903,1046]
