[0,106,469,969]
[0,178,969]
[0,72,178,497,969]
[0,72,178,497,580,969]
[0,43,106,497,580,969]
[0,178,497,580,969]
[0,72,178,469,969]
[0,178,396,469,969]
[0,469,580,969]
[0,72,178,396,469,533,969]
[0,178,497,969]
[0,497,969]
[0,43,106,497,969]
[0,106,969]
[0,106,469,533,969]
[0,106,497,969]
[0,72,178,469,533,969]
[0,72,178,969]
[0,43,106,469,969]
[0,106,396,469,533,969]
[0,43,106,469,533,969]
[0,43,106,396,469,533,969]
[0,106,396,469,580,969]
[0,43,106,969]
[0,469,969]
[0,106,497,580,969]
[0,580,969]
[0,106,396,469,969]
[0,72,178,396,469,969]
[0,178,469,969]
[0,106,469,580,969]
