[0,58,687,1881,2017]
[0,507,821,2017]
[0,687,976,1310,2017]
[0,626,1807,2017]
[0,687,955,1620,1881,2017]
[0,58,687,955,1310,1425,1620,1738,1881,2017]
[0,92,507,687,976,1620,1881,2017]
[0,58,687,955,1310,1425,1620,1881,2017]
[0,687,976,1807,2017]
[0,687,1310,2017]
[0,507,1811,2017]
[0,507,687,976,1425,1620,1881,2017]
[0,92,644,955,1336,1807,2017]
[0,507,687,976,1620,2017]
[0,507,687,821,1425,1612,1811,2017]
[0,58,687,955,1310,1425,1881,2017]
[0,507,687,976,1425,1612,1807,2017]
[0,687,955,1425,1738,2017]
[0,687,955,1881,2017]
[0,502,687,955,1425,1620,1881,2017]
[0,1336,2017]
[0,687,955,1425,2017]
[0,1807,2017]
[0,507,987,1612,1811,2017]
[0,507,687,976,1425,1620,2017]
[0,687,821,1425,1612,1811,2017]
[0,687,1807,2017]
[0,507,821,1612,1811,2017]
[0,92,507,687,987,1310,1425,1612,1811,2017]
[0,92,507,687,976,1310,1425,1620,1881,2017]
[0,687,955,2017]
[0,507,687,976,2017]
[0,687,1450,2017]
[0,507,821,1811,2017]
[0,507,821,1425,1612,1811,2017]
[0,687,1425,1612,1811,2017]
[0,507,687,976,1310,1425,1620,1881,2017]
[0,687,976,1620,1881,2017]
[0,644,1620,2017]
[0,507,987,2017]
[0,644,1336,2017]
[0,502,687,955,1310,1881,2017]
[0,687,976,1612,1807,2017]
[0,687,976,1425,1620,2017]
[0,1881,2017]
[0,687,976,1881,2017]
[0,687,976,1310,1881,2017]
[0,687,1881,2017]
[0,502,687,955,1425,1620,2017]
[0,58,502,687,955,1881,2017]
[0,507,687,987,1310,1425,1612,1811,2017]
[0,687,976,1425,1620,1881,2017]
[0,687,955,1310,2017]
[0,687,955,1425,1620,1738,1881,2017]
[0,92,507,687,976,1310,1425,1612,1807,2017]
[0,687,955,1620,2017]
[0,687,955,1310,1425,1881,2017]
[0,687,955,1310,1425,1620,1881,2017]
[0,687,800,1881,2017]
[0,644,955,1336,1807,2017]
[0,507,987,1425,1612,1811,2017]
[0,687,1425,2017]
[0,92,507,987,1310,1425,1612,1811,2017]
[0,507,987,1811,2017]
[0,507,2017]
[0,58,502,687,955,1310,1881,2017]
[0,502,687,955,1310,1425,1881,2017]
[0,507,687,821,987,1425,1612,1811,2017]
[0,502,687,955,2017]
[0,687,955,1310,1425,1620,1738,2017]
[0,502,687,955,1881,2017]
[0,644,955,1881,2017]
[0,58,687,800,1881,2017]
[0,507,987,1310,1425,1612,1811,2017]
[0,687,955,1738,2017]
[0,507,687,976,1620,1881,2017]
[0,92,507,687,821,987,1310,1425,1612,1811,2017]
[0,687,2017]
[0,58,502,687,955,1310,1425,1881,2017]
[0,687,976,1620,2017]
[0,687,955,1425,1620,1881,2017]
[0,687,976,1310,1425,1612,1807,2017]
[0,687,955,1620,1738,1881,2017]
[0,58,502,687,955,1310,1425,1620,1881,2017]
[0,507,687,976,1310,1425,1612,1807,2017]
[0,507,687,987,1425,1612,1811,2017]
[0,644,955,1620,1881,2017]
[0,687,955,1425,1620,1738,2017]
[0,507,1310,1425,1612,1811,2017]
[0,1811,2017]
[0,502,687,955,1425,2017]
[0,687,1620,2017]
[0,58,687,955,1881,2017]
[0,687,955,1310,1881,2017]
[0,502,687,955,1310,2017]
[0,687,955,1310,1425,1620,1738,1881,2017]
[0,687,1425,1738,2017]
[0,644,955,1620,2017]
[0,687,1811,2017]
[0,644,955,1336,2017]
[0,687,1738,2017]
[0,507,687,821,987,1310,1425,1612,1811,2017]
[0,502,687,955,1310,1425,1620,1738,1881,2017]
[0,507,1425,1612,1811,2017]
[0,644,1807,2017]
[0,502,687,955,1425,1620,1738,1881,2017]
[0,644,955,1807,2017]
[0,507,1612,1811,2017]
[0,687,976,1425,2017]
[0,687,955,1425,1620,2017]
[0,644,955,2017]
[0,687,976,1425,1612,1807,2017]
[0,502,687,955,1310,1425,1620,1881,2017]
[0,644,2017]
[0,58,502,687,955,1310,1425,1620,1738,1881,2017]
[0,687,1612,1811,2017]
[0,687,976,1310,1425,1881,2017]
[0,687,976,1310,1425,1620,1881,2017]
[0,687,955,1620,1738,2017]
[0,626,2017]
[0,507,687,976,1425,2017]
[0,687,976,2017]
