[0,159,412,611,724,852,1046]
[0,600,1046]
[0,316,1046]
[0,159,316,547,724,1046]
[0,159,245,501,724,852,1046]
[0,159,245,547,724,852,966,1046]
[0,159,245,501,554,724,852,966,1046]
[0,724,966,1046]
[0,547,1046]
[0,159,246,501,547,724,849,1046]
[0,316,547,724,1046]
[0,159,412,611,1046]
[0,241,547,724,966,1046]
[0,159,245,724,852,1046]
[0,554,852,1046]
[0,412,611,1046]
[0,159,279,724,852,1046]
[0,159,849,1046]
[0,159,554,724,852,1046]
[0,159,245,501,724,852,966,1046]
[0,159,1046]
[0,159,554,1046]
[0,159,279,724,852,966,1046]
[0,316,724,1046]
[0,159,279,724,1046]
[0,159,245,724,852,966,1046]
[0,159,501,724,1046]
[0,241,724,966,1046]
[0,159,501,1046]
[0,159,316,724,849,1046]
[0,159,547,852,1046]
[0,159,246,316,547,724,849,1046]
[0,316,966,1046]
[0,159,245,501,554,852,1046]
[0,159,245,554,1046]
[0,159,547,724,1046]
[0,159,412,611,852,1046]
[0,547,852,1046]
[0,159,245,316,547,724,852,966,1046]
[0,159,245,554,724,852,1046]
[0,600,966,1046]
[0,159,547,724,852,1046]
[0,159,547,849,1046]
[0,159,316,547,724,849,1046]
[0,159,245,1046]
[0,966,1046]
[0,159,246,412,611,849,1046]
[0,159,412,1046]
[0,849,1046]
[0,554,1046]
[0,159,246,412,611,1046]
[0,159,724,849,1046]
[0,316,547,1046]
[0,159,245,547,724,852,1046]
[0,159,245,412,611,724,852,1046]
[0,316,547,724,966,1046]
[0,159,245,316,501,554,724,852,966,1046]
[0,724,852,1046]
[0,159,412,611,724,849,1046]
[0,245,600,966,1046]
[0,159,412,611,849,1046]
[0,611,1046]
[0,547,849,1046]
[0,159,724,1046]
[0,159,554,852,1046]
[0,159,245,316,547,724,852,1046]
[0,159,246,724,1046]
[0,241,547,1046]
[0,159,501,724,849,1046]
[0,412,611,849,1046]
[0,159,316,547,849,1046]
[0,159,246,501,724,849,1046]
[0,724,849,1046]
[0,501,724,1046]
[0,159,245,316,724,852,1046]
[0,159,279,724,966,1046]
[0,159,316,724,1046]
[0,159,246,501,547,1046]
[0,159,245,724,1046]
[0,159,246,1046]
[0,159,246,547,849,1046]
[0,159,279,1046]
[0,159,246,412,611,724,849,966,1046]
[0,412,1046]
[0,159,316,724,966,1046]
[0,159,245,554,724,852,966,1046]
[0,159,246,547,1046]
[0,159,245,501,554,1046]
[0,159,316,547,724,849,966,1046]
[0,159,316,1046]
[0,159,246,724,849,966,1046]
[0,159,245,316,554,724,852,966,1046]
[0,159,279,966,1046]
[0,159,246,316,501,547,724,849,966,1046]
[0,159,245,501,554,724,852,1046]
[0,159,245,412,611,852,1046]
[0,316,724,966,1046]
[0,159,246,501,724,849,966,1046]
[0,852,1046]
[0,159,246,501,547,849,1046]
[0,159,547,1046]
[0,245,600,1046]
[0,159,245,554,852,1046]
[0,724,1046]
[0,159,246,412,611,724,849,1046]
[0,159,316,547,724,966,1046]
[0,159,245,412,611,1046]
[0,159,724,852,1046]
[0,159,245,412,611,724,852,966,1046]
[0,316,849,1046]
[0,159,245,316,554,724,852,1046]
[0,547,724,1046]
[0,241,724,1046]
[0,241,547,724,1046]
[0,159,316,547,1046]
[0,159,246,316,547,724,849,966,1046]
[0,159,246,316,724,849,1046]
[0,159,501,724,852,1046]
[0,159,246,501,547,724,849,966,1046]
[0,159,246,724,849,1046]
[0,159,852,1046]
[0,412,611,852,1046]
[0,501,1046]
