[0,372,549,676,802,1619,1827,2017]
[0,372,549,676,802,922,1619,1827,2017]
[0,95,676,802,1797,2017]
[0,676,1611,2017]
[0,549,1259,1619,1827,2017]
[0,549,1619,2017]
[0,676,1619,1827,2017]
[0,95,676,1312,1797,2017]
[0,549,1611,1827,2017]
[0,53,372,676,802,1827,2017]
[0,676,802,1611,1827,2017]
[0,372,549,2017]
[0,676,2017]
[0,372,549,676,802,922,1259,1619,1827,2017]
[0,53,372,549,676,802,922,1259,1619,1827,2017]
[0,1259,2017]
[0,372,676,1827,2017]
[0,53,372,549,676,802,1827,2017]
[0,372,549,676,1827,2017]
[0,53,372,676,1827,2017]
[0,549,1619,1827,2017]
[0,95,372,549,676,802,1827,2017]
[0,53,372,676,802,1619,1827,2017]
[0,53,372,549,676,802,1619,1827,2017]
[0,372,676,2017]
[0,95,676,802,1827,2017]
[0,676,1619,2017]
[0,95,372,549,676,802,1611,1827,2017]
[0,549,1259,1619,2017]
[0,372,549,676,802,1259,1619,1827,2017]
[0,95,676,1797,2017]
[0,676,1797,2017]
[0,372,549,676,1611,1827,2017]
[0,372,676,802,1827,2017]
[0,549,1827,2017]
[0,676,1312,1797,2017]
[0,676,1611,1827,2017]
[0,372,549,676,802,1611,1827,2017]
[0,372,676,1619,2017]
[0,549,1259,2017]
[0,676,802,1797,2017]
[0,372,549,676,1259,1619,1827,2017]
[0,111,676,1312,1797,2017]
[0,372,676,1619,1827,2017]
[0,372,549,676,2017]
[0,372,676,802,1619,1827,2017]
[0,111,676,1797,2017]
[0,53,372,549,676,802,922,1619,1827,2017]
[0,676,802,2017]
[0,372,549,676,1619,1827,2017]
[0,549,1611,2017]
[0,95,676,802,2017]
[0,372,549,1611,1827,2017]
[0,372,549,1619,1827,2017]
[0,372,549,1259,1619,1827,2017]
[0,676,1827,2017]
[0,372,549,1827,2017]
[0,676,1312,2017]
[0,111,676,2017]
[0,372,676,802,2017]
[0,95,676,2017]
[0,549,2017]
[0,372,549,676,802,2017]
[0,372,549,676,802,1827,2017]
[0,676,802,1827,2017]
[0,95,676,802,1611,1827,2017]
