[0,139,246,389,683,1180]
[0,389,564,619,934,1180]
[0,246,389,619,1180]
[0,246,389,619,934,1180]
[0,139,246,389,619,1180]
[0,246,389,564,619,934,1091,1180]
[0,389,619,1180]
[0,139,246,389,564,619,1091,1180]
[0,139,246,389,619,683,1091,1180]
[0,389,619,934,1180]
[0,139,246,389,437,564,619,683,934,1180]
[0,139,246,389,564,619,934,1180]
[0,139,246,389,619,934,1180]
[0,139,246,389,619,683,934,1083,1180]
[0,139,273,389,683,934,1180]
[0,273,683,934,1180]
[0,389,437,619,934,1180]
[0,139,273,389,437,573,619,683,934,1180]
[0,139,246,389,437,564,619,683,934,1083,1180]
[0,619,934,1180]
[0,437,934,1180]
[0,389,683,1091,1180]
[0,139,273,389,573,619,934,1180]
[0,246,389,619,1091,1180]
[0,139,273,389,573,683,934,1180]
[0,273,619,934,1180]
[0,139,246,389,564,619,683,934,1083,1180]
[0,139,273,683,934,1180]
[0,273,683,1180]
[0,389,683,934,1180]
[0,389,619,1091,1180]
[0,389,1180]
[0,139,246,389,619,1091,1180]
[0,139,246,389,683,934,1180]
[0,139,246,389,683,934,1091,1180]
[0,389,934,1180]
[0,437,1180]
[0,273,389,619,934,1180]
[0,389,683,1180]
[0,139,273,389,437,683,934,1180]
[0,139,246,389,564,619,683,934,1091,1180]
[0,246,389,564,619,934,1180]
[0,139,246,389,619,934,1091,1180]
[0,246,389,683,934,1180]
[0,139,273,619,934,1180]
[0,139,246,389,564,619,934,1091,1180]
[0,934,1180]
[0,683,1180]
[0,246,389,619,934,1091,1180]
[0,139,246,389,619,683,934,1180]
[0,619,1180]
[0,139,273,389,573,619,683,934,1180]
[0,139,246,389,564,619,683,1091,1180]
[0,139,273,389,619,934,1180]
[0,139,246,389,683,1091,1180]
[0,139,273,389,437,573,683,934,1180]
[0,139,246,389,619,683,934,1091,1180]
[0,389,437,564,619,934,1180]
[0,139,246,389,437,564,619,934,1180]
[0,246,389,564,619,1091,1180]
[0,139,246,389,683,934,1083,1180]
[0,246,389,683,1091,1180]
[0,273,389,683,934,1180]
[0,139,273,389,619,683,934,1180]
[0,246,389,683,1180]
[0,139,246,389,564,619,683,934,1180]
[0,246,389,437,564,619,934,1180]
[0,273,619,1180]
