[0,507,707,1226,1404,2554]
[0,265,313,507,653,708,1226,1404,1950,2190,2554]
[0,313,1402,2190,2554]
[0,313,653,708,1226,1404,2190,2554]
[0,313,507,653,708,1226,1402,1950,2190,2554]
[0,708,1226,1404,1950,2190,2554]
[0,653,708,1226,1404,1950,2190,2554]
[0,2190,2554]
[0,507,708,1226,2554]
[0,313,653,708,1226,1402,1950,2190,2554]
[0,313,507,708,1226,1402,1950,2190,2554]
[0,1226,1402,1950,2190,2554]
[0,1226,1404,1951,2308,2554]
[0,707,1226,2554]
[0,1226,2554]
[0,313,507,708,1226,2554]
[0,313,1226,2554]
[0,313,507,1402,1950,2190,2554]
[0,708,1226,1950,2190,2554]
[0,507,707,1226,1950,2190,2554]
[0,507,708,2554]
[0,313,507,653,708,1226,1404,1950,2190,2554]
[0,313,1950,2190,2554]
[0,313,1402,2308,2554]
[0,707,1226,1402,1950,2082,2554]
[0,1402,2554]
[0,707,1226,1402,2082,2554]
[0,1226,1404,2308,2554]
[0,313,1226,2308,2554]
[0,313,1226,1402,2308,2554]
[0,313,1226,1402,1950,2190,2554]
[0,507,708,1226,2190,2554]
[0,653,1226,2554]
[0,1404,2554]
[0,507,707,1226,1404,2308,2554]
[0,653,708,1226,2554]
[0,1226,2082,2554]
[0,707,1226,1404,2554]
[0,653,708,1226,1402,1950,2190,2554]
[0,707,1226,2082,2554]
[0,313,653,708,1226,1404,1950,2190,2554]
[0,1226,1402,2554]
[0,313,507,708,1226,1950,2190,2554]
[0,2308,2554]
[0,1402,1950,2554]
[0,653,708,1226,1404,2554]
[0,653,708,1226,1402,2190,2554]
[0,707,1226,1951,2308,2554]
[0,507,708,1226,1402,2554]
[0,507,707,1226,1402,2082,2554]
[0,708,2190,2554]
[0,313,653,708,1226,1404,2554]
[0,1226,1404,2554]
[0,708,1226,2554]
[0,313,507,1950,2190,2554]
[0,1402,1950,2190,2554]
[0,708,1226,1402,1950,2190,2554]
[0,507,708,1226,1404,2554]
[0,313,507,708,2554]
[0,708,1226,1402,2554]
[0,707,1951,2554]
[0,708,1226,2190,2554]
[0,265,313,653,708,1226,1404,2554]
[0,313,507,708,1226,1404,2190,2554]
[0,707,1226,2308,2554]
[0,313,1226,1402,2554]
[0,1951,2554]
[0,708,1226,1404,2554]
[0,313,1402,1950,2190,2554]
[0,707,1226,1951,2554]
[0,313,507,1226,1402,1950,2190,2554]
[0,1404,1951,2308,2554]
[0,575,2554]
[0,507,707,1226,1404,2190,2554]
[0,313,2554]
[0,707,2554]
[0,313,708,1226,2554]
[0,707,2190,2554]
[0,265,313,653,708,1226,1404,1950,2190,2554]
[0,507,707,1226,2308,2554]
[0,1226,1402,1950,2082,2554]
[0,313,507,708,1226,1402,2190,2554]
[0,313,507,708,1226,1402,2554]
[0,1226,1951,2554]
[0,313,2190,2554]
[0,1402,1950,2308,2554]
[0,313,708,1226,1402,1950,2190,2554]
[0,313,507,708,1226,2190,2554]
[0,313,507,1226,1402,1950,2308,2554]
[0,2082,2554]
[0,708,1226,1402,2190,2554]
[0,507,707,1226,1404,1951,2308,2554]
[0,313,507,1402,2308,2554]
[0,507,707,1226,1951,2308,2554]
[0,1226,1402,2082,2554]
[0,575,1226,2554]
[0,313,708,1226,1404,1950,2190,2554]
[0,313,507,708,1226,1404,2554]
[0,653,1226,1951,2308,2554]
[0,313,1402,2554]
[0,1402,2190,2554]
[0,313,708,1226,1404,2190,2554]
[0,1951,2308,2554]
[0,575,1226,2082,2554]
[0,313,708,1226,1950,2190,2554]
[0,313,1402,1950,2308,2554]
[0,1226,1402,2190,2554]
[0,507,707,1226,2554]
[0,707,1226,2190,2554]
[0,313,708,1226,2190,2554]
[0,708,1226,1404,2190,2554]
[0,1226,2190,2554]
[0,507,708,1226,1950,2190,2554]
[0,707,1226,1402,2554]
[0,653,708,1226,1402,2554]
[0,313,708,1226,1404,2554]
[0,1404,2308,2554]
[0,653,2554]
[0,265,313,653,708,1226,1404,2190,2554]
[0,708,2554]
[0,313,507,1402,1950,2308,2554]
[0,1404,1951,2554]
[0,507,707,1226,1404,1950,2190,2554]
[0,313,2308,2554]
[0,313,507,708,1226,1404,1950,2190,2554]
[0,507,707,2554]
[0,507,707,1226,2082,2554]
[0,653,1226,2308,2554]
[0,707,1226,1950,2190,2554]
[0,507,707,1226,1402,2554]
[0,313,507,2308,2554]
[0,1226,2308,2554]
[0,313,1402,1950,2554]
[0,313,1226,1402,1950,2308,2554]
[0,653,1226,1951,2554]
[0,507,707,1226,2190,2554]
[0,1950,2190,2554]
[0,507,707,1226,1402,1950,2082,2554]
[0,1402,2308,2554]
[0,653,708,1226,1404,2190,2554]
[0,653,708,2554]
