[0,260,301,460,796,922]
[0,159,922]
[0,260,301,796,922]
[0,159,260,350,460,796,922]
[0,159,350,460,796,922]
[0,260,922]
[0,159,260,460,796,922]
[0,350,922]
[0,207,435,922]
[0,460,922]
[0,159,260,301,460,796,922]
[0,260,350,460,796,922]
[0,207,435,796,922]
[0,159,207,260,350,460,796,922]
[0,260,350,796,922]
[0,260,460,796,922]
[0,159,207,260,301,460,796,922]
[0,159,207,260,460,796,922]
[0,460,796,922]
[0,301,922]
[0,435,796,922]
[0,796,922]
[0,159,301,460,922]
[0,260,350,922]
[0,159,460,922]
[0,435,922]
[0,301,796,922]
[0,159,350,796,922]
[0,260,460,922]
[0,159,350,922]
[0,159,260,350,796,922]
[0,260,301,922]
[0,260,796,922]
[0,159,207,260,350,796,922]
[0,350,796,922]
[0,159,301,922]
[0,159,301,460,796,922]
[0,159,460,796,922]
