[0,41,180,361,515,587,704,945,997]
[0,41,997]
[0,41,180,587,729,790,997]
[0,41,180,515,587,997]
[0,41,587,997]
[0,41,180,297,361,515,587,733,945,997]
[0,180,361,515,587,733,945,997]
[0,180,587,729,790,997]
[0,41,180,515,587,729,790,997]
[0,180,587,733,945,997]
[0,41,180,326,431,515,587,997]
[0,180,587,704,997]
[0,41,180,587,997]
[0,41,180,326,431,515,587,704,945,997]
[0,180,297,361,431,515,587,729,790,945,997]
[0,41,180,361,515,587,733,945,997]
[0,180,326,431,515,587,704,945,997]
[0,180,361,515,587,704,945,997]
[0,180,431,997]
[0,180,326,431,587,704,997]
[0,41,180,326,431,515,587,704,997]
[0,180,361,515,587,729,997]
[0,180,361,587,729,997]
[0,180,361,515,587,733,997]
[0,180,297,361,515,587,733,997]
[0,41,180,587,733,997]
[0,704,997]
[0,41,180,997]
[0,180,587,997]
[0,41,180,587,704,997]
[0,180,515,587,997]
[0,41,180,297,361,431,515,587,729,790,945,997]
[0,587,733,997]
[0,64,587,733,997]
[0,180,515,587,733,997]
[0,587,704,997]
[0,180,431,515,587,997]
[0,41,180,361,587,704,945,997]
[0,180,297,361,515,587,729,790,997]
[0,64,587,997]
[0,180,326,587,997]
[0,41,180,361,515,587,997]
[0,180,361,587,704,997]
[0,180,431,515,587,729,997]
[0,180,587,729,997]
[0,180,361,587,997]
[0,180,297,361,515,587,733,945,997]
[0,180,297,361,515,587,729,790,945,997]
[0,180,515,587,729,790,997]
[0,41,180,361,515,587,733,997]
[0,180,587,733,997]
[0,180,361,515,587,729,790,997]
[0,41,587,704,997]
[0,180,361,515,587,997]
[0,361,587,997]
[0,180,431,587,997]
[0,180,431,587,729,997]
[0,180,297,361,431,515,587,729,790,997]
[0,180,515,587,729,997]
[0,180,297,431,587,729,997]
[0,41,180,587,733,945,997]
[0,41,180,515,587,733,997]
[0,180,361,587,704,945,997]
[0,41,180,361,515,587,704,997]
[0,41,180,297,361,515,587,733,997]
[0,180,297,361,431,515,587,729,997]
[0,41,180,361,515,587,729,790,997]
[0,180,326,431,515,587,704,997]
[0,41,180,587,729,997]
[0,361,997]
[0,733,997]
[0,41,180,587,704,945,997]
[0,180,326,431,587,997]
[0,64,997]
[0,180,297,361,515,587,729,997]
[0,180,297,431,515,587,729,997]
[0,180,587,704,945,997]
[0,41,180,297,361,515,587,729,790,997]
[0,41,180,431,515,587,997]
[0,180,326,587,704,997]
[0,41,180,297,361,515,587,729,790,945,997]
[0,180,326,431,997]
[0,180,361,587,733,997]
[0,180,326,431,515,587,997]
[0,431,997]
[0,180,361,515,587,704,997]
[0,587,997]
[0,180,997]
