[0,205,299,368,478,545,682,811,977,1046]
[0,200,299,368,478,545,682,811,977,1046]
[0,260,478,682,811,977,1046]
[0,200,260,478,545,682,811,977,1046]
[0,368,478,682,811,1046]
[0,299,478,682,811,1046]
[0,260,478,682,1046]
[0,299,368,478,545,682,811,977,1046]
[0,205,260,478,545,682,811,977,1046]
[0,478,682,811,1046]
[0,260,478,682,811,1046]
[0,299,368,478,682,811,977,1046]
[0,205,299,478,682,811,1046]
[0,478,682,811,977,1046]
[0,205,299,478,682,811,977,1046]
[0,478,1046]
[0,205,299,368,478,682,811,977,1046]
[0,368,1046]
[0,205,260,478,682,811,977,1046]
[0,200,260,478,682,811,977,1046]
[0,299,478,682,811,977,1046]
[0,368,478,682,811,977,1046]
[0,484,1046]
[0,260,478,1046]
[0,260,478,545,682,811,977,1046]
[0,299,478,682,1046]
[0,200,299,478,682,811,977,1046]
[0,299,1046]
[0,478,977,1046]
[0,478,682,1046]
[0,478,682,977,1046]
[0,200,299,478,682,811,1046]
[0,200,299,368,478,682,811,977,1046]
[0,484,977,1046]
[0,299,977,1046]
