[0,135,387,992,1343]
[0,326,992,1139,1343]
[0,78,135,387,578,992,1084,1343]
[0,135,1343]
[0,78,248,387,992,1084,1343]
[0,135,387,992,1084,1292,1343]
[0,78,248,387,992,1139,1343]
[0,248,387,992,1343]
[0,78,248,387,578,992,1084,1343]
[0,78,248,387,992,1139,1292,1343]
[0,78,248,387,578,992,1139,1343]
[0,326,1343]
[0,128,1343]
[0,248,387,992,1084,1343]
[0,248,387,992,1139,1343]
[0,248,992,1139,1343]
[0,387,578,992,1343]
[0,78,135,387,578,992,1084,1292,1343]
[0,135,248,387,578,992,1343]
[0,248,389,1343]
[0,248,992,1343]
[0,78,248,387,578,992,1139,1292,1343]
[0,248,387,578,992,1084,1343]
[0,110,1343]
[0,248,387,578,992,1139,1343]
[0,248,387,578,992,1343]
[0,128,387,992,1084,1343]
[0,248,992,1084,1343]
[0,387,1343]
[0,326,992,1343]
[0,135,387,992,1084,1343]
[0,110,326,1343]
[0,135,387,578,992,1084,1292,1343]
[0,578,992,1343]
[0,248,578,992,1343]
[0,992,1343]
[0,135,387,578,992,1084,1343]
[0,578,1343]
[0,128,387,1343]
[0,248,1343]
[0,110,326,992,1343]
[0,274,1343]
[0,78,135,248,387,578,992,1084,1292,1343]
[0,78,248,992,1084,1343]
[0,387,992,1343]
[0,78,248,992,1139,1343]
[0,135,387,1343]
[0,135,387,578,992,1343]
[0,78,248,387,992,1084,1292,1343]
[0,78,248,387,578,992,1084,1292,1343]
[0,248,578,992,1139,1343]
[0,78,135,248,387,578,992,1084,1343]
[0,78,248,992,1343]
[0,135,248,387,578,992,1084,1343]
[0,128,387,992,1343]
[0,78,248,1343]
[0,110,326,992,1139,1343]
