[0,1979,2405,2956]
[0,191,636,893,1979,2494,2956]
[0,191,636,893,1979,2494,2635,2956]
[0,275,893,2956]
[0,636,893,1979,2494,2956]
[0,636,1979,2405,2956]
[0,1979,2956]
[0,191,636,893,1979,2405,2635,2956]
[0,275,636,893,2956]
[0,636,893,1979,2956]
[0,275,893,1979,2494,2956]
[0,636,893,1979,2405,2956]
[0,636,893,1979,2494,2635,2956]
[0,275,636,893,1979,2494,2635,2956]
[0,636,893,2956]
[0,893,1979,2956]
[0,636,2956]
[0,275,2956]
[0,275,636,893,1979,2956]
[0,275,1979,2956]
[0,191,1979,2494,2956]
[0,1979,2494,2956]
[0,636,893,1979,2405,2635,2956]
[0,636,1979,2494,2956]
[0,275,636,893,1979,2494,2956]
[0,893,2956]
[0,893,1979,2494,2956]
[0,275,1979,2494,2956]
[0,275,893,1979,2956]
[0,636,1979,2956]
