[0,509,920,1046]
[0,509,603,778,871,920,1046]
[0,509,603,1046]
[0,509,603,686,750,871,920,972,1046]
[0,509,603,686,750,871,972,1046]
[0,509,603,686,871,972,1046]
[0,509,603,686,1046]
[0,509,603,972,1046]
[0,509,686,1046]
[0,509,871,1046]
[0,509,603,871,972,1046]
[0,509,603,686,778,871,972,1046]
[0,509,686,871,1046]
[0,509,1046]
[0,509,603,778,871,972,1046]
[0,509,603,778,871,1046]
[0,509,603,686,778,871,1046]
[0,509,603,686,750,871,1046]
[0,509,603,686,871,920,1046]
[0,509,603,686,920,1046]
[0,509,603,686,871,1046]
[0,509,603,686,750,871,920,1046]
[0,572,1046]
[0,509,603,920,1046]
[0,509,603,871,920,1046]
[0,509,603,686,778,871,920,972,1046]
[0,509,603,686,778,871,920,1046]
[0,509,603,871,1046]
[0,871,1046]
[0,509,603,686,750,1046]
