[0,241,672,1556,2020]
[0,241,672,1557,2020]
[0,672,1556,2020]
[0,114,241,697,1253,1335,1557,1939,2020]
[0,114,241,697,1253,1557,2020]
[0,672,1557,2020]
[0,241,1557,2020]
[0,241,697,1253,1557,2020]
[0,672,2020]
[0,241,697,1253,1398,1557,2020]
[0,114,241,697,1253,1335,1557,2020]
[0,697,2020]
[0,114,241,697,1557,2020]
[0,697,1253,1557,2020]
[0,241,697,1557,2020]
[0,241,1556,2020]
[0,697,1557,2020]
[0,114,241,697,1253,1398,1557,1939,2020]
[0,114,241,697,1253,1557,1939,2020]
[0,114,241,697,1253,1398,1557,2020]
[0,1556,2020]
[0,1557,2020]
[0,241,2020]
