[0,91,651,1342,1629,2066,2673,2824]
[0,651,1342,1629,2066,2673,2824]
[0,651,1342,1629,2066,2824]
[0,1342,2824]
[0,2066,2824]
[0,1285,2547,2824]
[0,1342,2547,2824]
[0,651,1342,1629,2066,2548,2673,2824]
[0,651,1342,2066,2673,2824]
[0,91,651,1342,2066,2673,2824]
[0,651,1342,2066,2547,2673,2824]
[0,91,651,1342,2066,2548,2673,2824]
[0,91,651,1342,2066,2824]
[0,617,1342,2066,2824]
[0,617,1342,2824]
[0,91,651,1342,1629,2066,2548,2673,2824]
[0,1342,2066,2673,2824]
[0,651,1342,1629,2066,2547,2673,2824]
[0,617,1342,2066,2590,2824]
[0,1342,2066,2824]
[0,91,651,1342,2066,2547,2673,2824]
[0,617,1342,2547,2824]
[0,91,651,1342,1629,2066,2590,2824]
[0,651,1342,1629,2066,2590,2824]
[0,651,1342,2066,2824]
[0,651,1342,2066,2548,2673,2824]
[0,91,651,1342,1629,2066,2547,2673,2824]
[0,1285,2824]
[0,651,1342,2066,2590,2824]
[0,91,651,1342,2066,2590,2824]
