[0,1628,1827,2017]
[0,679,1153,2017]
[0,255,1153,1443,2017]
[0,255,1153,1443,1827,1956,2017]
[0,777,1153,1443,1827,2017]
[0,358,777,1433,2017]
[0,255,679,1153,1628,1827,2017]
[0,1757,2017]
[0,255,679,1153,1628,2017]
[0,255,679,1153,1443,1827,1956,2017]
[0,1153,1604,1827,2017]
[0,1153,1443,1827,2017]
[0,1153,1433,2017]
[0,679,1103,1153,1443,1827,2017]
[0,361,1433,2017]
[0,255,777,1153,1443,1827,2017]
[0,358,777,1153,1433,2017]
[0,1153,2017]
[0,1604,2017]
[0,358,1153,1433,1827,2017]
[0,361,1153,1433,2017]
[0,358,1153,1433,2017]
[0,1103,1153,1433,1827,2017]
[0,679,1153,1443,2017]
[0,679,2017]
[0,1103,1153,1443,2017]
[0,358,1433,2017]
[0,255,777,1153,1443,1827,1956,2017]
[0,1604,1827,2017]
[0,679,1153,1628,2017]
[0,361,1153,1433,1827,2017]
[0,1153,1628,2017]
[0,1153,1707,2017]
[0,255,1153,1443,1827,2017]
[0,361,1153,1604,1827,2017]
[0,255,679,1153,1443,1827,2017]
[0,255,777,1103,1153,1443,1827,1956,2017]
[0,255,777,1103,1153,1443,1827,2017]
[0,679,1443,2017]
[0,777,1443,2017]
[0,255,679,1153,1443,2017]
[0,777,1103,1153,1443,1827,2017]
[0,679,1153,1443,1827,2017]
[0,1827,2017]
[0,1153,1757,2017]
[0,777,1153,1433,2017]
[0,255,1153,1757,2017]
[0,777,1103,1153,1433,2017]
[0,1103,1153,1433,2017]
[0,1433,2017]
[0,777,2017]
[0,1153,1628,1827,2017]
[0,358,777,1103,1153,1433,1827,2017]
[0,255,1757,2017]
[0,255,777,1153,1443,2017]
[0,777,1153,1443,2017]
[0,255,679,1103,1153,1443,1827,1956,2017]
[0,1628,2017]
[0,1443,2017]
[0,1103,1153,1443,1827,2017]
[0,358,777,1103,1153,1433,2017]
[0,255,1153,1628,1827,2017]
[0,1153,1433,1827,2017]
[0,255,679,1103,1153,1443,1827,2017]
[0,777,1433,2017]
[0,1707,2017]
[0,1153,1604,2017]
[0,1153,1443,2017]
[0,361,1153,1604,2017]
[0,1153,1443,1827,1956,2017]
[0,1678,2017]
[0,358,777,1153,1433,1827,2017]
[0,255,1153,1628,2017]
