[0,239,556,1046]
[0,276,681,838,1046]
[0,198,843,1046]
[0,182,239,358,553,693,838,970,1046]
[0,85,239,358,553,693,838,970,1046]
[0,182,358,556,681,838,1046]
[0,276,681,1046]
[0,239,681,838,1046]
[0,276,553,1046]
[0,276,693,838,1046]
[0,85,239,553,693,838,1046]
[0,681,1046]
[0,182,276,556,1046]
[0,239,358,553,693,838,1046]
[0,182,239,358,556,681,838,1046]
[0,182,358,553,693,838,1046]
[0,276,556,681,1046]
[0,182,276,553,693,1046]
[0,198,290,1046]
[0,239,553,1046]
[0,198,556,1046]
[0,182,239,358,553,693,838,1046]
[0,239,556,681,1046]
[0,182,276,556,681,838,1046]
[0,276,693,1046]
[0,182,358,693,838,1046]
[0,843,1046]
[0,182,276,553,693,838,1046]
[0,182,276,556,681,1046]
[0,182,358,556,682,838,970,1046]
[0,276,553,693,838,1046]
[0,693,1046]
[0,182,358,681,838,1046]
[0,182,276,553,693,838,970,1046]
[0,198,556,681,843,1046]
[0,182,358,553,693,838,970,1046]
[0,182,239,556,682,838,1046]
[0,239,553,693,838,1046]
[0,198,290,843,1046]
[0,182,358,681,1046]
[0,682,1046]
[0,239,838,1046]
[0,182,1046]
[0,85,182,239,358,553,693,838,970,1046]
[0,556,843,1046]
[0,85,182,239,358,553,652,693,838,970,1046]
[0,239,556,682,1046]
[0,198,556,681,1046]
[0,182,358,682,838,1046]
[0,556,1046]
[0,239,693,838,1046]
[0,239,1046]
[0,239,556,682,838,1046]
[0,182,239,556,682,1046]
[0,182,276,1046]
[0,182,681,1046]
[0,276,1046]
[0,182,358,556,681,1046]
[0,182,239,556,681,1046]
[0,276,556,681,838,1046]
[0,553,1046]
[0,239,553,693,1046]
[0,182,358,682,1046]
[0,182,358,693,1046]
[0,182,276,556,681,838,970,1046]
[0,182,358,556,681,838,970,1046]
[0,182,239,358,553,652,693,838,970,1046]
[0,182,239,358,556,682,838,1046]
[0,198,556,843,1046]
[0,198,1046]
[0,239,556,681,838,1046]
[0,182,239,358,556,681,838,970,1046]
[0,198,290,652,843,1046]
[0,276,553,693,1046]
[0,239,682,838,1046]
[0,182,276,553,1046]
[0,182,693,1046]
[0,85,239,358,553,693,838,1046]
[0,182,682,1046]
[0,182,358,556,682,1046]
[0,182,239,556,681,838,1046]
[0,182,239,358,556,682,838,970,1046]
[0,182,358,1046]
[0,182,358,556,682,838,1046]
[0,198,290,556,681,843,1046]
[0,198,652,843,1046]
[0,276,556,1046]
[0,182,239,553,693,838,1046]
[0,198,290,556,681,1046]
