[0,1891,3489,4758]
[0,150,1256,1891,3489,4614,4758]
[0,1408,3489,4758]
[0,1408,1891,3012,3772,4758]
[0,1408,4758]
[0,150,1256,1891,3012,4758]
[0,1408,1891,3489,4758]
[0,150,1408,1891,2914,3489,3772,4758]
[0,150,1408,1891,3012,3489,3772,4154,4614,4758]
[0,150,1256,1891,3489,3772,4154,4758]
[0,150,1256,1891,3012,3489,3772,4154,4614,4758]
[0,1256,1891,3012,3772,4758]
[0,150,1408,4758]
[0,150,1408,3489,3772,4154,4758]
[0,1256,1891,3489,4154,4758]
[0,1891,2914,4758]
[0,1256,1891,3012,3772,4154,4758]
[0,150,1408,1891,2914,3772,4758]
[0,150,1256,4758]
[0,1408,1891,3489,3772,4154,4758]
[0,1256,1891,4758]
[0,1891,3489,4154,4758]
[0,150,1408,1891,2914,3489,3772,4154,4758]
[0,1408,3489,3772,4154,4758]
[0,150,1891,3489,4758]
[0,150,1408,3489,3772,4758]
[0,150,1256,1891,3012,3489,3772,4758]
[0,1256,1891,3012,3489,3772,4758]
[0,1255,4758]
[0,1891,2914,3772,4758]
[0,150,1408,1891,2914,4758]
[0,1408,3772,4154,4758]
[0,150,1408,1891,3012,3489,3772,4154,4758]
[0,1891,3012,4758]
[0,1891,3489,3772,4758]
[0,1256,1891,3489,3772,4758]
[0,1891,2914,3489,3772,4758]
[0,1256,1891,3489,3772,4154,4758]
[0,150,1891,3012,4758]
[0,1256,4758]
[0,1891,3012,3772,4154,4758]
[0,1256,1891,3012,3489,3772,4154,4758]
[0,1891,3012,3489,3772,4758]
[0,1408,3489,3772,4758]
[0,1891,3489,3772,4154,4758]
[0,150,1256,1891,4758]
[0,150,1408,1891,3489,3772,4154,4758]
[0,1408,1891,3012,3489,3772,4154,4758]
[0,150,1256,1891,3012,3489,3772,4154,4758]
[0,150,1256,1891,3489,4758]
[0,1256,1891,3012,4758]
[0,1408,1891,2914,3772,4758]
[0,1408,1891,2914,4758]
[0,1891,3012,3772,4758]
[0,150,1408,1891,3489,4758]
[0,150,1408,3489,4758]
[0,150,1408,1891,2914,3489,3772,4154,4614,4758]
[0,1408,1891,3012,3772,4154,4758]
[0,150,1256,1891,3489,3772,4758]
[0,1891,4758]
[0,1408,4154,4758]
[0,150,4758]
[0,1408,1891,2914,3489,3772,4758]
[0,1408,1891,3489,4154,4758]
[0,1256,1891,3489,4758]
[0,1408,1891,2914,3489,3772,4154,4758]
[0,150,1891,3489,3772,4758]
[0,150,1891,2914,4758]
[0,150,1891,4758]
[0,1891,3012,3489,3772,4154,4758]
[0,1891,2914,3489,3772,4154,4758]
[0,1408,1891,2914,3772,4154,4758]
[0,1891,2914,3772,4154,4758]
