[0,315,1532,2211]
[0,315,538,809,1532,2126,2211]
[0,315,538,809,1532,2211]
[0,315,538,809,1330,1532,1986,2211]
[0,809,2211]
[0,538,809,2211]
[0,315,538,809,2126,2211]
[0,315,809,1532,1986,2211]
[0,315,809,1532,2211]
[0,315,809,1532,1768,2211]
[0,315,538,809,941,1532,1768,2211]
[0,126,538,809,2211]
[0,315,538,809,1532,1768,1986,2211]
[0,315,538,809,1330,1532,2211]
[0,538,2211]
[0,315,809,2211]
[0,1330,2211]
[0,538,1330,2211]
[0,126,538,2211]
[0,809,1532,2211]
[0,126,538,1330,2211]
[0,315,538,809,941,1532,2126,2211]
[0,315,538,809,941,2211]
[0,315,538,2211]
[0,126,2211]
[0,315,538,809,1330,1532,2126,2211]
[0,315,2211]
[0,315,1532,1986,2211]
[0,315,1532,1768,2211]
[0,315,538,809,2211]
[0,315,538,809,1532,1986,2211]
[0,315,538,809,1532,1768,2211]
[0,315,538,809,941,1532,1768,2126,2211]
[0,315,538,809,941,1532,2211]
[0,1532,2211]
[0,321,2211]
