[0,763,872,940,1018,1343]
[0,437,763,940,1253,1343]
[0,763,940,1018,1253,1343]
[0,763,872,940,1018,1253,1343]
[0,940,1018,1295,1343]
[0,437,763,872,940,1018,1295,1343]
[0,437,1343]
[0,940,1018,1253,1343]
[0,437,763,872,940,1018,1253,1343]
[0,437,940,1343]
[0,940,1018,1343]
[0,763,940,1018,1343]
[0,940,1343]
[0,437,763,940,1018,1343]
[0,940,1253,1343]
[0,437,763,872,940,1018,1343]
[0,763,940,1343]
[0,763,940,1018,1295,1343]
[0,437,763,940,1018,1253,1343]
[0,386,437,763,872,940,1018,1295,1343]
[0,763,872,940,1018,1295,1343]
[0,386,437,763,872,940,1018,1343]
[0,386,437,763,872,940,1018,1253,1343]
[0,437,763,940,1343]
[0,763,940,1253,1343]
