[0,668,1047,2017]
[0,767,1032,2017]
[0,565,850,995,1171,1826,2017]
[0,165,668,1171,1826,2017]
[0,165,512,668,850,1171,1826,2017]
[0,850,1171,1826,2017]
[0,165,850,2017]
[0,165,850,1171,1826,2017]
[0,850,2017]
[0,668,1171,1826,2017]
[0,318,565,668,767,850,995,1171,1826,2017]
[0,173,767,1032,1826,2017]
[0,1171,2017]
[0,318,668,850,1171,1826,2017]
[0,318,565,850,995,1171,1826,2017]
[0,565,850,1171,2017]
[0,165,850,1826,2017]
[0,512,850,1171,2017]
[0,512,668,850,995,1171,1826,2017]
[0,850,1171,2017]
[0,165,512,668,767,850,995,1171,1826,2017]
[0,165,668,850,995,1171,1826,2017]
[0,318,565,850,1171,1826,2017]
[0,565,1171,1826,2017]
[0,512,1171,2017]
[0,792,1826,2017]
[0,792,2017]
[0,512,767,850,995,1171,1826,2017]
[0,512,668,767,850,995,1171,1826,2017]
[0,165,512,668,850,995,1171,1826,2017]
[0,173,668,1047,1826,2017]
[0,165,512,850,995,1171,1826,2017]
[0,173,850,1826,2017]
[0,165,668,850,1171,1826,2017]
[0,318,565,850,1171,2017]
[0,565,850,1171,1826,2017]
[0,565,2017]
[0,668,1171,2017]
[0,512,2017]
[0,318,668,1171,2017]
[0,850,1826,2017]
[0,668,850,1171,1826,2017]
[0,512,850,1171,1826,2017]
[0,512,850,995,1171,1826,2017]
[0,173,850,2017]
[0,318,668,1171,1826,2017]
[0,318,565,668,850,995,1171,1826,2017]
[0,565,1171,2017]
[0,668,850,995,1171,1826,2017]
[0,668,1047,1826,2017]
[0,512,1171,1826,2017]
[0,173,668,1171,1826,2017]
[0,767,1032,1826,2017]
[0,767,2017]
[0,165,512,850,1171,1826,2017]
[0,668,2017]
[0,318,668,850,995,1171,1826,2017]
[0,318,565,767,850,995,1171,1826,2017]
[0,512,668,850,1171,1826,2017]
