[0,470,2120]
[0,275,470,680,1384,1587,1702,2120]
[0,1302,2120]
[0,941,2120]
[0,275,612,1302,1587,1749,2120]
[0,289,579,704,1587,1749,1981,2120]
[0,612,1302,2120]
[0,275,456,612,1302,1587,1749,1981,2120]
[0,275,456,612,1302,1587,1749,2120]
[0,275,470,680,1384,1587,1981,2120]
[0,275,456,612,1587,1749,2120]
[0,275,680,1384,1702,2120]
[0,568,1384,2120]
[0,275,680,1587,2120]
[0,579,1384,2120]
[0,289,568,2120]
[0,289,612,2120]
[0,275,579,1587,2120]
[0,289,612,1587,2120]
[0,579,2120]
[0,612,2120]
[0,275,470,1384,2120]
[0,289,579,2120]
[0,275,470,680,1384,1587,1702,1981,2120]
[0,275,680,1384,2120]
[0,638,1384,2120]
[0,470,941,1587,2120]
[0,275,579,1384,1587,1702,2120]
[0,275,579,1384,1702,2120]
[0,1587,2120]
[0,289,680,2120]
[0,289,612,1587,1749,2120]
[0,680,2120]
[0,275,470,579,680,1384,1587,1702,1981,2120]
[0,612,1302,1587,2120]
[0,275,579,1384,1587,1981,2120]
[0,275,470,941,1587,2120]
[0,275,470,680,1587,2120]
[0,579,1384,1702,2120]
[0,470,1587,2120]
[0,275,470,941,1384,2120]
[0,289,680,1384,2120]
[0,275,638,2120]
[0,680,1587,2120]
[0,364,579,1587,2120]
[0,364,579,2120]
[0,579,1587,2120]
[0,275,579,1384,1587,1702,1981,2120]
[0,680,1384,2120]
[0,289,491,680,1384,2120]
[0,275,470,680,1587,1702,2120]
[0,289,491,680,2120]
[0,289,470,612,1302,1587,1749,2120]
[0,275,470,2120]
[0,275,470,638,1384,2120]
[0,289,470,612,1587,1749,2120]
[0,275,612,1302,2120]
[0,470,1384,2120]
[0,289,579,1587,1749,1981,2120]
[0,275,579,1587,1702,2120]
[0,289,470,612,1302,1587,1749,1981,2120]
[0,275,680,1384,1587,2120]
[0,275,470,680,2120]
[0,275,941,1587,2120]
[0,289,579,704,1587,2120]
[0,289,612,1302,1587,1749,2120]
[0,612,1587,2120]
[0,470,941,2120]
[0,275,579,680,1384,1587,1702,1981,2120]
[0,289,579,704,1587,1749,2120]
[0,275,579,680,1384,1587,1702,2120]
[0,275,579,680,1587,2120]
[0,568,2120]
[0,1028,2120]
[0,275,579,680,1587,1702,2120]
[0,941,1587,2120]
[0,289,579,1587,1749,2120]
[0,1384,2120]
[0,275,579,1384,1981,2120]
[0,638,2120]
[0,275,579,1384,2120]
[0,275,470,941,2120]
[0,275,612,1587,1749,2120]
[0,275,579,2120]
[0,275,612,2120]
[0,680,1384,1702,2120]
[0,275,470,680,1384,1702,2120]
[0,275,612,1302,1587,2120]
[0,289,568,1384,2120]
[0,275,612,1587,2120]
[0,470,941,1384,2120]
[0,275,579,1384,1587,2120]
[0,275,638,1384,2120]
[0,470,1028,2120]
[0,275,470,680,1384,2120]
[0,289,470,579,704,1587,1749,1981,2120]
[0,275,680,2120]
[0,289,612,1302,2120]
[0,289,579,1587,2120]
[0,275,470,680,1384,1587,2120]
[0,275,470,680,1384,1981,2120]
[0,289,612,1302,1587,2120]
