[0,502,628,1046]
[0,350,502,795,988,1046]
[0,350,502,628,795,852,984,1046]
[0,350,502,795,852,984,1046]
[0,628,1046]
[0,795,1046]
[0,795,852,984,1046]
[0,350,795,852,984,1046]
[0,795,852,988,1046]
[0,350,502,795,852,988,1046]
[0,350,502,628,795,1046]
[0,984,1046]
[0,350,795,1046]
[0,350,795,852,988,1046]
[0,852,1046]
[0,350,795,984,1046]
[0,988,1046]
[0,350,1046]
[0,350,795,988,1046]
[0,350,502,628,795,984,1046]
[0,795,852,1046]
[0,795,984,1046]
[0,795,988,1046]
[0,350,502,795,984,1046]
[0,400,852,1046]
[0,400,1046]
[0,350,502,1046]
[0,350,502,628,1046]
[0,350,502,795,1046]
