[0,503,1046]
[0,503,687,856,1046]
[0,107,503,687,1046]
[0,107,503,944,1046]
[0,107,503,856,1046]
[0,107,503,708,856,944,1046]
[0,107,503,599,856,1046]
[0,107,503,687,856,1046]
[0,107,503,687,944,1046]
[0,107,249,295,503,599,856,944,998,1046]
[0,107,295,503,687,1046]
[0,254,1046]
[0,107,249,295,503,599,856,944,1046]
[0,503,599,856,944,1046]
[0,503,599,1046]
[0,107,503,599,856,944,1046]
[0,107,295,503,599,856,1046]
[0,503,687,1046]
[0,503,708,856,944,1046]
[0,107,295,503,687,944,1046]
[0,503,856,1046]
[0,107,295,503,1046]
[0,503,856,944,1046]
[0,503,944,1046]
[0,107,295,503,856,1046]
[0,107,503,687,856,944,1046]
[0,249,295,503,599,856,944,1046]
[0,295,503,687,1046]
[0,107,503,708,856,1046]
[0,295,503,1046]
[0,254,944,1046]
[0,107,295,503,944,1046]
[0,107,295,503,599,856,944,1046]
[0,295,503,856,1046]
[0,856,1046]
[0,503,708,1046]
[0,107,503,599,856,944,998,1046]
[0,856,944,1046]
[0,503,599,856,1046]
[0,107,295,503,599,856,944,998,1046]
[0,503,687,856,944,1046]
[0,295,503,944,1046]
[0,295,503,687,944,1046]
[0,295,503,599,856,944,1046]
[0,107,503,1046]
[0,503,708,856,1046]
[0,891,1046]
[0,295,503,599,856,1046]
