[0,147,220,449,837,1012,1106,1197]
[0,147,449,837,1012,1080,1197]
[0,147,220,505,837,1012,1197]
[0,433,837,1035,1197]
[0,433,1035,1080,1146,1197]
[0,505,1035,1080,1146,1197]
[0,433,837,1035,1080,1146,1197]
[0,505,837,1012,1146,1197]
[0,449,837,1012,1080,1146,1197]
[0,147,505,837,1035,1080,1146,1197]
[0,147,220,505,837,1035,1080,1146,1197]
[0,147,220,433,505,837,1035,1080,1146,1197]
[0,505,1035,1197]
[0,433,1035,1146,1197]
[0,147,220,433,505,837,1012,1197]
[0,147,220,433,837,1035,1080,1146,1197]
[0,433,837,1035,1146,1197]
[0,433,1035,1197]
[0,147,220,505,837,1035,1197]
[0,505,837,1035,1080,1146,1197]
[0,449,837,1012,1106,1197]
[0,505,1197]
[0,837,1197]
[0,1035,1197]
[0,449,837,1012,1197]
[0,147,220,433,505,837,1035,1197]
[0,147,220,505,837,1035,1146,1197]
[0,449,837,1197]
[0,505,837,1012,1197]
[0,505,837,1146,1197]
[0,449,1197]
[0,147,433,837,1035,1080,1146,1197]
[0,147,220,505,837,1012,1080,1146,1197]
[0,147,220,433,837,1035,1197]
[0,147,505,837,1012,1080,1146,1197]
[0,147,449,837,1012,1080,1146,1197]
[0,449,837,1146,1197]
[0,147,220,433,505,837,1035,1146,1197]
[0,147,449,837,1012,1197]
[0,147,220,433,505,837,1012,1080,1146,1197]
[0,147,220,449,837,1012,1197]
[0,147,220,433,837,1035,1146,1197]
[0,147,449,837,1012,1106,1197]
[0,147,220,505,837,1012,1080,1197]
[0,505,837,1012,1080,1197]
[0,147,433,837,1035,1146,1197]
[0,433,837,1197]
[0,147,505,837,1012,1080,1197]
[0,147,505,837,1035,1197]
[0,449,837,1012,1080,1197]
[0,449,837,1012,1146,1197]
[0,505,837,1197]
[0,433,1035,1080,1197]
[0,433,1197]
[0,505,837,1035,1197]
[0,433,837,1146,1197]
[0,147,505,837,1035,1146,1197]
[0,147,220,433,505,837,1012,1080,1197]
[0,505,837,1012,1080,1146,1197]
[0,505,1035,1080,1197]
[0,505,1035,1146,1197]
[0,505,837,1035,1146,1197]
[0,147,220,449,837,1012,1080,1197]
[0,147,433,837,1035,1197]
[0,147,220,449,837,1012,1080,1146,1197]
[0,449,1035,1197]
[0,147,505,837,1012,1197]
