[0,123,339,1245,1394,2189]
[0,339,1054,1394,1887,2189]
[0,123,339,687,1054,1245,1394,1741,1887,2189]
[0,636,1324,2189]
[0,1054,2189]
[0,511,636,2189]
[0,123,180,1054,1245,1394,1741,1887,2189]
[0,1245,1394,1887,2189]
[0,123,2189]
[0,134,2189]
[0,1054,1245,1394,1741,1887,2189]
[0,636,813,1394,1741,1887,2189]
[0,123,1324,2189]
[0,636,813,1394,1887,2189]
[0,1394,1887,2189]
[0,339,511,1245,1394,2189]
[0,813,1394,2189]
[0,636,813,2189]
[0,339,511,1394,2189]
[0,123,636,813,1249,1394,1741,1887,2189]
[0,123,180,1054,1245,1394,1887,2189]
[0,339,687,1054,1245,1394,1887,2189]
[0,339,1324,2189]
[0,687,1104,1768,2189]
[0,123,203,1741,2189]
[0,123,339,511,636,813,1394,2189]
[0,1054,1245,1394,2189]
[0,123,339,1324,2189]
[0,687,1054,1394,2189]
[0,123,339,636,813,1324,2189]
[0,123,1054,1245,1394,1741,1887,2189]
[0,123,1741,1887,2189]
[0,123,636,813,1394,1741,1887,2189]
[0,123,813,1741,1887,2189]
[0,339,511,2189]
[0,123,339,813,1324,2189]
[0,1394,2189]
[0,511,1245,1394,2189]
[0,123,203,813,1741,1887,2189]
[0,123,180,1394,2189]
[0,339,1245,1394,2189]
[0,339,511,1054,1245,1394,2189]
[0,339,636,813,1249,1394,2189]
[0,123,203,636,813,1394,1741,1887,2189]
[0,339,1054,1245,1394,1741,1887,2189]
[0,339,813,1324,2189]
[0,1104,1768,2189]
[0,123,339,636,813,1249,1394,2189]
[0,813,1741,2189]
[0,1768,2189]
[0,123,339,511,1245,1394,2189]
[0,339,687,1054,1245,1394,2189]
[0,687,1394,2189]
[0,123,1054,1245,1394,2189]
[0,134,1324,2189]
[0,339,511,636,813,1394,2189]
[0,123,339,1394,2189]
[0,687,2189]
[0,636,813,1249,1394,2189]
[0,123,339,636,813,1394,2189]
[0,339,1054,1245,1394,2189]
[0,339,511,1054,1394,2189]
[0,123,1054,2189]
[0,123,180,339,1054,1245,1394,1741,1887,2189]
[0,123,636,813,2189]
[0,123,180,2189]
[0,123,1245,1394,1887,2189]
[0,511,2189]
[0,1741,2189]
[0,636,813,1394,2189]
[0,123,339,511,636,1394,2189]
[0,813,1324,2189]
[0,123,339,1054,1245,1394,2189]
[0,123,339,687,1394,2189]
[0,339,687,1054,1394,1887,2189]
[0,339,687,1394,1887,2189]
[0,1054,1394,1887,2189]
[0,339,687,1324,2189]
[0,1054,1394,2189]
[0,123,203,636,813,1249,1394,1741,1887,2189]
[0,123,1394,1741,2189]
[0,1245,1394,2189]
[0,339,1104,2189]
[0,134,1104,1768,2189]
[0,134,1768,2189]
[0,123,339,511,1394,2189]
[0,339,687,1394,2189]
[0,636,1394,2189]
[0,636,813,1741,1887,2189]
[0,1741,1887,2189]
[0,123,339,687,792,1394,2189]
[0,123,180,1245,1394,2189]
[0,636,813,1249,1394,1741,1887,2189]
[0,339,511,636,1394,2189]
[0,636,1394,1887,2189]
[0,123,1394,2189]
[0,339,1394,2189]
[0,636,813,1741,2189]
[0,1104,2189]
[0,123,203,1741,1887,2189]
[0,339,687,1054,1245,1394,1741,1887,2189]
[0,123,203,2189]
[0,339,511,813,1394,2189]
[0,1324,2189]
[0,123,1245,1394,1741,1887,2189]
[0,123,180,1054,1245,1394,2189]
[0,339,636,813,1324,2189]
[0,687,1324,2189]
[0,123,339,511,1054,1245,1394,2189]
[0,813,2189]
[0,123,180,339,687,1054,1245,1394,1741,1887,2189]
[0,123,339,1054,1245,1394,1741,1887,2189]
[0,339,636,813,1394,2189]
[0,687,1768,2189]
[0,123,1741,2189]
[0,339,1054,1394,2189]
[0,1394,1741,2189]
[0,123,1245,1394,2189]
[0,123,339,511,636,2189]
[0,511,1394,2189]
[0,1245,1394,1741,1887,2189]
[0,511,636,1394,2189]
[0,123,339,813,1394,2189]
[0,339,511,636,2189]
[0,123,1054,1245,1394,1887,2189]
[0,123,339,687,1054,1245,1394,2189]
[0,339,1394,1887,2189]
[0,123,339,1054,1245,1394,1887,2189]
[0,123,636,813,1741,2189]
[0,813,1741,1887,2189]
[0,1054,1245,1394,1887,2189]
[0,123,339,687,1324,2189]
[0,339,813,1394,2189]
[0,123,339,511,2189]
[0,339,687,1054,1394,2189]
[0,123,203,636,813,1741,1887,2189]
[0,339,1054,1245,1394,1887,2189]
[0,134,687,1104,1768,2189]
[0,636,813,1324,2189]
[0,123,636,813,1741,1887,2189]
