[0,124,486,711,1046]
[0,124,486,711,891,975,1046]
[0,711,891,975,1046]
[0,124,398,486,711,891,1046]
[0,124,711,891,1046]
[0,711,1046]
[0,124,486,711,888,975,1046]
[0,124,398,486,711,888,975,1046]
[0,124,1046]
[0,124,486,711,888,1046]
[0,124,486,711,891,1046]
[0,711,888,975,1046]
[0,486,711,891,1046]
[0,124,398,486,711,891,975,1046]
[0,124,554,1046]
[0,486,711,1046]
[0,711,888,1046]
[0,486,711,888,975,1046]
[0,486,711,888,1046]
[0,554,1046]
[0,367,1046]
[0,711,891,1046]
[0,486,711,891,975,1046]
[0,124,398,486,711,888,1046]
