[0,438,586,782,969]
[0,78,438,531,587,687,782,893,969]
[0,78,438,531,587,687,782,969]
[0,473,586,687,782,969]
[0,473,969]
[0,438,587,969]
[0,587,969]
[0,78,508,586,782,896,969]
[0,473,586,687,969]
[0,78,587,782,969]
[0,508,586,782,969]
[0,78,508,586,782,969]
[0,438,587,687,782,969]
[0,78,438,587,782,893,969]
[0,78,969]
[0,78,438,587,782,969]
[0,78,438,587,687,782,969]
[0,78,473,586,687,782,896,969]
[0,438,587,782,969]
[0,78,438,587,687,782,896,969]
[0,78,438,586,782,969]
[0,78,438,586,782,896,969]
[0,508,969]
[0,78,473,586,687,782,969]
[0,438,586,969]
[0,78,438,587,687,969]
[0,438,782,969]
[0,782,969]
[0,78,438,531,587,687,782,896,969]
[0,473,586,969]
[0,438,587,687,969]
[0,78,438,531,587,687,969]
[0,78,473,586,687,969]
[0,587,782,969]
[0,78,782,969]
[0,508,782,969]
[0,508,586,969]
[0,438,969]
[0,78,438,587,687,782,893,969]
