[0,220,403,2017]
[0,403,1548,2017]
[0,384,1925,2017]
[0,997,1548,2017]
[0,384,807,2017]
[0,403,1419,1548,2017]
[0,236,384,807,1925,2017]
[0,236,384,997,1925,2017]
[0,236,384,997,1548,1925,2017]
[0,403,2017]
[0,236,384,2017]
[0,220,403,1250,2017]
[0,220,437,1250,1925,2017]
[0,220,403,1419,1548,1925,2017]
[0,384,1548,2017]
[0,997,2017]
[0,236,384,997,1548,2017]
[0,220,403,1925,2017]
[0,437,1250,2017]
[0,437,997,2017]
[0,250,853,2017]
[0,220,437,997,2017]
[0,403,1250,2017]
[0,236,384,997,1466,1548,1925,2017]
[0,236,384,997,2017]
[0,1250,2017]
[0,403,1419,2017]
[0,1419,2017]
[0,403,1419,1548,1925,2017]
[0,220,437,2017]
[0,220,437,1250,2017]
[0,336,2017]
[0,437,2017]
[0,250,2017]
[0,437,1925,2017]
[0,384,997,1548,2017]
[0,403,1925,2017]
[0,220,403,1250,1925,2017]
[0,220,403,1548,2017]
[0,250,1925,2017]
[0,384,997,2017]
[0,236,384,1925,2017]
[0,807,2017]
[0,236,384,807,2017]
[0,403,1419,1925,2017]
[0,220,403,1419,1548,2017]
[0,220,437,997,1925,2017]
[0,853,2017]
[0,220,437,1925,2017]
[0,1548,2017]
[0,384,2017]
[0,250,853,1925,2017]
