[0,124,331,1186,1264]
[0,222,998,1186,1264]
[0,121,222,998,1186,1264]
[0,121,222,307,363,998,1186,1264]
[0,121,222,307,998,1186,1264]
[0,124,331,1264]
[0,222,307,762,1186,1264]
[0,222,307,1264]
[0,222,998,1264]
[0,121,1264]
[0,222,307,762,1264]
[0,121,222,307,1264]
[0,121,998,1264]
[0,121,222,998,1264]
[0,124,331,1179,1264]
[0,331,998,1264]
[0,121,222,307,998,1264]
[0,124,331,998,1264]
[0,222,1264]
[0,1186,1264]
[0,762,1186,1264]
[0,222,762,1264]
[0,121,222,307,363,1264]
[0,222,762,1179,1264]
[0,331,762,1264]
[0,124,331,762,1179,1264]
[0,124,331,762,1264]
[0,222,307,1186,1264]
[0,1179,1264]
[0,762,1179,1264]
[0,121,222,307,1186,1264]
[0,121,222,307,363,1186,1264]
[0,222,307,998,1186,1264]
[0,998,1264]
[0,222,1186,1264]
[0,124,1264]
[0,121,222,1186,1264]
[0,124,1179,1264]
[0,124,331,998,1186,1264]
[0,331,1264]
[0,998,1186,1264]
[0,222,1179,1264]
[0,762,1264]
[0,222,307,998,1264]
[0,121,222,1264]
