[0,210,287,476,1046]
[0,210,287,476,682,1046]
[0,147,210,476,1046]
[0,54,210,287,476,682,1046]
[0,54,147,210,287,476,682,779,975,1046]
[0,147,210,287,476,682,1046]
[0,147,210,287,476,682,779,975,1046]
[0,54,210,287,476,682,779,1046]
[0,210,1046]
[0,210,287,1046]
[0,147,210,287,476,1046]
[0,476,1046]
[0,210,476,1046]
[0,147,210,476,682,1046]
[0,210,287,476,682,779,975,1046]
[0,54,210,287,1046]
[0,54,210,287,476,1046]
[0,210,287,476,682,779,1046]
[0,54,147,210,287,433,476,682,779,975,1046]
[0,147,210,287,476,682,779,1046]
[0,266,1046]
[0,210,476,682,779,1046]
[0,147,210,287,1046]
[0,210,476,682,1046]
[0,54,210,287,476,682,779,975,1046]
