[0,1989,2956]
[0,281,1989,2349,2956]
[0,185,1211,2349,2956]
[0,670,2956]
[0,185,670,913,1989,2349,2956]
[0,670,1989,2349,2956]
[0,670,1989,2494,2956]
[0,185,670,913,1989,2349,2577,2956]
[0,185,670,906,1989,2349,2956]
[0,275,670,773,906,1989,2349,2494,2864,2956]
[0,185,670,913,1989,2349,2821,2956]
[0,185,670,906,1989,2494,2956]
[0,185,1989,2349,2956]
[0,185,670,1211,1989,2349,2956]
[0,185,1989,2494,2956]
[0,906,2349,2956]
[0,1211,2956]
[0,185,670,906,1989,2349,2494,2864,2956]
[0,185,670,913,1989,2349,2577,2821,2956]
[0,670,1211,1989,2349,2956]
[0,222,670,913,1989,2349,2821,2956]
[0,185,670,906,1989,2349,2494,2956]
[0,670,1989,2956]
[0,222,913,1989,2349,2956]
[0,222,670,913,1989,2349,2577,2821,2956]
[0,275,906,1989,2494,2956]
[0,281,2349,2956]
[0,670,906,1989,2494,2956]
[0,222,1989,2349,2956]
[0,662,913,1989,2349,2956]
[0,185,1211,1989,2349,2956]
[0,906,1989,2349,2956]
[0,906,1989,2494,2956]
[0,1211,2349,2956]
[0,913,2349,2956]
[0,906,1989,2956]
[0,906,2956]
[0,1989,2494,2956]
[0,185,662,913,1989,2349,2821,2956]
[0,185,662,913,1989,2349,2956]
[0,275,670,906,1989,2494,2956]
[0,670,913,1989,2349,2956]
[0,275,670,906,1989,2349,2494,2956]
[0,185,662,913,1989,2349,2577,2821,2956]
[0,185,906,1989,2349,2956]
[0,1211,1989,2349,2956]
[0,222,670,913,1989,2349,2577,2956]
[0,185,275,670,773,906,1989,2349,2494,2864,2956]
[0,281,1211,2349,2956]
[0,670,906,1989,2349,2956]
[0,2349,2956]
[0,662,913,1989,2349,2577,2956]
[0,662,2349,2956]
[0,185,906,1989,2494,2956]
[0,275,1989,2494,2956]
[0,222,670,913,1989,2349,2956]
[0,2494,2956]
[0,185,2349,2956]
[0,185,2956]
[0,913,2956]
[0,662,1989,2349,2956]
[0,662,2956]
[0,1989,2349,2956]
[0,670,913,1989,2349,2577,2956]
[0,185,662,913,1989,2349,2577,2956]
[0,670,2349,2956]
[0,185,913,1989,2349,2956]
[0,913,1989,2349,2956]
[0,281,2956]
[0,275,670,906,1989,2349,2494,2864,2956]
[0,670,1211,2349,2956]
[0,275,670,773,906,1989,2349,2494,2956]
