[0,558,832,1104,1334,2211]
[0,558,1228,2211]
[0,400,558,832,956,1272,2211]
[0,400,558,832,956,1104,1272,1334,2211]
[0,400,558,832,956,1104,1272,1334,1540,2074,2211]
[0,1342,2211]
[0,400,558,832,1104,1334,2211]
[0,558,1272,2211]
[0,558,2211]
[0,414,558,811,956,1104,1342,1552,2211]
[0,558,956,1272,2211]
[0,558,1342,2211]
[0,400,558,832,956,1228,1272,2211]
[0,400,558,832,1104,1334,1540,2211]
[0,558,811,1104,1342,1552,2211]
[0,747,2211]
[0,400,558,832,956,1104,1334,1540,2211]
[0,558,811,1104,1342,2211]
[0,558,832,1334,2211]
[0,558,811,956,1104,1342,1552,2211]
[0,558,811,956,1104,1342,2211]
[0,558,811,1342,2211]
[0,400,558,956,1334,2211]
[0,414,558,811,956,1104,1342,1552,2074,2211]
[0,558,1104,1334,2211]
[0,400,558,1097,1272,2211]
[0,400,558,1104,1334,2211]
[0,1334,2211]
[0,414,558,1104,1342,2211]
[0,558,832,956,1228,1272,2211]
[0,414,558,811,956,1104,1272,1342,1552,2074,2211]
[0,832,1272,2211]
[0,414,558,811,1104,1342,2211]
[0,558,832,956,1272,2211]
[0,400,558,956,1272,2211]
[0,558,832,1104,1334,1540,2211]
[0,1272,2211]
[0,832,2211]
[0,558,1104,1342,2211]
[0,747,1228,2211]
[0,1228,2211]
[0,400,558,832,956,1104,1334,2211]
[0,400,558,832,1104,1334,1540,2074,2211]
[0,400,558,832,956,1104,1334,1540,2074,2211]
[0,558,1097,1272,2211]
[0,400,558,1104,1342,2211]
[0,558,1334,2211]
[0,558,956,1334,2211]
[0,414,558,811,956,1104,1342,2074,2211]
[0,414,558,811,956,1104,1342,2211]
