[0,155,210,1753,2020]
[0,125,210,1753,2020]
[0,210,1184,1753,2020]
[0,125,210,1753,1967,2020]
[0,125,210,1184,1753,2020]
[0,155,210,1184,1753,1967,2020]
[0,146,210,1184,1753,1967,2020]
[0,156,1753,1967,2020]
[0,125,210,1184,1753,1967,2020]
[0,146,1753,2020]
[0,155,210,1184,1753,2020]
[0,146,1753,1967,2020]
[0,1184,2020]
[0,155,304,1184,1753,1967,2020]
[0,146,210,1753,1967,2020]
[0,155,1753,2020]
[0,155,293,1184,1753,1967,2020]
[0,146,210,1184,1753,2020]
[0,156,1753,2020]
[0,210,1753,1967,2020]
[0,155,293,1184,1753,2020]
[0,155,1753,1967,2020]
[0,155,1184,1753,1967,2020]
[0,155,304,1184,1753,2020]
[0,1184,1753,2020]
[0,178,1753,1967,2020]
[0,1753,2020]
[0,210,1753,2020]
[0,155,210,1753,1967,2020]
[0,146,210,1753,2020]
[0,178,1753,2020]
[0,146,1184,1753,2020]
[0,155,1184,1753,2020]
