[0,752,988,1195,1419]
[0,88,238,567,752,1132,1195,1419]
[0,88,238,567,752,1144,1195,1419]
[0,238,567,752,988,1195,1419]
[0,88,238,567,752,988,1132,1195,1419]
[0,88,238,567,1132,1195,1419]
[0,88,238,752,1195,1419]
[0,238,567,752,1195,1419]
[0,88,238,567,1195,1419]
[0,238,752,1195,1419]
[0,88,238,567,752,988,1195,1419]
[0,88,567,752,988,1195,1419]
[0,567,752,1195,1419]
[0,88,752,1195,1419]
[0,88,238,752,988,1195,1419]
[0,88,567,1195,1419]
[0,1195,1419]
[0,238,752,988,1195,1419]
[0,567,988,1195,1419]
[0,88,238,567,752,988,1144,1195,1419]
[0,88,238,567,1144,1195,1419]
[0,238,752,1419]
[0,88,238,567,752,1195,1419]
[0,567,1419]
[0,752,1419]
[0,88,567,752,1195,1419]
[0,567,752,988,1195,1419]
[0,752,1195,1419]
[0,238,567,1419]
[0,238,567,1195,1419]
[0,567,1195,1419]
