[0,823,4758]
[0,856,4758]
[0,561,856,2712,3691,4758]
[0,58,856,3362,4758]
[0,856,1345,2708,3691,4758]
[0,823,3432,4758]
[0,823,2708,3432,4758]
[0,78,823,4758]
[0,78,823,2708,3432,4758]
[0,58,2602,4758]
[0,68,561,856,2708,3691,4758]
[0,856,2708,3691,4758]
[0,823,1345,2708,3691,4758]
[0,78,823,3432,4758]
[0,856,2820,3362,4758]
[0,2712,3691,4758]
[0,68,856,2712,3691,4758]
[0,3362,4758]
[0,561,856,1345,2708,3691,4758]
[0,58,856,2602,2820,3362,4758]
[0,68,561,856,2602,2712,3691,4758]
[0,58,556,856,3691,4758]
[0,856,1692,2708,3691,4758]
[0,68,561,856,1692,2708,3691,4758]
[0,856,2602,2820,3362,4758]
[0,856,3362,4758]
[0,2708,3691,4758]
[0,68,856,2602,2712,3691,4758]
[0,68,856,2708,3691,4758]
[0,68,856,3691,4758]
[0,58,856,4758]
[0,78,823,3691,4758]
[0,823,3691,4758]
[0,823,2708,3691,4758]
[0,78,823,2708,3691,4758]
[0,58,856,3691,4758]
[0,58,856,2820,3362,4758]
[0,561,856,2602,2712,3691,4758]
[0,1184,3432,4758]
[0,3432,4758]
[0,1184,2708,3432,4758]
[0,2602,4758]
[0,78,823,1345,2708,3432,4758]
[0,68,561,856,1345,2708,3691,4758]
[0,186,1184,2708,3432,4758]
[0,561,856,2708,3691,4758]
[0,561,856,1692,2708,3691,4758]
[0,556,856,3691,4758]
[0,68,856,4758]
[0,856,2712,3691,4758]
[0,3691,4758]
[0,856,2602,2712,3691,4758]
[0,1184,4758]
[0,78,823,1345,2708,3691,4758]
[0,856,3691,4758]
[0,823,1345,2708,3432,4758]
