[0,91,522,614,1046]
[0,91,522,766,1046]
[0,91,435,522,766,1046]
[0,91,435,1046]
[0,91,522,711,831,976,1046]
[0,785,1046]
[0,91,435,522,711,1046]
[0,91,435,766,976,1046]
[0,435,976,1046]
[0,976,1046]
[0,91,435,766,1046]
[0,522,785,976,1046]
[0,91,522,682,1046]
[0,923,1046]
[0,91,435,522,614,1046]
[0,91,435,522,682,766,832,976,1046]
[0,91,1046]
[0,91,435,522,682,976,1046]
[0,522,785,1046]
[0,522,976,1046]
[0,522,711,976,1046]
[0,522,682,976,1046]
[0,522,923,1046]
[0,91,522,682,832,1046]
[0,91,522,711,831,1046]
[0,91,435,522,682,1046]
[0,91,522,1046]
[0,91,435,522,711,766,831,976,1046]
[0,91,522,614,976,1046]
[0,91,522,711,976,1046]
[0,435,766,976,1046]
[0,91,522,785,1046]
[0,91,522,766,832,976,1046]
[0,522,766,832,976,1046]
[0,522,1046]
[0,91,522,976,1046]
[0,766,1046]
[0,91,522,682,766,832,976,1046]
[0,91,435,522,682,832,1046]
[0,435,766,1046]
[0,435,766,831,976,1046]
[0,91,435,522,711,831,976,1046]
[0,522,682,832,1046]
[0,711,1046]
[0,522,766,976,1046]
[0,91,435,522,614,976,1046]
[0,91,522,923,1046]
[0,522,711,1046]
[0,91,435,522,711,831,1046]
[0,522,614,1046]
[0,91,435,522,766,976,1046]
[0,522,766,1046]
[0,91,522,785,976,1046]
[0,522,845,1046]
[0,91,522,682,832,976,1046]
[0,91,435,522,682,832,976,1046]
[0,522,682,1046]
[0,91,522,682,976,1046]
[0,91,435,522,766,831,976,1046]
[0,91,522,766,976,1046]
[0,91,435,976,1046]
[0,682,1046]
[0,522,711,831,1046]
[0,435,1046]
[0,91,522,711,1046]
[0,91,435,766,831,976,1046]
