[0,414,476,718,917,1151,1197]
[0,476,718,917,1079,1197]
[0,414,582,718,917,1079,1197]
[0,145,414,582,718,917,1151,1197]
[0,476,1151,1197]
[0,414,1197]
[0,414,476,718,917,1197]
[0,1151,1197]
[0,145,414,917,1197]
[0,145,414,476,718,917,1079,1151,1197]
[0,414,582,718,1197]
[0,414,1151,1197]
[0,414,917,1151,1197]
[0,414,913,1197]
[0,913,1197]
[0,414,582,718,913,1197]
[0,476,718,917,1151,1197]
[0,414,582,1079,1197]
[0,414,582,913,1150,1197]
[0,145,476,718,917,1197]
[0,476,917,1197]
[0,414,582,718,917,1151,1197]
[0,414,917,1197]
[0,917,1197]
[0,414,582,718,917,1197]
[0,414,1150,1197]
[0,1150,1197]
[0,145,414,476,718,917,1197]
[0,414,476,718,917,1079,1197]
[0,145,414,476,718,917,1079,1197]
[0,476,1150,1197]
[0,476,917,1079,1197]
[0,414,582,913,1197]
[0,145,414,582,917,1197]
[0,384,1197]
[0,476,718,917,1197]
[0,414,582,917,1151,1197]
[0,414,582,1197]
[0,1079,1197]
[0,414,582,718,1079,1197]
[0,145,414,582,718,917,1197]
[0,414,1079,1197]
[0,145,414,476,718,917,1151,1197]
[0,582,1197]
[0,476,1079,1197]
[0,414,913,1150,1197]
[0,145,476,718,917,1079,1197]
[0,476,1197]
[0,384,1150,1197]
[0,145,414,582,718,917,1079,1197]
[0,414,582,917,1197]
[0,476,917,1151,1197]
[0,414,582,718,913,1150,1197]
[0,145,414,582,718,917,1079,1151,1197]
