[0,992,1180]
[0,46,176,278,409,649,992,1034,1180]
[0,46,176,278,409,649,884,992,1180]
[0,90,649,967,1180]
[0,176,409,649,884,992,1180]
[0,90,649,1180]
[0,176,649,992,1180]
[0,176,278,409,649,884,992,1034,1180]
[0,176,278,409,649,884,992,1180]
[0,176,278,409,649,992,1034,1180]
[0,649,992,1180]
[0,176,278,409,649,947,992,1180]
[0,176,298,649,967,1180]
[0,176,298,649,884,992,1180]
[0,46,176,278,409,649,992,1180]
[0,409,649,992,1180]
[0,176,409,649,819,992,1180]
[0,176,278,649,947,992,1180]
[0,176,649,967,1180]
[0,46,176,278,409,649,947,992,1034,1180]
[0,46,176,298,649,967,1180]
[0,649,967,1180]
[0,46,176,278,409,649,884,992,1034,1180]
[0,46,176,298,649,884,992,1180]
[0,176,278,409,649,819,992,1180]
[0,176,409,649,992,1180]
[0,46,176,278,409,649,947,992,1180]
[0,176,278,409,649,992,1180]
[0,176,278,649,992,1180]
[0,176,278,409,649,947,992,1034,1180]
[0,176,1180]
[0,649,1180]
[0,90,1180]
[0,176,649,947,992,1180]
[0,176,649,1180]
[0,176,649,884,992,1180]
[0,46,176,278,409,649,819,992,1034,1180]
[0,176,649,819,992,1180]
[0,46,176,278,409,649,819,992,1180]
[0,46,176,278,649,992,1180]
[0,176,298,649,992,1180]
[0,409,649,1180]
