[0,534,926,1180]
[0,534,1180]
[0,424,1180]
[0,301,497,665,926,1180]
[0,665,885,1180]
[0,301,665,926,1180]
[0,301,534,1180]
[0,127,301,497,665,926,1180]
[0,301,665,928,1180]
[0,127,301,461,665,808,885,962,1131,1180]
[0,127,301,461,665,885,1180]
[0,127,301,461,665,808,885,1087,1131,1180]
[0,301,497,665,928,1180]
[0,665,962,1180]
[0,301,534,962,1180]
[0,301,461,665,928,1180]
[0,127,301,461,665,962,1180]
[0,127,301,497,665,928,1180]
[0,127,301,461,665,808,885,962,1087,1131,1180]
[0,127,301,461,665,808,885,1180]
[0,127,301,461,665,808,885,962,1180]
[0,301,665,1180]
[0,665,1087,1180]
[0,127,301,534,665,962,1180]
[0,665,926,1180]
[0,301,534,926,1180]
[0,127,301,461,665,808,885,1087,1180]
[0,665,1180]
[0,962,1180]
[0,534,962,1180]
[0,127,301,461,665,885,962,1180]
[0,665,928,1180]
[0,127,301,665,962,1180]
[0,301,461,665,885,1180]
[0,301,665,962,1180]
[0,127,301,461,665,928,1180]
[0,301,461,665,962,1180]
[0,301,665,885,1180]
[0,424,962,1180]
[0,301,534,665,962,1180]
[0,301,665,1087,1180]
[0,1087,1180]
[0,127,301,461,665,885,1087,1180]
