[0,450,648,1032,1162,1678,1847,1962,2127,2211]
[0,648,1176,1670,1847,2211]
[0,450,648,1032,1162,1678,2211]
[0,450,648,1032,1176,1447,1678,1847,1962,2127,2211]
[0,648,1962,2211]
[0,450,648,1032,1176,1670,1847,1962,2211]
[0,648,1678,1847,2211]
[0,648,1678,2211]
[0,450,648,2127,2211]
[0,648,1032,1447,2211]
[0,450,648,1032,1447,2211]
[0,450,648,1032,1176,1670,1847,1962,2127,2211]
[0,450,648,1670,1847,2211]
[0,648,1032,1162,1847,1962,2211]
[0,450,648,1032,1162,1447,1678,1962,2211]
[0,450,648,1032,1176,1447,1678,1847,2211]
[0,648,1032,1176,1678,1847,1962,2127,2211]
[0,450,648,1162,1670,1847,2127,2211]
[0,450,648,1032,1176,1678,1847,2211]
[0,648,1032,1162,1678,1847,1962,2127,2211]
[0,648,1032,1176,2211]
[0,648,1162,1962,2211]
[0,450,2211]
[0,450,648,1162,1670,2211]
[0,648,1162,1678,2211]
[0,648,1032,1176,1847,1962,2211]
[0,648,1032,1847,2211]
[0,648,2211]
[0,648,1032,1176,1678,2211]
[0,648,1032,1176,1670,1847,1962,2211]
[0,450,648,2211]
[0,648,1032,1176,1670,2211]
[0,648,1162,1847,2211]
[0,648,1162,2211]
[0,450,648,1032,1447,1962,2211]
[0,648,1032,1176,1847,2211]
[0,648,1032,1447,1678,1847,2211]
[0,648,1176,1678,1847,2211]
[0,648,1670,1847,2211]
[0,450,648,1162,1670,1847,2211]
[0,450,648,1032,1162,1447,1678,1847,1962,2211]
[0,648,1032,2211]
[0,450,648,1162,1962,2127,2211]
[0,450,648,1176,1678,2211]
[0,648,1162,1670,2211]
[0,834,2211]
[0,450,648,1032,1162,1962,2211]
[0,450,648,1162,1678,1847,2211]
[0,648,1032,1176,1670,1847,2211]
[0,648,1032,1162,1678,1847,1962,2211]
[0,648,1447,2211]
[0,648,1032,1162,1678,1847,2211]
[0,648,1176,2211]
[0,450,648,1032,1162,1962,2127,2211]
[0,450,648,1962,2211]
[0,648,1176,1670,2211]
[0,534,2211]
[0,450,648,1176,1678,1847,2211]
[0,450,648,1032,1447,1678,1847,2211]
[0,450,648,1176,2211]
[0,648,1162,1678,1847,2211]
[0,450,648,1032,1162,1447,1962,2127,2211]
[0,450,648,1032,1162,1447,1678,1847,1962,2127,2211]
[0,450,648,1678,1847,2211]
[0,1447,2211]
[0,450,648,1962,2127,2211]
[0,648,1032,1447,1678,1962,2211]
[0,450,648,1032,1162,1678,1847,1962,2211]
[0,450,648,1032,1176,1678,1847,1962,2211]
[0,648,1032,1447,1962,2211]
[0,648,1847,2211]
[0,648,1032,1447,1678,2211]
[0,450,648,1032,1162,1447,1678,1847,2211]
[0,450,648,1176,1670,2211]
[0,450,648,1847,2211]
[0,648,1032,1176,1678,1847,2211]
[0,476,2211]
[0,648,1176,1678,2211]
[0,648,1032,1176,1678,1847,1962,2211]
[0,648,1032,1162,2211]
[0,450,648,1032,1162,1678,1847,2211]
[0,450,648,1162,1962,2211]
[0,450,648,1162,2211]
[0,450,648,1032,1162,2211]
[0,450,648,1032,1176,1670,1847,2211]
[0,450,648,1162,1678,2211]
[0,450,648,1176,1670,1847,2211]
[0,648,1447,1678,1847,2211]
[0,450,648,1032,1447,1678,2211]
[0,450,648,1162,1847,2211]
[0,648,1447,1678,2211]
[0,648,1032,1162,1847,2211]
[0,648,1032,1176,1670,1847,1962,2127,2211]
[0,450,648,1032,1176,1447,1678,1847,1962,2211]
[0,450,648,1032,1162,2127,2211]
[0,450,648,1032,1447,1678,1962,2211]
[0,450,648,1032,1162,1447,1962,2211]
[0,450,648,1032,1162,1447,1678,2211]
[0,450,648,1032,1176,1678,1847,1962,2127,2211]
[0,450,648,1032,1162,1447,1678,1962,2127,2211]
[0,450,648,1032,1176,1447,1678,1847,2127,2211]
