[0,1281,2189]
[0,146,738,1281,2189]
[0,790,2189]
[0,146,1281,1371,2017,2189]
[0,1371,2017,2189]
[0,87,146,2189]
[0,146,1281,1371,2189]
[0,146,738,2189]
[0,790,1281,2189]
[0,1371,2189]
[0,146,790,1281,2017,2189]
[0,87,146,1371,2017,2189]
[0,146,2058,2189]
[0,146,1281,2189]
[0,146,1371,2189]
[0,146,790,1281,1371,2017,2189]
[0,87,146,790,1281,1371,2017,2189]
[0,146,1281,1371,2058,2189]
[0,87,146,790,1281,1371,2017,2059,2189]
[0,87,146,1281,1371,2017,2189]
[0,146,1371,2017,2189]
[0,2017,2189]
[0,87,146,738,1281,1371,2058,2189]
[0,790,1281,2017,2189]
[0,87,146,1281,2189]
[0,738,1281,2189]
[0,146,2189]
[0,738,2189]
[0,87,146,2017,2189]
[0,146,738,1281,1371,2058,2189]
[0,87,146,2017,2059,2189]
[0,87,146,1281,1371,2017,2059,2189]
[0,146,790,2017,2189]
[0,87,146,1281,1371,2189]
[0,146,738,1281,2058,2189]
[0,87,146,1371,2017,2059,2189]
[0,146,738,1281,1371,2189]
[0,146,1371,2058,2189]
[0,790,2017,2189]
[0,146,2017,2189]
[0,87,146,1281,1371,2058,2189]
[0,146,738,2058,2189]
