[0,188,424,483,619,900,969]
[0,252,897,969]
[0,188,649,969]
[0,193,969]
[0,252,483,619,969]
[0,483,619,897,969]
[0,193,297,483,969]
[0,193,243,424,483,969]
[0,58,424,483,619,969]
[0,193,483,619,897,969]
[0,188,252,969]
[0,58,424,483,619,897,969]
[0,193,243,897,969]
[0,218,643,969]
[0,188,424,483,619,969]
[0,193,424,483,897,969]
[0,188,424,483,969]
[0,193,297,483,619,690,897,969]
[0,58,188,243,424,483,619,690,897,969]
[0,243,424,483,619,690,897,969]
[0,424,483,619,897,969]
[0,58,483,643,897,969]
[0,58,243,483,897,969]
[0,619,969]
[0,188,424,483,900,969]
[0,252,483,900,969]
[0,252,483,649,969]
[0,297,483,969]
[0,424,897,969]
[0,243,897,969]
[0,58,193,297,424,483,619,897,969]
[0,58,243,424,483,619,690,897,969]
[0,424,619,969]
[0,58,424,483,900,969]
[0,188,643,969]
[0,188,424,619,969]
[0,483,643,897,969]
[0,58,193,243,424,483,619,897,969]
[0,424,483,897,969]
[0,252,483,969]
[0,188,424,900,969]
[0,58,188,243,297,424,483,619,690,900,969]
[0,619,900,969]
[0,252,483,619,900,969]
[0,188,252,424,483,619,900,969]
[0,483,619,969]
[0,193,243,424,483,619,969]
[0,424,969]
[0,58,193,297,424,483,619,690,897,969]
[0,424,483,619,969]
[0,193,619,969]
[0,188,424,969]
[0,424,483,619,690,900,969]
[0,58,188,252,424,483,619,900,969]
[0,193,483,643,897,969]
[0,58,243,897,969]
[0,243,483,619,900,969]
[0,188,252,900,969]
[0,243,969]
[0,193,297,424,483,619,897,969]
[0,483,649,969]
[0,188,252,649,969]
[0,58,969]
[0,58,193,243,424,483,619,690,897,969]
[0,188,252,483,643,897,969]
[0,193,243,483,969]
[0,193,483,619,969]
[0,58,193,243,483,897,969]
[0,252,900,969]
[0,193,297,483,619,897,969]
[0,424,483,619,690,897,969]
[0,193,297,424,483,619,969]
[0,218,483,643,897,969]
[0,188,252,483,619,690,900,969]
[0,424,483,900,969]
[0,188,252,483,649,969]
[0,643,969]
[0,424,483,969]
[0,483,619,900,969]
[0,58,188,243,424,483,619,897,969]
[0,243,483,619,690,969]
[0,188,243,424,483,619,969]
[0,243,424,483,619,897,969]
[0,243,483,619,690,897,969]
[0,188,252,483,969]
[0,243,483,897,969]
[0,188,252,424,483,969]
[0,193,424,483,969]
[0,188,243,424,483,900,969]
[0,58,193,243,297,424,483,619,897,969]
[0,188,252,424,483,649,897,969]
[0,188,424,619,897,969]
[0,252,483,619,690,900,969]
[0,58,424,483,897,969]
[0,58,188,243,424,483,619,690,900,969]
[0,188,252,483,649,897,969]
[0,424,483,619,900,969]
[0,58,424,483,619,900,969]
[0,58,243,424,483,619,897,969]
[0,424,900,969]
[0,193,643,969]
[0,483,619,690,969]
[0,58,218,483,643,897,969]
[0,897,969]
[0,58,188,243,297,424,483,619,690,897,969]
[0,252,969]
[0,243,424,483,619,900,969]
[0,188,424,483,619,897,969]
[0,252,483,643,969]
[0,252,483,619,690,969]
[0,252,643,969]
[0,188,969]
[0,193,483,643,969]
[0,243,483,619,690,900,969]
[0,188,243,483,969]
[0,193,424,969]
[0,643,897,969]
[0,188,252,483,900,969]
[0,243,483,619,897,969]
[0,252,649,969]
[0,188,424,619,900,969]
[0,243,483,969]
[0,243,424,483,897,969]
[0,252,483,649,897,969]
[0,297,969]
[0,218,483,643,969]
[0,193,243,424,483,619,897,969]
[0,188,243,424,483,619,897,969]
[0,58,243,969]
[0,193,424,483,619,969]
[0,193,243,969]
[0,243,483,619,969]
[0,58,193,243,297,424,483,619,690,897,969]
[0,193,297,424,483,619,690,897,969]
[0,188,252,424,483,619,690,900,969]
[0,58,193,243,897,969]
[0,188,252,643,969]
[0,243,619,969]
[0,193,297,483,619,969]
[0,243,424,483,619,690,900,969]
[0,483,619,690,897,969]
[0,58,643,897,969]
[0,58,193,243,424,483,897,969]
[0,58,188,243,297,424,483,619,897,969]
[0,483,643,969]
[0,188,252,424,483,900,969]
[0,58,188,252,424,483,619,690,900,969]
[0,58,188,243,424,483,619,900,969]
[0,188,252,424,483,649,969]
[0,649,969]
[0,188,243,969]
[0,188,243,424,483,619,900,969]
[0,58,243,424,483,619,690,900,969]
[0,188,424,897,969]
[0,58,188,252,483,643,897,969]
[0,193,297,969]
[0,188,252,483,619,900,969]
[0,58,243,424,483,897,969]
[0,188,252,483,643,969]
[0,193,424,483,619,897,969]
[0,193,243,424,483,897,969]
[0,297,483,619,969]
[0,193,897,969]
[0,483,619,690,900,969]
[0,58,243,424,483,619,900,969]
[0,58,897,969]
[0,58,188,252,424,483,649,897,969]
[0,900,969]
[0,193,424,897,969]
[0,252,483,643,897,969]
[0,188,243,424,483,969]
[0,188,900,969]
