[0,437,570,1191,1483,1810]
[0,152,247,437,1191,1483,1810]
[0,429,1116,1483,1810]
[0,437,873,1165,1483,1810]
[0,437,1191,1810]
[0,152,437,570,1016,1191,1483,1810]
[0,437,1116,1810]
[0,152,437,873,1165,1483,1810]
[0,152,247,437,570,873,979,1165,1483,1810]
[0,152,437,570,873,979,1165,1483,1810]
[0,1191,1810]
[0,152,437,1016,1191,1483,1810]
[0,152,247,437,1165,1483,1810]
[0,1116,1810]
[0,429,1283,1810]
[0,437,873,979,1165,1483,1810]
[0,159,437,570,1191,1483,1810]
[0,429,1483,1810]
[0,1283,1810]
[0,152,437,570,873,1016,1191,1483,1810]
[0,429,1810]
[0,437,1116,1483,1810]
[0,979,1810]
[0,437,570,1165,1483,1810]
[0,437,1483,1810]
[0,152,437,1016,1165,1483,1810]
[0,152,437,570,979,1165,1483,1810]
[0,152,437,570,1191,1483,1810]
[0,1483,1810]
[0,437,1191,1483,1810]
[0,152,437,979,1165,1483,1810]
[0,152,437,570,873,1016,1165,1483,1810]
[0,437,979,1810]
[0,437,979,1483,1810]
[0,152,437,1191,1483,1810]
[0,159,437,1016,1191,1483,1810]
[0,437,1810]
[0,152,247,437,570,1191,1483,1810]
[0,152,437,873,1016,1191,1483,1810]
[0,159,437,1191,1483,1810]
[0,437,1165,1483,1810]
[0,437,979,1165,1483,1810]
[0,152,437,570,1165,1483,1810]
[0,437,570,873,979,1165,1483,1810]
[0,152,437,1165,1483,1810]
[0,437,1016,1191,1483,1810]
[0,152,247,437,570,1165,1483,1810]
[0,152,437,873,1016,1165,1483,1810]
[0,437,1165,1810]
[0,437,570,979,1165,1483,1810]
[0,1165,1810]
[0,152,437,570,873,1165,1483,1810]
[0,429,1116,1810]
