[0,840,1458,2017]
[0,335,472,2017]
[0,335,840,1458,2017]
[0,326,472,1092,2017]
[0,110,326,472,840,1092,1458,1537,1696,2017]
[0,110,326,472,1092,1458,2017]
[0,472,1092,2017]
[0,110,326,472,840,1092,1458,2017]
[0,1092,1458,2017]
[0,1092,1537,2017]
[0,326,840,1458,2017]
[0,335,472,1092,2017]
[0,532,840,1092,1537,2017]
[0,110,335,532,1092,2017]
[0,326,840,2017]
[0,532,1092,1458,2017]
[0,840,1092,2017]
[0,110,2017]
[0,326,840,1092,1458,2017]
[0,326,840,1537,2017]
[0,532,2017]
[0,326,532,840,1092,1458,2017]
[0,326,532,1092,2017]
[0,335,472,840,1092,1458,2017]
[0,335,532,1092,2017]
[0,326,840,1092,2017]
[0,110,335,472,1092,2017]
[0,532,1092,1537,2017]
[0,110,326,532,1092,2017]
[0,110,326,532,840,1092,1537,2017]
[0,840,2017]
[0,532,1092,2017]
[0,326,840,1092,1537,2017]
[0,110,326,532,2017]
[0,326,472,2017]
[0,326,532,840,1092,1537,2017]
[0,110,326,472,1092,2017]
[0,472,1092,1458,2017]
[0,1458,2017]
[0,110,326,472,2017]
[0,335,532,1092,1458,2017]
[0,110,326,532,1092,1458,2017]
[0,110,335,472,840,1092,1458,1537,1696,2017]
[0,110,1458,2017]
[0,840,1537,2017]
[0,1537,2017]
[0,110,326,472,840,1092,1458,1696,2017]
[0,1092,2017]
[0,326,472,1092,1458,2017]
[0,110,840,1092,1458,2017]
[0,110,335,472,840,1092,1458,2017]
[0,840,1092,1458,2017]
[0,110,326,472,840,1092,1458,1537,2017]
[0,110,335,472,840,1092,1458,1696,2017]
[0,335,840,1092,1458,1696,2017]
[0,326,532,2017]
[0,326,532,840,1092,2017]
[0,110,335,532,1092,1458,2017]
[0,840,1092,1537,2017]
[0,110,326,532,840,1092,2017]
[0,110,335,532,840,1092,1458,2017]
[0,110,335,472,840,1092,1458,1537,2017]
[0,335,532,2017]
[0,110,326,532,840,1092,1458,2017]
[0,326,472,840,1092,1458,2017]
[0,326,532,1092,1458,2017]
[0,335,532,840,1092,1458,2017]
[0,110,335,532,2017]
[0,326,840,1092,1458,1696,2017]
[0,335,840,2017]
[0,110,532,1092,1458,2017]
[0,110,1092,1458,2017]
[0,335,472,1092,1458,2017]
[0,335,840,1092,1458,2017]
[0,326,472,840,1092,1458,1696,2017]
[0,110,335,472,1092,1458,2017]
[0,110,335,472,2017]
[0,472,2017]
[0,335,472,840,1092,1458,1696,2017]
[0,335,1458,2017]
