[0,651,2147,3765,4285]
[0,1930,2853,4285]
[0,651,1930,2853,4285]
[0,1930,4191,4285]
[0,651,1930,4191,4285]
[0,651,1930,3310,3765,4191,4285]
[0,651,2486,4285]
[0,651,2147,4285]
[0,651,1930,2486,2853,3310,3765,4191,4285]
[0,651,1454,3349,4285]
[0,651,1930,2486,2853,3310,3765,4285]
[0,651,1454,2147,4285]
[0,651,1930,2853,3310,4191,4285]
[0,385,651,1930,2486,2853,3310,3765,4285]
[0,651,2147,3310,3765,4191,4285]
[0,651,1689,4191,4285]
[0,651,2486,3765,4285]
[0,1689,4285]
[0,651,1454,2486,3310,4191,4285]
[0,651,1454,2147,3310,3765,4285]
[0,651,4191,4285]
[0,651,1930,2853,3310,4285]
[0,651,1930,3310,3765,4285]
[0,651,2147,3310,4285]
[0,651,1930,2853,3310,3765,4191,4285]
[0,1689,4191,4285]
[0,1454,3310,4285]
[0,651,1454,3310,4285]
[0,651,1454,3310,4191,4285]
[0,651,1454,3349,4191,4285]
[0,651,1930,2853,3310,3765,4285]
[0,651,2486,4191,4285]
[0,651,1454,2486,3310,3765,4285]
[0,385,651,1930,2486,2853,3310,3765,4191,4285]
[0,651,1454,2486,3765,4285]
[0,1454,3765,4285]
[0,651,1454,2147,2597,3310,3765,4191,4285]
[0,1454,2486,4285]
[0,1930,4285]
[0,651,1930,3310,4191,4285]
[0,1454,2147,4285]
[0,651,1454,3765,4285]
[0,651,1454,4285]
[0,651,4285]
[0,651,1454,2486,3310,3765,4191,4285]
[0,651,2147,2597,3310,3765,4191,4285]
[0,651,1454,2147,3765,4285]
[0,743,4285]
[0,1454,3310,3765,4285]
[0,1930,3310,4285]
[0,651,2147,3310,3765,4285]
[0,1454,4285]
[0,651,1689,4285]
[0,651,1454,2486,4285]
[0,2486,4285]
[0,651,1930,3310,4285]
[0,2147,4285]
[0,651,2147,2597,3310,3765,4285]
[0,651,2147,4191,4285]
[0,651,1454,3310,3765,4285]
[0,1454,4191,4285]
[0,651,1454,4191,4285]
[0,2147,3310,4285]
[0,651,1454,3310,3765,4191,4285]
[0,651,1930,3765,4285]
[0,1454,2486,3310,4285]
[0,651,2147,3310,4191,4285]
[0,651,1454,2486,3310,4285]
[0,651,1454,2147,2597,3310,3765,4285]
[0,651,1930,4285]
[0,1454,3349,4285]
