[0,194,272,691,882,985,1089,1249]
[0,194,272,691,882,985,1249]
[0,194,691,882,985,1249]
[0,54,194,272,691,882,985,1089,1249]
[0,194,691,1249]
[0,54,194,272,691,797,882,985,1099,1174,1249]
[0,54,194,272,691,797,882,934,985,1089,1249]
[0,54,194,691,1249]
[0,54,194,691,882,985,1249]
[0,272,691,882,1089,1249]
[0,194,882,1249]
[0,54,194,272,691,882,934,985,1249]
[0,194,272,691,882,985,1099,1174,1249]
[0,54,194,272,691,797,882,985,1089,1249]
[0,54,194,272,691,797,882,985,1249]
[0,54,194,691,882,1249]
[0,272,691,797,882,985,1089,1249]
[0,691,985,1249]
[0,272,882,1099,1249]
[0,272,691,882,985,1249]
[0,54,194,272,691,882,985,1249]
[0,54,194,272,691,882,985,1099,1174,1249]
[0,54,194,272,691,882,985,1099,1249]
[0,194,272,691,797,882,985,1249]
[0,194,882,985,1249]
[0,194,272,691,797,882,985,1099,1174,1249]
[0,272,691,882,985,1099,1174,1249]
[0,194,691,882,1249]
[0,54,194,272,691,882,934,985,1089,1249]
[0,272,882,1089,1249]
[0,194,272,691,797,882,985,1089,1249]
[0,194,691,985,1249]
[0,54,194,882,985,1249]
[0,691,1249]
[0,272,691,882,985,1089,1249]
[0,272,882,985,1249]
[0,882,1249]
[0,272,691,882,1249]
[0,882,985,1249]
[0,272,691,985,1249]
[0,194,272,691,882,985,1099,1249]
[0,272,691,1249]
[0,194,272,691,797,882,985,1099,1249]
[0,272,691,882,1099,1249]
[0,272,691,797,882,985,1099,1249]
[0,272,882,1249]
[0,54,194,272,691,797,882,934,985,1249]
[0,272,691,882,985,1099,1249]
[0,272,691,797,882,985,1249]
[0,194,1249]
