[0,186,347,449,511,1046]
[0,186,347,511,846,1046]
[0,186,285,347,801,846,1046]
[0,186,1046]
[0,186,347,449,511,846,1046]
[0,274,1046]
[0,186,285,347,449,516,846,1046]
[0,274,836,1046]
[0,186,511,846,1046]
[0,186,229,285,347,516,801,846,1046]
[0,186,229,285,347,511,801,846,1046]
[0,186,285,347,1046]
[0,186,285,347,516,846,1046]
[0,516,1046]
[0,186,229,285,347,846,1046]
[0,846,1046]
[0,511,846,1046]
[0,516,846,1046]
[0,186,347,449,516,801,846,1046]
[0,186,347,801,846,1046]
[0,186,347,511,801,846,1046]
[0,186,347,1046]
[0,186,285,347,516,801,846,1046]
[0,186,229,285,347,801,846,1046]
[0,186,229,347,1046]
[0,186,347,516,1046]
[0,186,285,347,449,511,801,846,1046]
[0,186,347,846,1046]
[0,186,285,347,846,1046]
[0,186,516,1046]
[0,186,516,846,1046]
[0,186,229,285,347,449,511,801,846,1046]
[0,186,347,516,846,1046]
[0,511,1046]
[0,186,347,449,516,846,1046]
[0,186,285,347,449,516,801,846,1046]
[0,186,285,347,449,511,846,1046]
[0,186,846,1046]
[0,186,229,347,801,846,1046]
[0,186,347,511,1046]
[0,186,285,347,511,846,1046]
[0,186,347,449,516,1046]
[0,186,347,449,846,1046]
[0,186,511,1046]
[0,186,347,449,511,801,846,1046]
[0,186,347,516,801,846,1046]
[0,186,229,285,347,1046]
[0,186,229,285,347,449,516,801,846,1046]
[0,186,285,347,511,801,846,1046]
