[0,106,197,300,2230,2554]
[0,106,197,300,533,692,1226,2022,2230,2554]
[0,2039,2554]
[0,1226,2022,2554]
[0,692,1226,2229,2554]
[0,1229,2554]
[0,106,300,692,1229,2229,2554]
[0,300,692,1229,2229,2554]
[0,2230,2554]
[0,692,2229,2554]
[0,106,197,300,692,1226,2022,2554]
[0,300,2230,2554]
[0,300,692,1226,2229,2554]
[0,692,1229,2229,2554]
[0,106,300,692,1226,2229,2554]
[0,1226,2554]
[0,692,2022,2554]
[0,106,300,692,2022,2554]
[0,106,300,2022,2554]
[0,197,2039,2554]
[0,300,692,1226,2022,2554]
[0,106,300,692,1226,2022,2554]
[0,300,692,2230,2554]
[0,106,197,300,2022,2554]
[0,692,1226,2230,2554]
[0,106,197,300,692,1226,2022,2230,2554]
[0,300,2022,2554]
[0,1226,2230,2554]
[0,692,1229,2554]
[0,300,533,692,1226,2022,2230,2554]
[0,1229,2229,2554]
[0,2229,2554]
[0,106,197,300,692,1226,2230,2554]
[0,300,692,1226,2022,2230,2554]
[0,106,197,300,692,2230,2554]
[0,2022,2554]
[0,300,2229,2554]
[0,300,692,2022,2554]
[0,692,2230,2554]
[0,106,300,533,692,1226,2022,2230,2554]
[0,106,300,2230,2554]
[0,692,1226,2554]
[0,106,300,692,1226,2230,2554]
[0,300,692,2229,2554]
[0,1226,2229,2554]
[0,300,692,1226,2230,2554]
[0,106,300,692,1226,2022,2230,2554]
[0,692,1226,2022,2554]
[0,197,2229,2554]
[0,692,2554]
[0,106,197,300,692,2022,2554]
[0,106,300,692,2230,2554]
[0,300,2554]
