[0,881,1096,1297,1653,1951,2017]
[0,881,2017]
[0,626,1096,2017]
[0,626,1297,1653,2017]
[0,1096,1297,2017]
[0,881,1096,1653,2017]
[0,1096,1297,1653,1729,2017]
[0,1079,1297,2017]
[0,881,1096,1297,2017]
[0,844,1096,2017]
[0,1297,1653,1729,2017]
[0,350,881,1096,1297,1653,2017]
[0,350,881,1096,1297,1653,1729,2017]
[0,1096,1653,2017]
[0,1096,2017]
[0,350,2017]
[0,350,881,1096,2017]
[0,881,1653,2017]
[0,626,1096,1297,2017]
[0,1096,1297,1653,2017]
[0,350,1096,2017]
[0,881,1096,2017]
[0,626,1096,1297,1653,2017]
[0,1653,1729,2017]
[0,844,1096,1297,2017]
[0,881,1096,1297,1653,2017]
[0,626,1079,1297,2017]
[0,350,881,1096,1297,2017]
[0,881,1646,2017]
[0,350,469,881,1096,1297,1653,1729,2017]
[0,626,1297,2017]
[0,350,881,1096,1653,2017]
[0,1297,1653,2017]
[0,350,469,881,1096,1297,1653,2017]
[0,626,1079,2017]
[0,350,469,881,1096,1297,1364,1653,1729,2017]
[0,1729,2017]
[0,881,1096,1297,1653,1729,2017]
[0,350,1096,1653,2017]
[0,350,469,881,1096,1297,2017]
[0,844,2017]
[0,626,2017]
[0,1297,2017]
