[0,1415,2730,3873,4758]
[0,1176,2895,3916,4758]
[0,2730,4262,4758]
[0,1180,2864,3481,4758]
[0,1650,2730,3481,4758]
[0,181,1176,2895,3916,4758]
[0,2864,3481,4758]
[0,2898,4758]
[0,1180,2730,4262,4758]
[0,181,880,2895,3916,4758]
[0,1650,2730,3481,4262,4758]
[0,1650,2730,4262,4758]
[0,181,1415,2730,3873,4758]
[0,1415,2730,4262,4758]
[0,1650,2730,4758]
[0,1180,2864,3481,4262,4758]
[0,181,366,1176,2895,3573,4758]
[0,938,2730,4758]
[0,181,366,1176,2895,3916,4758]
[0,181,1180,2730,3481,4262,4758]
[0,1180,2864,3481,4037,4758]
[0,181,938,2730,4758]
[0,366,1180,2864,3481,4262,4758]
[0,1176,2895,3573,4262,4758]
[0,880,2864,3481,4758]
[0,2730,4758]
[0,1415,2730,4758]
[0,1180,2730,4758]
[0,2895,3573,4758]
[0,880,2895,3916,4758]
[0,181,938,2730,4262,4758]
[0,181,1180,2730,4262,4758]
[0,181,366,1180,2864,3481,4758]
[0,366,1176,2895,3573,4262,4758]
[0,1180,2730,3481,4262,4758]
[0,366,1180,2864,3481,4037,4758]
[0,2895,4758]
[0,181,366,1180,2864,3481,4262,4758]
[0,880,2895,4758]
[0,181,1415,2730,4262,4758]
[0,2864,4758]
[0,366,1180,2864,3481,4758]
[0,181,880,2864,3481,4758]
[0,2730,3873,4758]
[0,1180,2864,4758]
[0,1180,2730,3481,4758]
[0,2895,3916,4758]
[0,181,1650,2730,3481,4262,4758]
[0,1176,2895,3573,4758]
[0,181,366,1176,2895,3573,4262,4758]
[0,938,2730,4262,4758]
[0,880,2864,4758]
[0,1176,2895,4758]
[0,181,1180,2864,3481,4758]
[0,181,1650,2730,4262,4758]
[0,181,1176,2895,3573,4758]
[0,181,366,1180,2864,3481,4037,4758]
[0,366,1176,2895,3573,4758]
[0,366,1176,2895,3916,4758]
