[0,65,573,712,799,931,1146,1246,1343]
[0,65,614,729,1343]
[0,134,732,1343]
[0,65,573,799,931,1146,1343]
[0,65,614,732,937,1343]
[0,729,1343]
[0,614,729,799,937,1146,1246,1343]
[0,65,134,614,729,799,937,1146,1246,1343]
[0,134,254,729,937,1146,1343]
[0,614,729,937,1146,1246,1343]
[0,712,931,1343]
[0,65,573,712,799,931,1343]
[0,573,712,799,931,1343]
[0,134,573,712,799,931,1146,1246,1343]
[0,134,732,937,1146,1343]
[0,134,646,799,1343]
[0,134,573,712,931,1146,1246,1343]
[0,134,614,729,937,1343]
[0,134,573,712,1343]
[0,134,614,729,937,1146,1246,1343]
[0,134,614,729,1343]
[0,65,134,254,614,729,799,937,1146,1246,1343]
[0,65,614,729,937,1343]
[0,65,614,732,937,1146,1343]
[0,134,254,729,1343]
[0,134,1343]
[0,614,732,937,1343]
[0,134,573,712,799,931,1343]
[0,65,134,222,573,799,931,1146,1246,1343]
[0,134,614,729,799,937,1146,1246,1343]
[0,134,573,799,931,1146,1246,1343]
[0,134,729,937,1146,1343]
[0,65,573,799,931,1146,1246,1343]
[0,614,732,937,1146,1246,1343]
[0,134,222,573,712,931,1146,1246,1343]
[0,1126,1343]
[0,134,799,1343]
[0,134,573,712,931,1343]
[0,732,937,1146,1343]
[0,134,614,729,937,1146,1343]
[0,573,712,931,1146,1246,1343]
[0,646,799,1343]
[0,732,937,1343]
[0,712,1343]
[0,799,1246,1343]
[0,614,729,1343]
[0,65,134,222,573,712,799,931,1146,1246,1343]
[0,134,573,799,931,1343]
[0,134,222,573,712,799,931,1146,1246,1343]
[0,573,712,931,1146,1343]
[0,65,614,732,937,1146,1246,1343]
[0,134,729,937,1343]
[0,732,1343]
[0,614,732,937,1146,1343]
[0,573,712,799,931,1146,1343]
[0,573,799,931,1343]
[0,65,799,1246,1343]
[0,134,573,799,931,1146,1343]
[0,65,134,573,712,799,931,1146,1246,1343]
[0,134,222,573,799,931,1146,1246,1343]
[0,134,254,614,729,799,937,1146,1246,1343]
[0,614,729,937,1146,1343]
[0,65,614,729,937,1146,1246,1343]
[0,573,712,799,931,1146,1246,1343]
[0,334,1126,1343]
[0,65,573,712,799,931,1146,1343]
[0,134,732,937,1343]
[0,614,729,937,1343]
[0,134,414,732,1343]
[0,65,134,614,732,937,1146,1246,1343]
[0,573,799,1343]
[0,573,799,931,1146,1343]
[0,134,614,732,937,1146,1246,1343]
[0,65,614,729,799,937,1146,1246,1343]
[0,573,799,1146,1343]
[0,712,931,1146,1343]
[0,729,937,1146,1343]
[0,799,1343]
[0,134,254,729,937,1343]
[0,134,254,614,729,937,1146,1343]
[0,712,1146,1343]
[0,134,729,1343]
[0,65,799,1343]
[0,614,732,1343]
[0,729,937,1343]
[0,65,573,799,1343]
[0,134,614,732,937,1146,1343]
[0,65,614,729,937,1146,1343]
[0,334,1343]
[0,65,614,732,1343]
[0,65,134,573,799,931,1146,1246,1343]
[0,65,573,712,931,1343]
[0,414,732,1343]
[0,65,1343]
[0,573,799,931,1146,1246,1343]
[0,65,573,799,931,1343]
[0,134,573,799,1343]
[0,573,712,1343]
[0,799,931,1343]
[0,134,573,712,799,931,1146,1343]
[0,134,254,614,729,937,1146,1246,1343]
[0,134,573,712,931,1146,1343]
[0,134,614,732,1343]
[0,573,712,931,1343]
[0,65,573,712,1343]
[0,134,614,732,937,1343]
[0,134,573,799,1146,1343]
