[0,99,335,417,512,572,662,836,885,938,1046]
[0,512,662,836,1046]
[0,99,512,572,662,836,885,938,1046]
[0,662,836,938,1046]
[0,836,938,1046]
[0,99,512,572,662,836,938,1046]
[0,99,335,417,512,662,836,938,1046]
[0,512,662,836,938,1046]
[0,572,662,836,1046]
[0,99,885,1046]
[0,99,512,662,836,885,938,1046]
[0,99,572,885,1046]
[0,99,572,1046]
[0,99,572,662,836,938,1046]
[0,662,938,1046]
[0,99,572,662,885,1046]
[0,99,572,662,836,885,938,1046]
[0,99,836,1046]
[0,938,1046]
[0,572,885,1046]
[0,99,662,1046]
[0,335,1046]
[0,662,885,1046]
[0,885,1046]
[0,99,512,662,836,938,1046]
[0,335,512,662,836,1046]
[0,335,662,836,1046]
[0,99,512,662,836,1046]
[0,99,572,662,1046]
[0,99,335,417,512,662,836,885,938,1046]
[0,99,335,417,512,572,662,836,938,1046]
[0,99,572,662,836,1046]
[0,662,836,1046]
[0,99,335,512,662,836,938,1046]
[0,99,662,836,938,1046]
[0,335,512,662,836,938,1046]
[0,662,1046]
[0,572,1046]
[0,99,1046]
[0,99,335,512,662,836,885,938,1046]
[0,99,836,938,1046]
[0,99,662,836,1046]
[0,836,1046]
[0,572,662,885,1046]
[0,335,836,1046]
