[0,166,242,365,470,689,1557,1939,2020]
[0,243,689,1403,1939,2020]
[0,241,689,1939,2020]
[0,242,689,1253,1369,1557,2020]
[0,243,689,1939,2020]
[0,242,365,470,689,1253,1557,1939,2020]
[0,242,365,470,689,1253,1369,1557,1939,2020]
[0,242,689,1253,1369,1557,1939,2020]
[0,242,689,1253,1557,1939,2020]
[0,242,365,689,1253,1369,1557,2020]
[0,242,365,689,1253,1369,1557,1939,2020]
[0,166,242,365,470,689,1253,1557,1939,2020]
[0,242,365,689,1557,1939,2020]
[0,166,242,689,1557,1939,2020]
[0,689,2020]
[0,242,365,470,689,1253,1557,2020]
[0,241,689,2020]
[0,407,2020]
[0,166,242,365,689,1253,1369,1557,1939,2020]
[0,166,242,689,1253,1557,1939,2020]
[0,166,242,365,470,689,1557,2020]
[0,242,689,1557,2020]
[0,166,242,689,1557,2020]
[0,166,242,689,1253,1369,1557,1939,2020]
[0,241,689,1403,1939,2020]
[0,241,689,1403,2020]
[0,166,242,365,689,1253,1557,1939,2020]
[0,242,365,689,1253,1557,2020]
[0,241,689,1557,2020]
[0,689,1557,2020]
[0,242,365,470,689,1557,1939,2020]
[0,689,1403,2020]
[0,242,689,1557,1939,2020]
[0,242,689,1253,1557,2020]
[0,242,365,689,1557,2020]
[0,243,689,1557,2020]
[0,166,242,365,689,1557,2020]
[0,242,365,689,1253,1557,1939,2020]
[0,243,689,1403,2020]
[0,243,689,2020]
[0,166,242,365,689,1557,1939,2020]
[0,689,1253,1557,2020]
[0,242,365,470,689,1253,1369,1557,2020]
[0,166,242,365,470,689,1253,1369,1557,1939,2020]
[0,241,689,1557,1939,2020]
[0,242,365,470,689,1557,2020]
