[0,490,635,924,1021,1169,1810,2017]
[0,615,1169,2017]
[0,490,850,1169,2017]
[0,490,850,1169,1810,2017]
[0,924,2017]
[0,585,2017]
[0,490,924,1169,2017]
[0,490,635,850,1169,2017]
[0,1169,2017]
[0,490,635,924,1169,1810,2017]
[0,615,850,1169,1810,2017]
[0,490,635,924,1169,2017]
[0,585,1169,2017]
[0,615,850,1169,2017]
[0,615,1021,2017]
[0,615,924,1169,2017]
[0,490,2017]
[0,585,924,1169,2017]
[0,490,635,924,1021,1169,2017]
[0,490,924,1169,1810,2017]
[0,1810,2017]
[0,490,635,850,1169,1810,2017]
[0,490,1169,2017]
[0,615,2017]
