[0,237,694,917,1205,1465]
[0,694,1218,1465]
[0,220,336,474,694,917,1205,1465]
[0,707,1465]
[0,694,1465]
[0,694,917,1218,1465]
[0,193,694,917,1205,1412,1465]
[0,694,1205,1465]
[0,220,336,694,917,1205,1465]
[0,193,336,474,694,917,1205,1465]
[0,193,336,474,694,917,1205,1412,1465]
[0,220,694,917,1205,1465]
[0,712,1465]
[0,237,694,1205,1465]
[0,220,694,917,1205,1412,1465]
[0,193,694,917,1205,1465]
[0,193,336,694,917,1205,1465]
[0,707,1218,1465]
[0,712,1218,1465]
[0,474,694,917,1205,1465]
[0,220,474,694,917,1205,1465]
[0,1205,1465]
[0,193,336,694,917,1205,1412,1465]
[0,1218,1465]
[0,694,917,1205,1412,1465]
[0,694,917,1205,1465]
[0,220,336,474,694,917,1205,1412,1465]
[0,220,336,694,917,1205,1412,1465]
[0,237,694,917,1205,1412,1465]
