[0,246,420,666,830,1180]
[0,246,420,705,1028,1180]
[0,74,246,705,830,1028,1180]
[0,666,830,886,1180]
[0,246,705,1180]
[0,666,1180]
[0,246,420,705,1180]
[0,246,666,851,1028,1180]
[0,246,666,851,1180]
[0,246,666,830,886,1180]
[0,74,246,666,830,1028,1180]
[0,74,246,666,830,886,1028,1180]
[0,246,705,1028,1180]
[0,246,705,830,1028,1180]
[0,666,830,1180]
[0,246,420,666,851,1028,1180]
[0,74,246,420,666,830,899,1028,1180]
[0,705,1180]
[0,90,246,666,1180]
[0,74,246,420,705,830,886,1028,1180]
[0,74,246,420,666,830,1028,1180]
[0,74,246,420,705,830,899,1028,1180]
[0,705,886,1180]
[0,74,246,705,1028,1180]
[0,90,246,705,1180]
[0,90,246,420,666,830,1028,1180]
[0,90,246,705,1028,1180]
[0,246,420,666,851,1180]
[0,830,886,1180]
[0,74,246,420,666,830,886,1028,1180]
[0,74,246,705,830,886,1180]
[0,830,1180]
[0,90,246,705,830,1028,1180]
[0,74,246,666,1180]
[0,246,666,1028,1180]
[0,90,246,666,1028,1180]
[0,246,666,830,1180]
[0,246,420,705,830,1028,1180]
[0,246,705,886,1180]
[0,90,246,420,705,830,899,1028,1180]
[0,246,666,830,1028,1180]
[0,246,705,830,886,1180]
[0,90,246,420,666,830,899,1028,1180]
[0,90,246,666,830,1028,1180]
[0,74,246,666,830,886,1180]
[0,90,246,420,666,851,1028,1180]
[0,246,666,1180]
[0,74,246,420,705,830,1028,1180]
[0,90,246,420,705,830,1028,1180]
[0,705,830,886,1180]
[0,246,420,666,830,1028,1180]
[0,74,246,705,1180]
[0,74,246,705,830,886,1028,1180]
[0,74,246,666,830,1180]
[0,90,246,666,851,1028,1180]
[0,246,420,666,1180]
[0,74,246,705,886,1180]
