[0,850,1277,1465]
[0,582,707,784,850,1016,1228,1395,1465]
[0,582,707,784,868,1016,1101,1228,1395,1465]
[0,1277,1465]
[0,707,1016,1228,1465]
[0,707,1465]
[0,1310,1465]
[0,784,1465]
[0,850,1465]
[0,784,1310,1465]
[0,582,714,861,1016,1228,1395,1465]
[0,582,707,868,1016,1101,1228,1395,1465]
[0,707,868,1016,1228,1465]
[0,582,707,784,850,1016,1076,1228,1395,1465]
[0,707,1228,1465]
[0,707,850,1016,1228,1465]
[0,582,707,850,1016,1076,1228,1465]
[0,1016,1228,1465]
[0,1228,1465]
[0,582,707,850,1016,1228,1465]
[0,784,1016,1228,1395,1465]
[0,707,1395,1465]
[0,784,1228,1465]
[0,582,707,868,1016,1101,1228,1465]
[0,582,707,850,1016,1076,1228,1395,1465]
[0,1395,1465]
[0,582,707,850,1016,1101,1228,1465]
[0,582,707,868,1016,1228,1465]
[0,1016,1228,1395,1465]
[0,714,1016,1228,1465]
[0,582,707,850,1016,1101,1228,1395,1465]
[0,582,707,868,1016,1228,1395,1465]
[0,784,1016,1228,1465]
[0,714,1465]
[0,582,714,861,1016,1228,1465]
[0,582,707,784,868,1016,1101,1228,1465]
[0,707,850,1016,1228,1395,1465]
[0,714,1228,1465]
[0,707,1016,1228,1395,1465]
[0,714,861,1016,1228,1465]
[0,582,707,850,1016,1228,1395,1465]
