[0,1182,3074,4285]
[0,1113,1418,3074,3455,3846,3990,4285]
[0,1113,1418,2119,2680,3074,3455,3846,3990,4285]
[0,1113,2119,3074,4285]
[0,1113,1418,3074,3544,4285]
[0,1182,2119,3016,3544,4285]
[0,1182,3016,3887,3990,4285]
[0,115,1113,1418,2156,3074,3544,4285]
[0,1113,1418,2156,3074,3432,4285]
[0,1113,3074,3846,4285]
[0,1113,1418,2119,2680,3074,3685,4285]
[0,1113,3074,3685,4285]
[0,1113,1418,2156,3074,3432,4050,4285]
[0,1113,2156,2680,3432,4285]
[0,1113,3074,3846,4050,4285]
[0,1113,1418,2119,3074,3455,3990,4285]
[0,3455,4285]
[0,1113,1418,2119,3074,3455,4285]
[0,1182,1418,3016,3544,4285]
[0,3074,4285]
[0,1113,3074,3455,3846,3990,4285]
[0,1182,2119,3016,3544,3990,4285]
[0,1113,2119,2680,3455,4285]
[0,1182,3016,4285]
[0,1113,1418,2119,3074,3455,3846,3990,4285]
[0,1182,2119,2680,3016,3544,4285]
[0,1113,1418,2119,2680,3074,3685,3964,4285]
[0,1113,2680,3455,4285]
[0,1182,3016,3544,4285]
[0,1361,4285]
[0,1113,3074,3455,3990,4285]
[0,1182,1418,2119,2680,3016,3544,4285]
[0,1113,1418,3074,3432,3846,4050,4285]
[0,1182,3074,3544,4285]
[0,115,1113,1418,2119,2680,3074,3455,3846,3990,4285]
[0,3432,4285]
[0,1113,1418,3074,4285]
[0,1113,1418,3074,3432,4050,4285]
[0,1182,2119,3016,4285]
[0,1182,1418,2119,2680,3016,3544,3887,3990,4285]
[0,1113,1418,2119,3074,3685,4285]
[0,1182,3016,3544,3990,4285]
[0,1113,3074,3432,4050,4285]
[0,115,1182,1418,2119,3016,3544,4285]
[0,1113,1418,3074,3432,4285]
[0,1113,2156,4285]
[0,115,1113,1418,2156,2680,3074,3432,3846,4050,4285]
[0,1113,1418,2156,2680,3074,3432,3846,4050,4285]
[0,1113,2156,2680,3074,3432,4285]
[0,1113,2119,3074,3455,4285]
[0,1113,3074,3432,4285]
[0,1182,1418,2119,3016,3544,3990,4285]
[0,1113,2119,2680,3074,3455,4285]
[0,1113,4285]
[0,1113,1418,2156,2680,3074,3432,4285]
[0,1113,1418,2156,3074,3544,4285]
[0,1113,2156,3074,4285]
[0,1113,2156,3074,3544,4285]
[0,115,1113,1418,2119,2680,3074,3685,3964,4285]
[0,1113,1418,2156,3074,3432,3846,4050,4285]
[0,1182,3016,3544,3887,3990,4285]
[0,1113,1418,2119,2680,3074,3455,3990,4285]
[0,115,1182,1418,2119,2680,3016,3544,3887,3990,4285]
[0,1113,3074,3544,4285]
[0,1113,3432,4285]
[0,115,1182,1418,2119,2680,3016,3544,3990,4285]
[0,1182,1418,3016,3544,3887,3990,4285]
[0,1182,2119,2680,3016,3544,3990,4285]
[0,1113,1418,3074,3455,4285]
[0,1113,3074,3846,3990,4285]
[0,1113,3074,3432,3846,4050,4285]
[0,1113,2119,3074,3685,4285]
[0,1113,1418,3074,3455,3990,4285]
[0,3016,4285]
[0,1182,1418,2119,3016,3544,3887,3990,4285]
[0,1182,1418,2119,3016,3544,4285]
[0,1113,2156,3432,4285]
[0,1113,1418,2119,2680,3074,3455,4285]
[0,1113,2119,2680,3074,3685,4285]
[0,1182,3016,3887,4285]
[0,1361,3778,4285]
[0,115,1182,1418,2119,2680,3016,3544,4285]
[0,1113,3074,3455,4285]
[0,1182,1418,2119,2680,3016,3544,3990,4285]
[0,1113,3455,4285]
[0,1182,3887,4285]
[0,1113,3074,4285]
[0,1182,1418,3016,3544,3990,4285]
[0,1113,1418,2119,3074,4285]
[0,1113,2156,3074,3432,4285]
[0,1113,1418,2156,2680,3074,3432,4050,4285]
[0,1113,2680,3432,4285]
[0,1182,4285]
