[0,59,329,394,641,1180]
[0,200,277,329,394,1180]
[0,200,394,641,1180]
[0,350,1076,1180]
[0,59,329,394,1180]
[0,200,394,944,1018,1180]
[0,59,329,394,944,1010,1180]
[0,329,394,944,1010,1180]
[0,200,381,1135,1180]
[0,641,1180]
[0,329,641,1180]
[0,59,200,1180]
[0,200,277,329,394,944,1018,1135,1180]
[0,277,329,394,944,1018,1180]
[0,59,200,1135,1180]
[0,59,200,329,394,641,1180]
[0,200,329,394,944,1018,1180]
[0,200,350,1123,1180]
[0,59,329,394,1135,1180]
[0,329,394,944,1018,1180]
[0,350,1180]
[0,200,381,1180]
[0,329,944,1010,1180]
[0,944,1180]
[0,200,1180]
[0,200,329,394,944,1180]
[0,200,394,1180]
[0,200,944,1180]
[0,59,200,249,329,394,944,1010,1180]
[0,59,200,329,394,944,1180]
[0,59,200,249,329,394,944,1010,1135,1180]
[0,1135,1180]
[0,59,200,329,394,641,1135,1180]
[0,277,329,394,1180]
[0,59,200,329,394,944,1010,1180]
[0,200,1135,1180]
[0,59,200,329,394,1135,1180]
[0,329,394,944,1018,1135,1180]
[0,329,394,944,1180]
[0,329,944,1018,1180]
[0,329,1180]
[0,200,329,394,944,1010,1180]
[0,59,329,394,944,1180]
[0,277,329,394,944,1018,1135,1180]
[0,200,394,944,1180]
[0,59,329,394,944,1135,1180]
[0,59,200,329,394,944,1010,1135,1180]
[0,329,1123,1180]
[0,59,329,394,944,1010,1135,1180]
[0,329,394,1135,1180]
[0,200,329,394,1180]
[0,200,1123,1180]
[0,329,394,944,1135,1180]
[0,200,329,394,641,1180]
[0,200,381,641,1135,1180]
[0,59,200,329,394,1180]
[0,329,394,1180]
[0,200,641,1180]
[0,329,944,1180]
[0,200,277,329,394,944,1018,1180]
[0,200,394,944,1010,1180]
[0,200,350,1180]
[0,200,277,329,394,944,1180]
[0,329,394,641,1135,1180]
[0,329,1135,1180]
[0,59,200,249,329,394,944,1180]
[0,329,394,641,1180]
[0,200,381,641,1180]
