[0,269,375,504,623,827,969]
[0,164,269,375,445,504,653,725,850,969]
[0,206,504,728,969]
[0,164,269,375,504,623,827,969]
[0,269,504,728,969]
[0,269,504,623,726,827,969]
[0,44,269,422,504,623,726,827,969]
[0,269,422,504,728,969]
[0,44,269,445,504,969]
[0,269,422,504,827,969]
[0,164,269,375,504,623,969]
[0,164,375,504,969]
[0,164,326,504,728,969]
[0,44,269,422,504,728,969]
[0,44,269,375,445,504,623,726,827,969]
[0,206,520,969]
[0,164,375,969]
[0,44,164,206,269,375,445,504,623,726,827,969]
[0,206,969]
[0,269,422,504,623,827,969]
[0,269,504,623,827,969]
[0,269,422,504,623,726,827,969]
[0,44,269,422,504,623,827,969]
[0,44,269,375,445,504,623,969]
[0,269,504,850,969]
[0,164,269,504,623,726,827,969]
[0,269,504,653,850,969]
[0,44,269,445,504,850,969]
[0,445,969]
[0,269,504,623,969]
[0,326,504,969]
[0,164,269,504,623,827,969]
[0,164,504,969]
[0,164,269,375,445,504,623,969]
[0,164,269,375,504,653,725,850,969]
[0,326,504,728,969]
[0,44,269,375,445,504,623,827,969]
[0,164,269,375,445,504,623,726,827,969]
[0,269,445,504,850,969]
[0,44,269,375,445,504,653,725,850,969]
[0,269,422,504,623,969]
[0,504,728,969]
[0,269,504,827,969]
[0,269,375,504,623,969]
[0,44,164,269,375,445,504,653,725,850,969]
[0,269,504,653,969]
[0,269,445,504,623,969]
[0,164,206,269,375,445,504,623,827,969]
[0,164,269,504,623,969]
[0,44,269,422,504,827,969]
[0,269,375,445,504,623,969]
[0,269,504,653,725,969]
[0,164,269,375,504,653,850,969]
[0,44,269,445,504,653,725,850,969]
[0,164,969]
[0,44,164,269,375,445,504,623,726,827,969]
[0,164,269,504,653,725,850,969]
[0,44,164,206,269,375,445,504,653,725,850,969]
[0,375,969]
[0,206,504,969]
[0,520,969]
[0,164,206,269,375,445,504,623,726,827,969]
[0,269,969]
[0,269,445,504,969]
[0,164,445,969]
[0,269,445,504,653,725,850,969]
[0,164,269,504,653,850,969]
[0,164,269,375,445,504,623,827,969]
[0,269,504,969]
[0,269,375,445,504,653,725,850,969]
[0,164,206,269,375,445,504,653,725,850,969]
[0,326,969]
[0,44,206,504,728,969]
[0,269,504,653,725,850,969]
[0,269,375,504,623,726,827,969]
[0,269,375,445,504,623,827,969]
[0,164,269,375,504,623,726,827,969]
[0,269,375,504,653,850,969]
[0,326,728,969]
[0,269,375,445,504,623,726,827,969]
[0,164,206,269,375,445,504,623,969]
[0,504,969]
[0,269,375,504,653,725,850,969]
[0,44,269,422,504,623,969]
