[0,42,228,390,683,830,969]
[0,228,351,400,583,731,824,969]
[0,228,357,598,651,738,969]
[0,354,583,731,969]
[0,228,394,668,969]
[0,42,422,598,651,738,824,969]
[0,228,354,731,824,969]
[0,42,422,738,969]
[0,422,969]
[0,42,228,390,731,824,969]
[0,178,228,354,731,824,969]
[0,738,824,969]
[0,42,228,357,598,651,738,969]
[0,42,390,824,969]
[0,357,598,651,738,969]
[0,228,390,683,830,969]
[0,42,178,228,354,400,583,731,969]
[0,379,738,969]
[0,42,228,422,738,824,969]
[0,668,969]
[0,178,228,354,583,731,969]
[0,351,969]
[0,422,738,824,969]
[0,390,731,824,969]
[0,354,731,969]
[0,683,969]
[0,738,969]
[0,390,683,969]
[0,42,824,969]
[0,42,738,824,969]
[0,178,228,354,583,731,824,969]
[0,357,668,830,969]
[0,357,830,969]
[0,42,228,390,824,969]
[0,42,228,422,598,651,738,824,969]
[0,824,969]
[0,228,351,731,824,969]
[0,228,422,738,824,969]
[0,357,969]
[0,379,969]
[0,830,969]
[0,394,668,969]
[0,42,228,357,738,969]
[0,390,830,969]
[0,228,422,598,651,738,824,969]
[0,228,354,583,731,969]
[0,228,351,583,731,969]
[0,178,228,357,598,651,738,969]
[0,178,228,354,400,583,731,824,969]
[0,42,228,390,731,969]
[0,178,228,354,731,969]
[0,42,357,668,830,969]
[0,228,390,683,969]
[0,228,390,683,824,969]
[0,228,422,651,738,969]
[0,228,354,731,969]
[0,42,178,228,354,400,583,731,824,969]
[0,42,228,351,400,731,969]
[0,228,357,651,738,969]
[0,394,830,969]
[0,228,390,824,969]
[0,42,228,351,731,969]
[0,42,422,598,651,738,969]
[0,42,228,357,598,651,738,824,969]
[0,422,598,651,738,969]
[0,228,351,731,969]
[0,228,390,731,824,969]
[0,228,422,738,969]
[0,422,651,738,824,969]
[0,228,354,583,731,824,969]
[0,228,390,731,969]
[0,357,668,969]
[0,42,178,228,354,400,731,969]
[0,351,583,731,969]
[0,178,228,354,400,731,969]
[0,390,824,969]
[0,357,738,969]
[0,178,228,357,738,969]
[0,178,228,357,598,651,738,824,969]
[0,228,422,651,738,824,969]
[0,42,178,228,357,598,651,738,824,969]
[0,394,668,830,969]
[0,228,394,668,830,969]
[0,42,178,228,354,731,969]
[0,178,228,354,400,583,731,969]
[0,422,651,738,969]
[0,42,738,969]
[0,390,969]
[0,42,228,390,683,824,969]
[0,42,394,668,830,969]
[0,42,228,351,400,583,731,824,969]
[0,178,228,357,651,738,969]
[0,228,357,738,969]
[0,351,731,969]
[0,42,390,731,969]
[0,228,351,400,731,969]
[0,422,598,651,738,824,969]
[0,42,228,357,651,738,969]
[0,228,390,969]
[0,42,228,351,400,583,731,969]
[0,42,228,394,668,830,969]
[0,390,683,824,969]
[0,228,357,651,738,824,969]
[0,720,969]
[0,731,969]
[0,228,351,400,583,731,969]
[0,390,731,969]
[0,357,651,738,969]
[0,422,738,969]
[0,42,390,683,830,969]
[0,228,357,738,824,969]
[0,42,422,738,824,969]
[0,228,351,583,731,824,969]
[0,42,228,354,731,969]
[0,394,969]
[0,390,683,830,969]
[0,228,357,598,651,738,824,969]
[0,354,969]
