[0,93,233,1134,1343]
[0,93,233,1012,1134,1259,1343]
[0,127,549,632,1134,1343]
[0,127,549,1343]
[0,540,1343]
[0,93,233,549,1012,1134,1343]
[0,93,549,1012,1134,1343]
[0,233,549,1012,1146,1343]
[0,93,233,549,671,1012,1146,1343]
[0,549,1012,1146,1343]
[0,540,1012,1343]
[0,93,540,671,1012,1146,1343]
[0,93,233,1343]
[0,229,1343]
[0,127,1012,1146,1343]
[0,93,233,549,671,1012,1134,1259,1343]
[0,632,1343]
[0,127,1134,1343]
[0,127,229,1012,1146,1343]
[0,93,233,1012,1134,1343]
[0,93,1146,1343]
[0,127,549,1012,1343]
[0,540,671,1012,1146,1343]
[0,233,1343]
[0,93,233,632,1012,1134,1259,1343]
[0,93,233,549,671,1012,1134,1343]
[0,127,1343]
[0,127,549,1012,1134,1343]
[0,127,229,1343]
[0,93,233,1146,1343]
[0,93,540,1012,1146,1343]
[0,93,233,549,1012,1146,1343]
[0,247,540,1012,1146,1343]
[0,233,632,1343]
[0,93,247,540,671,1012,1146,1343]
[0,93,233,632,1012,1134,1343]
[0,127,1012,1134,1259,1343]
[0,127,549,632,1012,1134,1259,1343]
[0,549,1012,1343]
[0,549,1343]
[0,93,549,632,1134,1343]
[0,93,247,1146,1343]
[0,93,233,1012,1146,1343]
[0,127,632,1146,1343]
[0,233,632,1012,1134,1343]
[0,93,549,632,1343]
[0,127,549,632,1012,1134,1343]
[0,632,1012,1146,1343]
[0,233,549,1012,1343]
[0,127,549,1012,1146,1343]
[0,93,233,549,632,1012,1134,1259,1343]
[0,1134,1343]
[0,233,549,671,1012,1146,1343]
[0,93,1343]
[0,233,1012,1343]
[0,233,1146,1343]
[0,247,1343]
[0,632,1134,1343]
[0,93,247,1134,1343]
[0,127,229,632,1012,1146,1343]
[0,127,632,1134,1343]
[0,247,540,1012,1343]
[0,93,549,632,1012,1134,1343]
[0,247,1134,1343]
[0,127,229,549,632,1012,1146,1343]
[0,339,1343]
[0,247,540,671,1012,1146,1343]
[0,549,1134,1343]
[0,93,1012,1134,1343]
[0,233,1012,1134,1343]
[0,247,1012,1146,1343]
[0,233,549,671,1012,1134,1343]
[0,540,1012,1146,1343]
[0,1012,1134,1343]
[0,127,549,632,1012,1146,1343]
[0,127,632,1012,1146,1343]
[0,127,549,632,1146,1343]
[0,1012,1343]
[0,1146,1343]
[0,233,549,1012,1134,1343]
[0,549,1012,1134,1343]
[0,93,549,1343]
[0,93,233,549,632,1012,1134,1343]
[0,233,1134,1343]
[0,127,1012,1134,1343]
[0,632,1146,1343]
[0,93,247,1343]
[0,127,1146,1343]
[0,247,1012,1343]
[0,233,632,1134,1343]
[0,247,1146,1343]
[0,93,1134,1343]
[0,93,247,1012,1146,1343]
[0,93,1012,1146,1343]
[0,127,549,1012,1134,1259,1343]
[0,233,1012,1146,1343]
[0,93,549,1134,1343]
[0,127,549,632,1343]
[0,1012,1146,1343]
