[0,456,628,903,978,1078,1419]
[0,628,1376,1419]
[0,456,748,1078,1255,1419]
[0,456,748,903,978,1376,1419]
[0,456,978,1378,1419]
[0,456,790,978,1419]
[0,456,978,1078,1419]
[0,456,903,1078,1419]
[0,456,748,903,978,1078,1255,1376,1419]
[0,456,978,1419]
[0,456,748,903,978,1078,1419]
[0,456,748,903,1078,1419]
[0,456,748,903,978,1078,1255,1419]
[0,456,628,903,1078,1255,1419]
[0,456,628,903,978,1078,1255,1419]
[0,456,628,903,978,1078,1378,1419]
[0,456,628,903,978,1376,1419]
[0,628,903,978,1376,1419]
[0,456,628,790,903,1078,1255,1419]
[0,456,790,903,978,1078,1378,1419]
[0,456,903,978,1419]
[0,456,790,1078,1419]
[0,456,628,790,903,1078,1419]
[0,628,978,1419]
[0,456,628,790,903,978,1078,1255,1378,1419]
[0,347,628,903,978,1419]
[0,456,628,903,978,1419]
[0,456,748,903,978,1419]
[0,456,903,978,1378,1419]
[0,456,748,903,1078,1255,1419]
[0,628,1419]
[0,456,748,1078,1419]
[0,456,628,790,903,978,1078,1419]
[0,456,628,978,1378,1419]
[0,456,790,903,978,1078,1419]
[0,628,903,978,1419]
[0,456,903,978,1078,1419]
[0,456,1419]
[0,456,790,903,978,1419]
[0,347,628,978,1419]
[0,456,790,1078,1255,1419]
[0,456,748,978,1419]
[0,456,628,1078,1419]
[0,456,790,903,978,1078,1255,1378,1419]
[0,628,978,1378,1419]
[0,456,628,903,1078,1419]
[0,628,978,1376,1419]
[0,456,628,903,978,1078,1376,1419]
[0,456,628,790,903,978,1078,1255,1419]
[0,456,790,903,1078,1255,1419]
[0,456,628,903,978,1078,1255,1376,1419]
[0,344,628,978,1419]
[0,456,790,903,978,1078,1255,1419]
[0,347,628,903,978,1376,1419]
[0,456,748,903,978,1078,1376,1419]
[0,456,903,978,1376,1419]
[0,456,790,903,978,1378,1419]
[0,347,628,978,1376,1419]
[0,456,628,903,978,1078,1255,1378,1419]
[0,344,628,978,1378,1419]
[0,456,628,903,978,1378,1419]
[0,456,790,903,1078,1419]
[0,456,1078,1419]
[0,456,628,978,1419]
[0,456,978,1376,1419]
