[0,911,1265,1465]
[0,911,1399,1465]
[0,226,668,911,1383,1465]
[0,226,668,911,1253,1465]
[0,273,1115,1465]
[0,689,911,1115,1253,1465]
[0,226,689,911,1465]
[0,226,689,911,1004,1253,1465]
[0,226,689,911,1115,1253,1399,1465]
[0,226,689,911,1004,1253,1399,1465]
[0,226,668,926,1357,1465]
[0,689,911,1465]
[0,226,668,911,1115,1253,1465]
[0,689,911,1399,1465]
[0,226,911,1465]
[0,226,689,911,1115,1162,1253,1399,1465]
[0,911,1465]
[0,668,911,1115,1253,1465]
[0,226,689,911,1115,1253,1383,1465]
[0,226,689,911,1399,1465]
[0,668,911,1383,1465]
[0,668,911,1253,1465]
[0,226,911,1265,1465]
[0,226,689,911,1115,1253,1465]
[0,1265,1465]
[0,689,911,1253,1465]
[0,668,926,1357,1465]
[0,226,689,911,1115,1162,1253,1383,1465]
[0,926,1465]
[0,1399,1465]
[0,668,911,1465]
[0,226,689,911,1253,1465]
[0,226,668,911,1004,1253,1383,1465]
[0,226,668,911,1465]
[0,1115,1465]
[0,226,689,911,1253,1399,1465]
[0,226,668,911,1115,1162,1253,1383,1465]
[0,226,668,911,1253,1383,1465]
[0,226,668,911,1115,1253,1383,1465]
[0,226,668,911,1004,1253,1465]
[0,668,926,1465]
[0,226,668,926,1465]
