[0,510,1180]
[0,262,510,1180]
[0,47,196,263,510,614,966,1180]
[0,196,510,614,966,1180]
[0,47,966,1180]
[0,47,262,579,966,1180]
[0,47,262,510,614,966,1180]
[0,196,614,1180]
[0,47,614,966,1180]
[0,196,510,614,1180]
[0,47,510,614,966,1180]
[0,262,510,614,966,1180]
[0,579,966,1180]
[0,614,966,1180]
[0,579,1180]
[0,196,510,966,1180]
[0,47,196,510,614,1180]
[0,47,510,614,1180]
[0,262,510,966,1180]
[0,510,614,966,1180]
[0,47,196,510,614,966,1180]
[0,614,1180]
[0,262,579,1180]
[0,47,579,966,1180]
[0,510,614,1180]
[0,196,263,510,614,966,1180]
[0,262,579,966,1180]
[0,510,966,1180]
[0,966,1180]
