[0,45,213,382,550,669,965,1197]
[0,213,372,542,666,965,1197]
[0,328,1197]
[0,45,213,382,1197]
[0,669,1197]
[0,382,965,1197]
[0,213,372,1197]
[0,45,382,965,1197]
[0,213,382,550,669,1197]
[0,45,213,382,589,669,864,965,1197]
[0,382,669,965,1197]
[0,45,213,382,589,669,965,1197]
[0,213,382,550,669,965,1197]
[0,213,382,864,965,1197]
[0,45,213,321,382,589,669,864,965,1197]
[0,45,213,382,550,669,1197]
[0,213,372,542,965,1197]
[0,213,382,669,965,1197]
[0,213,382,589,1197]
[0,45,213,321,382,589,669,965,1197]
[0,213,372,542,1197]
[0,213,382,550,965,1197]
[0,213,382,589,864,965,1197]
[0,213,382,965,1197]
[0,45,213,372,542,666,965,1197]
[0,213,382,1197]
[0,372,965,1197]
[0,45,213,321,382,589,669,965,1146,1197]
[0,45,382,669,965,1146,1197]
[0,328,669,1197]
[0,45,213,382,965,1197]
[0,213,321,382,589,669,864,965,1197]
[0,372,1197]
[0,213,382,589,669,1197]
[0,372,542,1197]
[0,45,213,382,589,669,1197]
[0,382,589,1197]
[0,382,589,965,1197]
[0,321,1197]
[0,382,965,1146,1197]
[0,213,372,542,666,1197]
[0,213,382,550,1197]
[0,45,213,382,550,1197]
[0,382,1197]
[0,213,382,589,669,965,1197]
[0,213,382,589,669,864,965,1197]
[0,213,321,382,589,669,965,1197]
[0,372,542,965,1197]
[0,213,321,382,589,669,965,1146,1197]
[0,213,372,965,1197]
[0,213,382,589,965,1197]
[0,382,669,965,1146,1197]
[0,45,213,372,1197]
[0,382,669,1197]
[0,45,213,372,542,1197]
[0,45,382,965,1146,1197]
[0,59,382,965,1197]
[0,45,382,669,965,1197]
[0,45,213,372,542,666,1197]
[0,321,965,1197]
