[0,1579,3353]
[0,631,1314,1528,2946,3213,3353]
[0,298,631,1579,2926,3353]
[0,55,631,1314,1676,2926,3223,3353]
[0,298,631,1314,1579,2926,3353]
[0,293,631,1093,1314,1528,2447,2946,3353]
[0,293,631,1093,1314,1528,1673,2447,2946,3353]
[0,293,631,1093,1314,1528,1673,2946,3353]
[0,1676,2926,3223,3353]
[0,298,631,1676,2926,3353]
[0,293,631,1314,1528,2447,2946,3353]
[0,631,1579,3353]
[0,631,1314,1668,2946,3353]
[0,631,1314,1579,3353]
[0,298,631,1093,1579,2926,3223,3353]
[0,55,631,1314,3223,3353]
[0,631,1526,3353]
[0,293,631,1528,2447,2946,3353]
[0,293,631,1093,1314,1528,1673,2946,3213,3353]
[0,55,631,1314,3353]
[0,631,1314,1528,3353]
[0,1314,3353]
[0,293,631,1314,1528,1673,2447,2946,3213,3353]
[0,631,1528,2946,3353]
[0,1528,2447,3353]
[0,55,293,631,1093,1528,2946,3213,3353]
[0,293,631,1093,1314,1528,1673,2447,2946,3213,3353]
[0,293,631,1528,2946,3353]
[0,55,3353]
[0,1668,3353]
[0,1579,2926,3353]
[0,1676,2926,3353]
[0,55,631,1314,1668,2946,3213,3353]
[0,55,293,631,1093,1314,1528,2946,3213,3353]
[0,631,1528,2946,3213,3353]
[0,1528,2946,3213,3353]
[0,631,1314,3353]
[0,55,293,631,1314,1528,1673,2946,3213,3353]
[0,293,631,1093,1528,2946,3353]
[0,631,1093,1579,2926,3353]
[0,293,631,1314,1668,2946,3353]
[0,293,631,1314,1528,2946,3213,3353]
[0,298,631,1093,1579,2926,3353]
[0,631,1093,1579,3353]
[0,631,1093,1528,2447,2946,3353]
[0,631,1314,1528,2946,3353]
[0,1528,2946,3353]
[0,293,631,1093,1314,1528,2946,3353]
[0,55,293,631,1314,1528,1673,2447,2946,3213,3353]
[0,55,298,631,1093,1579,2926,3223,3353]
[0,631,1528,2447,2946,3353]
[0,1676,3353]
[0,55,631,1526,3353]
[0,631,1093,1528,2946,3353]
[0,1526,3353]
[0,1209,3353]
[0,298,631,1314,1676,2926,3353]
[0,631,1314,1676,2926,3223,3353]
[0,55,1314,3353]
[0,631,1314,3223,3353]
[0,55,298,631,1676,2926,3223,3353]
[0,631,1676,3353]
[0,631,1314,1676,3353]
[0,631,1093,1579,2926,3223,3353]
[0,1528,3353]
[0,631,1314,1668,2946,3213,3353]
[0,631,1528,2447,3353]
[0,631,1579,2926,3353]
[0,631,1314,1579,2926,3223,3353]
[0,293,631,1314,1528,1673,2946,3213,3353]
[0,631,1579,2926,3223,3353]
[0,298,631,1676,2926,3223,3353]
[0,1579,2926,3223,3353]
[0,631,1676,2926,3353]
[0,55,631,1314,1676,3223,3353]
[0,293,631,1093,1314,1528,2946,3213,3353]
[0,631,1528,3353]
[0,55,631,1093,1528,2946,3213,3353]
[0,631,1314,1579,2926,3353]
[0,1314,3223,3353]
[0,1668,2946,3353]
[0,631,1314,1676,3223,3353]
[0,631,1093,1528,2946,3213,3353]
[0,298,631,1314,1676,2926,3223,3353]
[0,293,631,1093,1528,2447,2946,3353]
[0,298,631,1314,1579,2926,3223,3353]
[0,55,293,631,1093,1314,1528,1673,2447,2946,3213,3353]
[0,55,293,631,1093,1314,1528,1673,2946,3213,3353]
[0,293,631,1314,1668,2946,3213,3353]
[0,631,1676,2926,3223,3353]
[0,293,631,1314,1528,1673,2447,2946,3353]
[0,631,1314,1676,2926,3353]
[0,55,293,631,1314,1668,2946,3213,3353]
[0,631,1093,1528,2447,3353]
[0,293,631,1314,1528,1673,2946,3353]
[0,631,3353]
[0,1668,2946,3213,3353]
[0,631,1668,2946,3213,3353]
[0,631,1668,2946,3353]
[0,55,1314,3223,3353]
[0,631,1314,1668,3353]
[0,55,631,1314,1668,3353]
[0,631,1668,3353]
[0,55,293,631,1314,1528,2946,3213,3353]
[0,55,631,1314,1528,2946,3213,3353]
[0,55,298,631,1314,1676,2926,3223,3353]
[0,293,631,1093,1528,2946,3213,3353]
[0,55,298,631,1314,1579,2926,3223,3353]
[0,293,631,1314,1528,2946,3353]
[0,631,1093,1528,3353]
