[0,647,913,1076,1427]
[0,1112,1427]
[0,55,640,913,1112,1427]
[0,640,913,1112,1427]
[0,55,640,913,1076,1197,1427]
[0,55,647,913,1076,1197,1427]
[0,55,640,913,1076,1285,1427]
[0,55,647,913,1076,1285,1427]
[0,55,640,840,913,1076,1285,1427]
[0,55,647,840,913,1076,1285,1427]
[0,55,522,647,840,913,1076,1285,1427]
[0,840,1112,1427]
[0,640,840,913,1076,1285,1427]
[0,647,840,913,1076,1285,1427]
[0,55,522,640,913,1076,1285,1427]
[0,55,522,647,913,1076,1285,1427]
[0,55,522,640,840,913,1076,1285,1427]
[0,522,640,913,1076,1285,1427]
[0,522,647,913,1076,1285,1427]
[0,640,913,1076,1197,1427]
[0,55,640,913,1076,1427]
[0,647,913,1076,1197,1427]
[0,522,647,840,913,1076,1285,1427]
[0,1067,1427]
[0,647,913,1076,1285,1427]
[0,913,1427]
[0,640,913,1076,1427]
[0,640,913,1427]
[0,522,640,840,913,1076,1285,1427]
[0,55,840,1112,1427]
[0,647,913,1427]
[0,640,913,1076,1285,1427]
