[0,239,390,1482,1746,1875]
[0,811,1482,1875]
[0,390,987,1323,1482,1875]
[0,130,239,390,811,1323,1482,1746,1875]
[0,987,1482,1875]
[0,201,390,653,1482,1746,1875]
[0,239,390,653,1482,1875]
[0,239,390,1482,1875]
[0,390,653,1482,1875]
[0,239,390,987,1482,1875]
[0,390,987,1482,1875]
[0,239,390,987,1323,1482,1875]
[0,130,239,390,987,1482,1746,1875]
[0,130,239,390,811,1482,1746,1875]
[0,130,239,390,653,1482,1746,1875]
[0,130,239,390,987,1110,1482,1746,1875]
[0,239,1875]
[0,289,1482,1875]
[0,239,390,811,1323,1482,1746,1875]
[0,390,811,1323,1482,1875]
[0,811,1875]
[0,239,390,987,1323,1482,1746,1875]
[0,357,1482,1875]
[0,239,390,811,1482,1875]
[0,201,390,1482,1746,1875]
[0,239,390,987,1110,1482,1746,1875]
[0,239,1482,1875]
[0,390,811,1482,1875]
[0,390,1482,1875]
[0,201,390,653,1482,1875]
[0,390,1875]
[0,201,390,1482,1875]
[0,239,390,987,1482,1746,1875]
[0,987,1875]
[0,1482,1875]
[0,239,390,987,1110,1482,1875]
[0,289,1875]
[0,201,390,987,1482,1875]
[0,239,390,811,1323,1482,1875]
[0,357,1875]
[0,239,390,811,1482,1746,1875]
[0,130,239,390,987,1323,1482,1746,1875]
[0,239,390,653,1482,1746,1875]
[0,201,390,987,1482,1746,1875]
