[0,472,603,969]
[0,77,248,399,603,922,969]
[0,473,969]
[0,77,603,969]
[0,248,472,969]
[0,399,603,969]
[0,469,603,969]
[0,77,176,399,472,603,969]
[0,77,429,603,922,969]
[0,77,248,399,472,603,922,969]
[0,77,176,399,472,603,662,969]
[0,77,248,399,469,603,922,969]
[0,77,176,399,469,603,662,922,969]
[0,176,472,603,969]
[0,77,399,469,603,922,969]
[0,77,248,472,603,969]
[0,77,399,469,603,662,969]
[0,472,969]
[0,77,429,603,969]
[0,77,248,969]
[0,77,248,429,969]
[0,77,248,399,469,603,662,922,969]
[0,399,969]
[0,248,429,603,969]
[0,248,603,969]
[0,77,472,969]
[0,77,248,603,922,969]
[0,429,603,969]
[0,248,429,969]
[0,77,248,399,472,603,662,922,969]
[0,399,472,603,969]
[0,77,248,399,472,603,969]
[0,77,969]
[0,77,399,472,603,969]
[0,176,469,969]
[0,77,472,603,969]
[0,469,969]
[0,77,248,429,603,922,969]
[0,77,399,922,969]
[0,77,399,469,603,969]
[0,399,469,603,969]
[0,77,248,399,469,603,969]
[0,248,969]
[0,77,473,969]
[0,77,248,429,603,969]
[0,77,922,969]
[0,77,176,469,603,969]
[0,77,176,399,472,603,662,922,969]
[0,77,176,472,603,969]
[0,77,176,399,472,603,922,969]
[0,176,472,969]
[0,77,176,399,469,603,922,969]
[0,77,469,603,969]
[0,248,399,603,969]
[0,77,248,399,472,603,662,969]
[0,77,248,399,469,603,662,969]
[0,77,248,603,969]
[0,248,469,969]
[0,77,176,399,469,603,662,969]
[0,77,176,399,469,603,969]
[0,176,469,603,969]
[0,77,248,399,603,969]
[0,603,922,969]
[0,77,248,469,603,969]
[0,77,603,922,969]
[0,77,399,969]
[0,603,969]
[0,77,399,472,603,922,969]
[0,77,399,472,603,662,969]
[0,248,469,603,969]
[0,77,472,922,969]
[0,248,472,603,969]
[0,399,472,603,922,969]
[0,399,469,603,922,969]
[0,922,969]
