[0,197,362,545,1174,1538,2017]
[0,298,545,1174,2017]
[0,197,362,545,2017]
[0,197,298,362,545,1260,1538,1702,2017]
[0,298,545,2017]
[0,197,362,545,1260,1538,1702,2017]
[0,197,545,1260,1538,2017]
[0,1260,1538,2017]
[0,298,2017]
[0,197,298,362,545,1260,1538,2017]
[0,1255,2017]
[0,298,1174,2017]
[0,362,545,2017]
[0,545,1260,1538,2017]
[0,197,362,545,1260,1538,2017]
[0,298,545,1255,2017]
[0,298,1255,2017]
[0,197,545,1174,1538,2017]
[0,197,545,1260,2017]
[0,197,545,1174,2017]
[0,545,1260,2017]
[0,545,1174,2017]
[0,197,362,545,1260,2017]
[0,197,298,362,545,1260,1538,1732,2017]
[0,197,362,545,1260,1538,1732,2017]
[0,362,1255,2017]
[0,197,545,1174,1538,1732,2017]
[0,1133,2017]
[0,197,362,545,1174,2017]
[0,545,2017]
[0,197,362,545,1174,1538,1732,2017]
[0,545,1174,1538,2017]
[0,1174,1538,2017]
[0,1260,2017]
[0,362,1133,2017]
[0,197,2017]
[0,362,2017]
[0,1174,2017]
[0,197,545,1260,1538,1732,2017]
[0,197,545,2017]
[0,197,298,362,545,1260,2017]
