[0,85,547,1429,1847,1976,2120]
[0,85,547,1429,2120]
[0,85,2120]
[0,1429,1847,2120]
[0,545,1428,1847,2120]
[0,1502,2120]
[0,85,250,545,1428,2120]
[0,547,923,1502,2120]
[0,465,545,923,1502,1847,1976,2120]
[0,250,545,1428,2120]
[0,545,1502,1847,1976,2120]
[0,85,1428,2120]
[0,545,923,1502,1847,1976,2120]
[0,86,1503,2120]
[0,64,1502,2120]
[0,140,1502,2120]
[0,465,545,1502,1847,1976,2120]
[0,85,250,545,1502,2120]
[0,64,465,545,1428,1847,1976,2120]
[0,465,545,1502,1847,2120]
[0,545,1502,1847,2120]
[0,545,923,1502,1847,2120]
[0,85,1429,1847,2120]
[0,547,1429,1847,1976,2120]
[0,85,547,1502,1847,1976,2120]
[0,547,1502,1847,1976,2120]
[0,64,2120]
[0,547,1429,2120]
[0,545,1428,1847,1976,2120]
[0,547,1429,1847,2120]
[0,545,923,1502,2120]
[0,1502,1847,1976,2120]
[0,1503,2120]
[0,250,545,1502,2120]
[0,85,547,923,1502,1847,1976,2120]
[0,64,465,545,1502,1847,1976,2120]
[0,85,465,547,1429,1847,1976,2120]
[0,465,545,1428,1847,1976,2120]
[0,465,545,1502,2120]
[0,85,1429,2120]
[0,64,545,1428,2120]
[0,1428,2120]
[0,85,547,1429,1847,2120]
[0,547,1502,1847,2120]
[0,85,547,1502,2120]
[0,140,2120]
[0,85,1502,1847,2120]
[0,64,545,1502,2120]
[0,547,923,1502,1847,1976,2120]
[0,250,1502,2120]
[0,465,545,1428,1847,2120]
[0,545,1428,2120]
[0,64,465,545,1428,1847,2120]
[0,1429,2120]
[0,1429,1847,1976,2120]
[0,64,465,545,1502,1847,2120]
[0,547,1502,2120]
[0,465,545,1428,2120]
[0,86,2120]
[0,1502,1847,2120]
[0,85,1429,1847,1976,2120]
[0,85,1502,2120]
[0,85,465,547,1502,1847,1976,2120]
[0,86,1502,2120]
[0,64,465,545,1428,2120]
[0,85,465,547,1429,1847,2120]
[0,85,465,547,1502,1847,2120]
[0,85,1502,1847,1976,2120]
[0,547,923,1502,1847,2120]
[0,85,547,1502,1847,2120]
[0,545,1502,2120]
[0,85,465,547,923,1502,1847,1976,2120]
[0,85,465,547,1502,2120]
[0,85,250,1502,2120]
[0,85,465,547,1429,2120]
[0,64,465,545,923,1502,1847,1976,2120]
[0,64,465,545,1502,2120]
[0,85,545,1428,2120]
[0,64,1428,2120]
