[0,626,1253,1432,2047,2824]
[0,626,1182,1432,2047,2526,2641,2824]
[0,626,1253,2047,2824]
[0,626,1182,1432,2641,2824]
[0,626,1140,1432,2526,2641,2824]
[0,1276,2824]
[0,1182,2050,2824]
[0,1432,2824]
[0,626,1253,2047,2526,2824]
[0,626,1182,1432,2047,2329,2824]
[0,626,1253,1432,2047,2526,2824]
[0,626,1140,1432,2047,2526,2824]
[0,1276,2047,2824]
[0,626,1253,2824]
[0,626,1182,2047,2526,2824]
[0,626,2824]
[0,626,1182,1432,2824]
[0,626,1182,2050,2824]
[0,626,1253,1432,2824]
[0,626,2641,2824]
[0,626,1432,2047,2824]
[0,1182,2047,2824]
[0,626,1253,1432,2047,2526,2641,2824]
[0,1253,2824]
[0,626,1182,1432,2526,2641,2824]
[0,626,1140,1432,2824]
[0,626,1432,2047,2526,2824]
[0,626,1253,2047,2526,2641,2824]
[0,626,1182,1432,2050,2824]
[0,626,1140,1432,2047,2824]
[0,626,1276,2047,2824]
[0,626,1140,1432,2047,2526,2641,2824]
[0,1253,2047,2824]
[0,626,1276,2824]
[0,1182,2824]
[0,626,1182,1432,2047,2526,2824]
[0,626,1182,1432,2047,2329,2641,2824]
[0,626,1182,2047,2824]
[0,626,1432,2824]
[0,626,1182,2047,2329,2824]
[0,626,1182,1432,2047,2824]
[0,626,1140,1432,2641,2824]
[0,1182,1432,2824]
