[0,553,691,1255,1749,1862,2211]
[0,553,691,1195,1375,1659,2211]
[0,1375,2211]
[0,553,691,898,1255,1749,2211]
[0,553,691,1301,1749,2211]
[0,642,1375,2211]
[0,642,2211]
[0,691,1375,1659,2211]
[0,691,898,1255,1749,2211]
[0,553,691,1255,1749,2211]
[0,691,1195,2211]
[0,691,1195,1375,1659,2211]
[0,553,691,898,1123,1255,1749,2211]
[0,691,1375,1659,1862,2211]
[0,553,691,1123,1255,1749,2211]
[0,691,2211]
[0,553,691,1123,1255,1749,1862,2211]
[0,691,1255,1749,2211]
[0,642,1195,2211]
[0,553,691,1195,1375,1659,1862,2211]
[0,553,691,898,1123,1255,1749,1862,2211]
[0,553,691,1375,1659,2211]
[0,691,1375,2211]
[0,553,691,1301,1749,1862,2211]
[0,691,1123,2211]
[0,691,1301,1749,2211]
[0,691,1255,2211]
[0,691,1301,2211]
[0,691,1195,1375,1659,1862,2211]
