[0,110,376,949,1264]
[0,110,220,263,453,949,1264]
[0,392,871,1264]
[0,392,1264]
[0,110,220,263,453,949,998,1264]
[0,376,949,1264]
[0,110,220,270,453,871,998,1264]
[0,110,270,453,949,1264]
[0,392,871,998,1264]
[0,263,453,949,1264]
[0,270,453,1264]
[0,263,949,1264]
[0,110,392,1264]
[0,453,871,998,1264]
[0,110,270,453,954,1032,1264]
[0,270,871,1264]
[0,110,392,949,998,1264]
[0,110,1264]
[0,270,453,871,1264]
[0,110,453,954,1032,1264]
[0,110,453,954,1264]
[0,270,453,871,998,1264]
[0,110,263,453,949,1032,1264]
[0,453,1264]
[0,110,270,453,949,1032,1264]
[0,110,453,949,998,1264]
[0,453,871,1264]
[0,110,270,453,871,998,1264]
[0,270,954,1264]
[0,270,453,954,1264]
[0,376,1264]
[0,871,1264]
[0,110,392,949,1032,1264]
[0,110,453,949,1264]
[0,110,220,270,453,949,1032,1264]
[0,110,263,453,1264]
[0,270,1264]
[0,110,392,871,998,1264]
[0,110,263,453,949,1264]
[0,110,453,1264]
[0,110,376,1264]
[0,263,453,1264]
[0,110,392,949,1264]
[0,453,954,1264]
[0,270,949,1264]
[0,392,949,1264]
[0,110,270,453,954,1264]
[0,110,220,263,453,1264]
[0,954,1264]
[0,110,220,263,453,949,1032,1264]
[0,263,1264]
[0,110,263,453,949,998,1264]
[0,110,453,949,1032,1264]
[0,110,453,871,1264]
[0,270,453,949,1264]
[0,453,949,1264]
[0,110,453,871,998,1264]
[0,110,220,270,453,954,1032,1264]
[0,110,392,871,1264]
[0,949,1264]
