[0,391,560,1040,1508,1717,1875]
[0,79,391,560,740,1040,1282,1508,1717,1875]
[0,306,736,1564,1875]
[0,736,1564,1875]
[0,79,391,1282,1508,1875]
[0,79,349,610,1657,1875]
[0,79,391,560,740,1040,1282,1508,1657,1717,1875]
[0,391,1282,1508,1875]
[0,349,1875]
[0,391,560,740,1282,1508,1717,1875]
[0,391,1508,1717,1875]
[0,79,349,1282,1508,1717,1875]
[0,349,1282,1508,1717,1875]
[0,349,1657,1875]
[0,1040,1875]
[0,391,1508,1657,1717,1875]
[0,306,1657,1875]
[0,349,1282,1508,1875]
[0,79,349,608,1040,1495,1717,1875]
[0,736,1875]
[0,79,610,1875]
[0,1508,1875]
[0,1495,1875]
[0,391,560,1282,1508,1875]
[0,391,1717,1875]
[0,79,391,560,1040,1508,1717,1875]
[0,391,1040,1282,1508,1875]
[0,391,1521,1875]
[0,306,1564,1875]
[0,610,1875]
[0,306,610,1657,1875]
[0,79,391,1282,1508,1717,1875]
[0,1040,1495,1875]
[0,349,1040,1495,1875]
[0,391,1282,1508,1717,1875]
[0,349,1495,1875]
[0,610,1657,1875]
[0,391,1040,1508,1875]
[0,349,610,1657,1875]
[0,306,1875]
[0,349,610,1875]
[0,391,740,1508,1875]
[0,391,560,1282,1508,1717,1875]
[0,349,1508,1875]
[0,79,349,1040,1495,1717,1875]
[0,79,391,560,740,1282,1508,1717,1875]
[0,391,740,1282,1508,1875]
[0,79,391,1282,1508,1657,1717,1875]
[0,349,608,1040,1495,1717,1875]
[0,391,560,1040,1508,1875]
[0,79,391,560,1282,1508,1657,1717,1875]
[0,391,1875]
[0,391,1040,1875]
[0,306,610,1875]
[0,391,560,740,1040,1282,1508,1875]
[0,349,1040,1495,1717,1875]
[0,1564,1875]
[0,349,608,1282,1508,1717,1875]
[0,79,610,1657,1875]
[0,79,391,560,1282,1508,1717,1875]
[0,391,560,1875]
[0,79,391,1040,1508,1717,1875]
[0,79,391,1040,1508,1875]
[0,79,391,560,1717,1875]
[0,391,560,1717,1875]
[0,391,560,740,1282,1508,1875]
[0,79,391,560,740,1282,1508,1657,1717,1875]
[0,391,1040,1508,1717,1875]
[0,391,740,1040,1508,1875]
[0,349,608,1282,1508,1875]
[0,391,1508,1875]
[0,391,740,1040,1282,1508,1875]
[0,79,349,608,1282,1508,1717,1875]
[0,349,608,1040,1495,1875]
[0,79,349,1282,1508,1875]
[0,391,1282,1508,1657,1717,1875]
[0,349,608,1508,1875]
[0,79,391,1508,1875]
[0,391,560,740,1040,1282,1508,1717,1875]
[0,79,391,1717,1875]
[0,79,349,1040,1495,1875]
