[0,191,1278,1427]
[0,587,1427]
[0,192,634,963,1278,1427]
[0,598,1427]
[0,598,1030,1259,1427]
[0,191,678,1030,1427]
[0,192,963,1427]
[0,678,1030,1427]
[0,592,678,1030,1278,1427]
[0,192,679,1427]
[0,192,634,963,1427]
[0,181,679,1030,1259,1427]
[0,592,678,961,1030,1427]
[0,961,1427]
[0,181,1259,1427]
[0,598,679,1030,1427]
[0,598,679,1030,1278,1427]
[0,634,963,1427]
[0,592,1030,1427]
[0,181,961,1030,1259,1427]
[0,192,678,1427]
[0,598,1030,1278,1427]
[0,191,1030,1427]
[0,181,598,679,961,1030,1259,1427]
[0,191,678,1030,1278,1427]
[0,192,961,1030,1427]
[0,192,1030,1427]
[0,1030,1427]
[0,678,1427]
[0,192,961,1030,1278,1427]
[0,181,679,1030,1427]
[0,192,592,678,961,1030,1278,1427]
[0,592,1030,1278,1427]
[0,598,1278,1427]
[0,192,1030,1278,1427]
[0,192,592,678,1030,1278,1427]
[0,181,598,679,1030,1259,1427]
[0,598,679,961,1030,1427]
[0,192,679,1030,1427]
[0,192,1278,1427]
[0,963,1427]
[0,192,678,1030,1427]
[0,679,1427]
[0,598,679,1259,1427]
[0,191,1030,1278,1427]
[0,598,679,961,1030,1278,1427]
[0,191,592,678,961,1030,1278,1427]
[0,679,1030,1427]
[0,181,1030,1427]
[0,192,679,1030,1278,1427]
[0,181,961,1030,1427]
[0,592,678,1427]
[0,592,678,1030,1427]
[0,181,1030,1259,1427]
[0,592,678,961,1030,1278,1427]
[0,181,1427]
[0,192,1427]
[0,598,1259,1427]
[0,181,961,1427]
[0,598,679,1278,1427]
[0,598,1030,1427]
[0,192,634,1427]
[0,961,1030,1427]
[0,634,1427]
[0,592,1278,1427]
[0,191,678,1427]
[0,181,679,1427]
[0,592,1427]
[0,592,678,1278,1427]
[0,598,679,961,1030,1259,1427]
[0,192,678,1030,1278,1427]
[0,598,679,1030,1259,1427]
[0,191,592,678,1030,1278,1427]
[0,191,1427]
[0,192,598,679,1030,1278,1427]
[0,192,961,1427]
[0,598,679,1427]
[0,192,634,1278,1427]
[0,192,598,679,961,1030,1278,1427]
