[0,289,703,789,1046]
[0,416,487,1046]
[0,55,295,433,1046]
[0,487,789,1046]
[0,289,703,1046]
[0,347,842,1046]
[0,347,433,789,1046]
[0,289,416,487,703,789,1046]
[0,55,347,703,1046]
[0,55,289,416,487,703,789,1046]
[0,55,347,433,703,789,1046]
[0,55,347,416,487,703,789,1046]
[0,289,347,433,842,1046]
[0,55,289,440,1046]
[0,55,789,842,1046]
[0,55,289,416,487,703,789,842,1046]
[0,703,1046]
[0,55,347,433,703,789,842,1046]
[0,347,703,1046]
[0,55,289,789,842,1046]
[0,295,1046]
[0,55,347,487,703,789,1046]
[0,295,433,1046]
[0,55,416,842,1046]
[0,55,289,703,789,1046]
[0,347,433,703,789,1046]
[0,416,487,703,789,1046]
[0,289,347,433,703,789,1046]
[0,789,842,1046]
[0,55,347,789,842,1046]
[0,416,842,1046]
[0,55,842,1046]
[0,55,289,703,1046]
[0,55,347,842,1046]
[0,433,1046]
[0,289,347,433,1046]
[0,55,289,347,433,703,789,1046]
[0,289,842,1046]
[0,347,1046]
[0,289,487,789,1046]
[0,842,1046]
[0,347,433,1046]
[0,55,289,347,433,703,789,842,1046]
[0,347,433,842,1046]
[0,55,289,1046]
[0,416,487,789,1046]
[0,289,487,1046]
[0,487,1046]
[0,55,295,1046]
[0,55,416,1046]
[0,55,289,703,789,842,1046]
[0,55,289,347,433,1046]
[0,289,1046]
[0,289,487,703,789,1046]
[0,347,487,703,789,1046]
[0,347,487,1046]
[0,416,1046]
[0,55,289,433,1046]
[0,55,289,347,433,842,1046]
[0,703,789,1046]
[0,55,289,487,703,789,1046]
[0,55,347,703,789,1046]
[0,347,703,789,1046]
[0,55,347,433,842,1046]
[0,347,487,789,1046]
[0,289,440,1046]
[0,55,1046]
[0,55,289,842,1046]
[0,55,416,703,1046]
[0,55,347,1046]
[0,289,433,1046]
[0,433,789,1046]
[0,55,347,433,789,1046]
[0,55,347,433,1046]
[0,55,347,433,789,842,1046]
[0,55,289,487,703,789,842,1046]
[0,55,416,703,789,1046]
[0,416,703,789,1046]
[0,416,703,1046]
[0,347,416,487,703,789,1046]
