[0,278,731,868,1249]
[0,100,217,286,731,868,961,1095,1173,1249]
[0,217,286,731,780,868,1095,1173,1249]
[0,217,286,731,780,868,961,1095,1173,1249]
[0,100,217,286,731,780,868,1095,1173,1249]
[0,49,286,731,868,1095,1249]
[0,49,100,230,278,731,776,868,1109,1173,1249]
[0,49,286,731,868,1095,1173,1249]
[0,100,286,731,868,961,1095,1173,1249]
[0,217,286,731,868,961,1095,1173,1249]
[0,49,217,286,731,780,868,1095,1173,1249]
[0,100,278,731,868,1249]
[0,100,217,286,731,868,1249]
[0,100,217,286,731,780,868,961,1095,1173,1249]
[0,100,278,731,868,1109,1249]
[0,49,100,230,278,731,776,868,961,1109,1173,1249]
[0,286,731,868,1095,1173,1249]
[0,49,278,731,868,1249]
[0,49,100,217,286,731,780,868,961,1095,1173,1249]
[0,286,731,868,1095,1249]
[0,230,780,1249]
[0,230,868,1249]
[0,217,286,731,868,1249]
[0,278,868,1109,1249]
[0,49,230,278,731,776,868,961,1109,1173,1249]
[0,100,286,731,868,1249]
[0,100,286,731,868,1095,1249]
[0,217,286,731,868,1095,1173,1249]
[0,100,278,731,868,1109,1173,1249]
[0,780,1249]
[0,868,1249]
[0,49,217,286,731,868,1095,1173,1249]
[0,49,217,286,731,868,1249]
[0,49,278,731,868,1109,1173,1249]
[0,49,230,278,731,868,1109,1173,1249]
[0,49,278,731,868,1109,1249]
[0,286,731,780,868,1095,1173,1249]
[0,286,731,868,961,1095,1173,1249]
[0,286,731,868,961,1095,1249]
[0,731,1249]
[0,286,731,780,868,961,1095,1173,1249]
[0,49,217,286,731,780,868,961,1095,1173,1249]
[0,278,731,1249]
[0,49,100,230,278,731,868,1109,1173,1249]
[0,100,286,731,868,961,1095,1249]
[0,272,780,1249]
[0,278,731,868,961,1109,1249]
[0,217,286,731,868,1109,1249]
[0,49,100,278,731,868,961,1109,1173,1249]
[0,286,731,868,1109,1249]
[0,49,100,217,286,731,868,1095,1173,1249]
[0,286,868,1095,1249]
[0,100,217,286,731,868,1095,1249]
[0,49,272,731,868,1249]
[0,49,278,731,868,961,1109,1173,1249]
[0,49,230,278,731,868,961,1109,1173,1249]
[0,272,731,1249]
[0,286,731,868,1249]
[0,49,100,230,278,731,868,961,1109,1173,1249]
[0,278,731,868,961,1109,1173,1249]
[0,278,731,868,1109,1249]
[0,278,731,868,1109,1173,1249]
[0,286,868,1249]
[0,100,278,731,868,961,1109,1173,1249]
[0,49,230,278,731,776,868,1109,1173,1249]
[0,100,217,286,731,868,1095,1173,1249]
[0,100,278,731,868,961,1109,1249]
[0,49,217,286,731,868,1109,1249]
[0,49,100,217,286,731,780,868,1095,1173,1249]
[0,286,731,1249]
[0,272,731,868,1249]
[0,278,868,1249]
[0,49,286,731,868,1249]
[0,286,731,1109,1249]
[0,49,100,278,731,868,1109,1173,1249]
[0,49,230,278,731,868,1249]
[0,100,286,731,868,1095,1173,1249]
