[0,206,350,914,1125,1542,2017]
[0,734,1542,2017]
[0,206,350,914,1125,1542,1752,1821,1881,2017]
[0,206,350,914,1125,1542,1752,1821,2017]
[0,350,734,1125,1542,2017]
[0,350,843,1125,1542,2017]
[0,206,350,734,1125,1542,1752,2017]
[0,1125,2017]
[0,350,911,1125,1542,1752,1881,2017]
[0,350,1125,1542,1752,1881,2017]
[0,350,1125,1542,2017]
[0,206,350,914,1125,1542,1881,2017]
[0,350,734,1125,1542,1752,2017]
[0,350,843,1125,2017]
[0,350,1125,1542,1752,2017]
[0,350,914,1125,1542,1752,1881,2017]
[0,206,350,911,1125,1542,1752,1881,2017]
[0,734,1125,2017]
[0,350,2017]
[0,206,350,843,1125,1542,2017]
[0,350,1125,2017]
[0,350,1125,1542,1752,1821,2017]
[0,350,914,1125,1542,1752,2017]
[0,734,1125,1542,2017]
[0,350,914,1125,1542,2017]
[0,1125,1542,2017]
[0,350,914,1125,1542,1752,1821,2017]
[0,350,911,1125,1542,1881,2017]
[0,206,350,914,1125,1542,1752,1881,2017]
[0,350,1125,1542,1881,2017]
[0,350,911,1125,1542,2017]
[0,206,350,911,1125,1542,1752,1821,1881,2017]
[0,350,914,1125,1542,1881,2017]
[0,1542,2017]
[0,206,350,914,1125,1542,1752,2017]
[0,734,2017]
[0,206,350,911,1125,1542,2017]
[0,206,350,911,1125,1542,1881,2017]
