[0,55,109,682,901,1046]
[0,55,682,901,1046]
[0,55,109,285,389,682,901,1046]
[0,109,389,682,901,990,1046]
[0,389,682,901,1046]
[0,55,109,285,389,682,852,901,1046]
[0,82,389,682,901,1046]
[0,109,852,1046]
[0,389,682,852,999,1046]
[0,109,1046]
[0,109,389,682,901,1046]
[0,55,109,682,852,1046]
[0,901,1046]
[0,82,682,852,990,1046]
[0,82,243,389,682,852,1046]
[0,55,285,389,682,901,1046]
[0,55,109,389,682,852,999,1046]
[0,55,109,285,389,682,852,1046]
[0,55,285,389,682,852,999,1046]
[0,55,109,389,682,852,990,1046]
[0,682,901,1046]
[0,55,682,852,1046]
[0,389,852,1046]
[0,389,682,852,1046]
[0,109,389,682,852,1046]
[0,55,109,389,682,901,999,1046]
[0,55,109,389,682,852,901,990,1046]
[0,55,109,389,682,901,1046]
[0,55,109,389,682,901,990,1046]
[0,55,109,285,389,682,852,999,1046]
[0,55,109,901,1046]
[0,82,389,682,852,1046]
[0,389,682,1046]
[0,55,285,389,682,852,1046]
[0,605,901,1046]
[0,55,285,389,682,901,990,1046]
[0,852,1046]
[0,285,389,682,901,990,1046]
[0,285,389,682,901,1046]
[0,55,682,1046]
[0,82,682,901,1046]
[0,55,1046]
[0,82,243,389,682,852,990,1046]
[0,55,109,389,682,852,1046]
[0,605,1046]
[0,109,901,1046]
[0,682,852,1046]
[0,285,389,682,852,999,1046]
[0,109,389,682,852,990,1046]
[0,55,109,852,1046]
[0,109,605,901,1046]
[0,55,109,285,389,682,852,901,999,1046]
[0,55,109,285,389,682,901,999,1046]
[0,82,682,852,1046]
[0,55,109,285,389,682,852,901,990,1046]
[0,682,1046]
[0,389,1046]
[0,55,109,285,389,682,901,990,1046]
[0,243,389,682,852,1046]
[0,82,389,682,852,990,1046]
[0,285,389,682,852,1046]
[0,55,109,1046]
