[0,1644,3692,4758]
[0,994,2433,2854,3692,4758]
[0,2854,3690,4225,4758]
[0,994,2496,2854,3690,4225,4758]
[0,843,2433,2854,3329,3692,4406,4758]
[0,2496,3692,4758]
[0,115,994,2854,3692,4758]
[0,994,2854,3506,3690,3935,4225,4758]
[0,115,994,2854,3506,3690,3935,4225,4758]
[0,994,2854,3329,3692,3935,4758]
[0,843,2854,3692,4406,4758]
[0,2854,3692,4758]
[0,3690,4758]
[0,843,2433,2854,3329,3692,4758]
[0,994,2854,3690,4758]
[0,843,2854,3692,4368,4758]
[0,3692,4758]
[0,994,3506,4758]
[0,994,2433,2854,3329,3692,3935,4758]
[0,115,994,2496,2854,3506,3690,3935,4225,4758]
[0,994,2854,3692,4758]
[0,115,2854,3690,4758]
[0,560,2496,3692,4758]
[0,660,994,2496,2854,3690,3935,4225,4758]
[0,994,2433,2854,3329,3692,3935,4406,4758]
[0,994,2854,3692,3935,4758]
[0,2854,3506,4758]
[0,660,994,2496,2854,3506,3690,3935,4225,4758]
[0,115,994,2854,3506,4758]
[0,994,2496,2854,3690,3935,4225,4758]
[0,843,2854,3329,3692,4758]
[0,843,2433,2854,3692,4758]
[0,2496,4758]
[0,1644,2854,3692,4758]
[0,1644,4758]
[0,115,994,2854,3692,4406,4758]
[0,843,2854,3692,4758]
[0,115,843,2433,2854,3329,3692,4406,4758]
[0,660,994,2496,2854,3690,4225,4758]
[0,115,994,2854,3506,3690,4225,4758]
[0,994,3690,4758]
[0,843,2854,3329,3692,4406,4758]
[0,115,843,2854,3692,4406,4758]
[0,115,994,2854,3506,4225,4758]
[0,2854,3692,3935,4758]
[0,994,2854,3329,3692,4406,4758]
[0,2854,3692,4406,4758]
[0,994,2854,3506,3690,4225,4758]
[0,660,3690,4758]
[0,2854,3690,4758]
[0,994,3692,4758]
[0,994,2854,3690,3935,4225,4758]
[0,994,2854,3506,4758]
[0,994,2854,3690,4225,4758]
[0,115,843,2854,3692,4368,4758]
[0,2854,3692,4368,4758]
[0,115,994,2854,3690,4225,4758]
[0,115,843,2854,3692,4758]
[0,115,3690,4758]
[0,115,994,2854,3329,3692,3935,4758]
[0,115,994,2854,3329,3692,4406,4758]
[0,115,994,2433,2854,3329,3692,3935,4758]
[0,268,1644,2854,3692,4758]
[0,994,2854,3329,3692,4758]
[0,115,994,2433,2854,3329,3692,4406,4758]
[0,115,660,994,2496,2854,3506,3690,3935,4225,4758]
[0,994,2496,2854,3506,3690,3935,4225,4758]
[0,994,2433,2854,3329,3692,4758]
[0,843,3692,4758]
[0,115,994,2433,2854,3329,3692,3935,4406,4758]
[0,994,2854,3692,4406,4758]
[0,115,994,2854,3692,3935,4758]
[0,994,2433,2854,3329,3692,4406,4758]
[0,115,843,2854,3329,3692,4406,4758]
[0,3506,4758]
[0,994,2854,3506,4225,4758]
[0,115,994,2854,3690,4758]
