[0,409,737,1181,1419]
[0,126,409,737,910,1181,1419]
[0,171,341,409,737,910,1181,1419]
[0,947,1419]
[0,409,737,939,1181,1419]
[0,341,947,1419]
[0,171,737,939,1181,1419]
[0,200,737,1181,1419]
[0,171,409,648,737,1181,1419]
[0,171,597,737,1181,1419]
[0,126,409,737,1181,1419]
[0,171,648,737,1181,1419]
[0,171,409,648,737,939,1181,1419]
[0,171,641,737,1181,1419]
[0,409,737,910,1181,1419]
[0,737,1419]
[0,737,939,1181,1419]
[0,171,597,737,910,1181,1419]
[0,126,737,1419]
[0,171,737,1181,1419]
[0,409,737,1419]
[0,200,737,1419]
[0,171,409,737,939,1181,1419]
[0,171,737,910,1181,1419]
[0,737,910,1181,1419]
[0,171,409,737,910,1181,1419]
[0,171,341,409,648,737,939,1181,1419]
[0,171,341,409,648,737,1181,1419]
[0,171,409,737,1181,1419]
[0,737,1181,1419]
[0,126,737,1181,1419]
[0,171,737,1419]
[0,171,648,737,939,1181,1419]
[0,171,641,737,939,1181,1419]
[0,171,341,409,737,1181,1419]
