[0,542,1065,1240,1343]
[0,82,542,852,1343]
[0,542,913,1065,1343]
[0,542,1343]
[0,82,398,542,605,852,1065,1240,1343]
[0,398,551,852,1065,1343]
[0,82,398,542,852,1065,1240,1343]
[0,370,1343]
[0,542,1065,1343]
[0,82,542,852,1065,1240,1343]
[0,82,398,1343]
[0,542,913,1343]
[0,82,542,913,1065,1343]
[0,82,542,605,1343]
[0,852,1343]
[0,398,542,852,1065,1240,1343]
[0,398,852,1343]
[0,542,852,1065,1240,1343]
[0,82,542,852,1065,1343]
[0,913,1343]
[0,398,542,852,1065,1343]
[0,532,1343]
[0,82,542,913,1343]
[0,398,852,1065,1343]
[0,398,913,1343]
[0,82,532,1343]
[0,82,398,852,1065,1343]
[0,82,542,913,1065,1240,1343]
[0,398,1343]
[0,398,852,1065,1240,1343]
[0,82,398,852,1343]
[0,82,542,605,913,1065,1240,1343]
[0,82,542,605,852,1065,1240,1343]
[0,532,852,1343]
[0,82,542,1065,1240,1343]
[0,542,1240,1343]
[0,82,532,852,1343]
[0,82,542,1343]
[0,82,398,551,852,1065,1240,1343]
[0,82,542,605,1065,1240,1343]
[0,82,542,1240,1343]
[0,542,852,1343]
[0,82,542,605,913,1065,1343]
[0,542,913,1065,1240,1343]
[0,82,398,913,1343]
[0,542,852,1065,1343]
[0,82,398,852,1065,1240,1343]
[0,82,1343]
[0,398,551,852,1065,1240,1343]
[0,82,542,605,1240,1343]
