[0,428,725,922]
[0,428,571,725,922]
[0,106,428,922]
[0,106,232,291,428,571,725,922]
[0,106,922]
[0,105,232,428,499,571,725,922]
[0,232,428,571,725,922]
[0,105,232,428,571,725,922]
[0,106,232,291,428,499,571,725,922]
[0,105,232,291,428,499,571,725,922]
[0,106,232,428,499,571,725,922]
[0,106,232,428,571,725,922]
[0,105,428,571,922]
[0,105,428,922]
[0,65,106,232,291,428,499,571,725,922]
[0,232,428,922]
[0,567,922]
[0,232,571,922]
[0,105,232,291,428,571,725,922]
[0,106,567,922]
[0,105,428,571,725,922]
[0,571,922]
[0,428,922]
[0,106,428,571,922]
[0,232,428,571,922]
[0,232,428,725,922]
[0,106,428,571,725,922]
[0,428,571,922]
