[0,122,509,758,1046]
[0,122,414,758,1046]
[0,700,758,1046]
[0,122,305,758,1046]
[0,434,814,1046]
[0,122,305,566,758,931,1046]
[0,305,758,1046]
[0,122,414,758,959,1046]
[0,566,758,1046]
[0,122,305,758,959,1046]
[0,305,1046]
[0,122,177,305,758,959,1046]
[0,122,1046]
[0,758,1046]
[0,611,758,1046]
[0,122,177,509,758,931,1046]
[0,122,305,509,758,959,1046]
[0,122,509,758,931,1046]
[0,414,758,1046]
[0,122,305,611,758,931,1046]
[0,122,305,1046]
[0,305,611,758,1046]
[0,122,305,611,758,1046]
[0,183,814,1046]
[0,122,177,509,758,1046]
[0,122,177,566,758,931,1046]
[0,122,305,700,758,931,1046]
[0,509,1046]
[0,122,177,305,611,758,931,1046]
[0,434,1046]
[0,566,1046]
[0,122,758,1046]
[0,122,305,509,758,1046]
[0,122,566,758,1046]
[0,509,758,1046]
[0,122,509,758,959,1046]
[0,122,566,758,931,1046]
[0,122,434,814,1046]
[0,414,1046]
[0,122,305,700,758,959,1046]
[0,122,177,305,611,758,959,1046]
[0,122,305,611,758,959,1046]
[0,122,434,1046]
[0,122,177,305,758,931,1046]
[0,814,1046]
[0,305,509,758,1046]
[0,305,566,758,1046]
[0,122,177,305,758,1046]
[0,122,700,758,1046]
[0,122,305,509,758,931,1046]
[0,122,305,566,758,1046]
[0,122,177,566,758,1046]
[0,122,305,700,758,1046]
[0,122,305,758,931,1046]
