[0,110,208,824,1148,1297,1616,1823,2020]
[0,208,885,2020]
[0,110,1148,2020]
[0,434,1148,2020]
[0,644,885,1148,2020]
[0,824,1148,1297,1616,2020]
[0,110,208,434,824,1148,1297,1616,1823,2020]
[0,208,824,1616,2020]
[0,208,885,1148,1616,2020]
[0,434,824,1148,1616,2020]
[0,111,824,1148,2020]
[0,1616,2020]
[0,111,885,1148,1616,2020]
[0,885,1148,1616,2020]
[0,110,1616,2020]
[0,434,1616,2020]
[0,208,434,824,1148,1297,1616,1940,2020]
[0,644,1616,2020]
[0,111,644,885,1148,1297,1616,2020]
[0,208,434,824,1148,1297,1616,1823,2020]
[0,110,2020]
[0,1148,1616,2020]
[0,434,885,1148,1616,2020]
[0,686,824,1148,1616,1823,2020]
[0,111,885,1148,1297,1616,2020]
[0,208,824,1148,1297,1616,1940,2020]
[0,111,644,885,1148,1297,1616,1940,2020]
[0,434,824,1616,2020]
[0,208,885,1148,1297,1616,2020]
[0,208,824,1148,1616,2020]
[0,208,824,2020]
[0,208,434,885,1148,1297,1616,1940,2020]
[0,434,885,1148,2020]
[0,644,1297,1616,2020]
[0,686,824,1148,1297,1616,1823,2020]
[0,111,824,1148,1616,1940,2020]
[0,824,1616,2020]
[0,111,644,885,1148,1616,1940,2020]
[0,111,2020]
[0,208,434,824,1148,1616,2020]
[0,208,434,885,1148,1297,1616,2020]
[0,110,208,824,1148,1297,1616,2020]
[0,208,824,1148,1297,1616,2020]
[0,644,1148,1616,2020]
[0,111,885,2020]
[0,208,2020]
[0,208,824,1148,1616,1823,2020]
[0,434,885,1616,2020]
[0,208,885,1148,2020]
[0,824,2020]
[0,111,979,2020]
[0,434,2020]
[0,885,2020]
[0,208,434,885,1148,1616,2020]
[0,644,885,1148,1297,1616,2020]
[0,208,434,824,1148,1616,1823,2020]
[0,111,644,885,1148,1616,2020]
[0,208,434,824,1148,1297,1616,2020]
[0,885,1148,2020]
[0,434,824,1148,2020]
[0,824,1148,1616,2020]
[0,979,1616,2020]
[0,979,2020]
[0,885,1148,1297,1616,2020]
[0,824,1148,2020]
[0,434,885,2020]
[0,644,885,1148,1616,2020]
[0,208,824,1148,2020]
[0,824,1616,1823,2020]
[0,824,1148,1616,1823,2020]
[0,111,824,2020]
[0,1148,2020]
[0,111,824,1148,1616,2020]
[0,208,824,1148,1297,1616,1823,2020]
[0,208,434,885,1148,2020]
[0,885,1616,2020]
[0,111,979,1616,2020]
[0,644,2020]
[0,110,1148,1616,2020]
[0,208,885,1148,1297,1616,1940,2020]
[0,644,1148,2020]
[0,111,644,885,1148,2020]
[0,208,824,1616,1823,2020]
[0,644,1148,1297,1616,2020]
[0,824,1148,1297,1616,1823,2020]
[0,111,885,1148,2020]
