[0,250,708,1180]
[0,119,254,708,1040,1180]
[0,195,708,1040,1180]
[0,195,708,810,1040,1180]
[0,708,1180]
[0,119,250,708,1180]
[0,119,195,708,810,1040,1130,1180]
[0,254,380,708,1180]
[0,119,195,254,615,708,810,1040,1180]
[0,250,708,1040,1180]
[0,195,615,708,1180]
[0,119,195,254,380,615,708,810,1040,1130,1180]
[0,119,250,708,810,1180]
[0,119,254,380,708,810,1180]
[0,119,195,708,810,1040,1180]
[0,195,615,708,810,1180]
[0,119,195,708,1180]
[0,119,254,615,708,810,1180]
[0,119,254,380,708,1180]
[0,119,195,615,708,810,1040,1180]
[0,119,254,380,615,708,810,1040,1180]
[0,119,250,615,708,1180]
[0,119,254,708,810,1180]
[0,195,708,810,1180]
[0,119,195,254,380,615,708,810,1040,1180]
[0,119,254,708,1180]
[0,195,708,1180]
[0,119,254,708,810,1040,1180]
[0,119,195,254,615,708,810,1180]
[0,119,195,708,810,1180]
[0,195,615,708,810,1040,1180]
[0,119,250,708,810,1040,1180]
[0,119,250,708,1040,1180]
[0,119,250,615,708,810,1180]
[0,254,708,1180]
[0,119,254,380,708,810,1040,1180]
[0,119,254,380,708,1040,1180]
[0,119,195,615,708,810,1040,1130,1180]
[0,254,708,1040,1180]
[0,119,195,615,708,810,1180]
[0,119,195,254,615,708,810,1040,1130,1180]
[0,119,254,615,708,810,1040,1180]
[0,119,250,615,708,810,1040,1180]
[0,254,380,708,1040,1180]
