[0,403,862,1300,1810]
[0,52,403,862,1300,1630,1712,1810]
[0,404,1101,1300,1810]
[0,403,1258,1391,1810]
[0,403,526,1258,1810]
[0,403,1300,1712,1810]
[0,285,1258,1712,1810]
[0,403,526,1258,1712,1810]
[0,236,404,1300,1712,1810]
[0,403,1810]
[0,403,1258,1391,1712,1810]
[0,236,404,1101,1300,1810]
[0,403,526,1258,1391,1712,1810]
[0,236,404,1101,1300,1712,1810]
[0,339,1391,1810]
[0,246,404,1101,1300,1810]
[0,59,403,508,1258,1391,1712,1810]
[0,404,1300,1810]
[0,403,1300,1630,1712,1810]
[0,1391,1810]
[0,52,404,1300,1712,1810]
[0,404,1258,1810]
[0,52,403,1258,1712,1810]
[0,59,403,1258,1630,1712,1810]
[0,403,526,1300,1712,1810]
[0,403,862,1300,1630,1712,1810]
[0,403,1258,1712,1810]
[0,403,508,1258,1391,1712,1810]
[0,246,404,1300,1810]
[0,52,403,526,1258,1391,1712,1810]
[0,236,404,1300,1810]
[0,52,403,526,1300,1712,1810]
[0,862,1300,1810]
[0,403,508,1258,1630,1712,1810]
[0,236,466,1258,1712,1810]
[0,404,1810]
[0,403,1300,1810]
[0,52,246,404,1101,1300,1712,1810]
[0,236,466,1258,1810]
[0,403,1258,1810]
[0,1300,1810]
[0,52,404,1101,1300,1712,1810]
[0,403,508,1258,1810]
[0,1258,1810]
[0,236,404,1258,1810]
[0,404,1300,1712,1810]
[0,59,403,1258,1391,1712,1810]
[0,246,404,1300,1712,1810]
[0,59,403,508,1258,1630,1712,1810]
[0,52,403,526,1258,1712,1810]
[0,403,508,1258,1391,1810]
[0,404,1101,1300,1712,1810]
[0,285,1258,1810]
[0,403,526,1258,1391,1810]
[0,403,508,1258,1712,1810]
[0,403,1258,1630,1712,1810]
[0,403,526,1300,1810]
[0,236,1810]
[0,236,404,1258,1712,1810]
[0,59,403,1258,1712,1810]
[0,246,404,1101,1300,1712,1810]
[0,403,862,1300,1712,1810]
[0,236,1258,1810]
[0,404,1258,1712,1810]
