[0,256,978,1216,1419]
[0,168,256,415,835,978,1216,1419]
[0,256,753,1216,1419]
[0,978,1419]
[0,753,835,1216,1419]
[0,60,1419]
[0,59,168,256,753,835,1216,1419]
[0,168,256,415,753,835,978,1216,1419]
[0,256,680,1216,1419]
[0,59,168,256,753,1216,1419]
[0,256,753,978,1419]
[0,59,256,415,753,835,978,1216,1364,1419]
[0,59,168,256,753,835,978,1216,1364,1419]
[0,256,415,532,753,835,978,1216,1419]
[0,256,753,978,1216,1419]
[0,60,256,680,835,1216,1419]
[0,59,1216,1419]
[0,256,1216,1419]
[0,256,978,1419]
[0,256,680,835,1216,1419]
[0,256,415,835,978,1216,1419]
[0,59,168,256,415,753,835,978,1216,1419]
[0,168,256,753,835,1216,1419]
[0,59,256,415,532,753,835,978,1216,1419]
[0,168,256,1216,1419]
[0,59,753,835,1216,1419]
[0,59,256,1216,1419]
[0,59,753,1216,1419]
[0,59,256,415,753,835,978,1216,1419]
[0,168,256,415,532,753,978,1216,1419]
[0,256,415,532,753,1216,1419]
[0,256,415,978,1216,1419]
[0,59,256,753,835,978,1216,1364,1419]
[0,59,168,256,753,835,978,1216,1419]
[0,59,168,256,415,532,753,835,978,1216,1419]
[0,256,415,753,978,1216,1419]
[0,60,1216,1419]
[0,60,256,680,1216,1419]
[0,256,1419]
[0,256,415,753,1216,1419]
[0,256,415,753,835,978,1216,1419]
[0,680,1216,1419]
[0,256,753,835,978,1216,1419]
[0,753,1216,1419]
[0,256,753,835,1216,1419]
[0,59,168,256,415,753,835,978,1216,1364,1419]
[0,168,256,415,532,753,835,978,1216,1419]
[0,168,256,753,835,978,1216,1419]
[0,753,1419]
[0,59,168,256,415,532,753,835,978,1216,1364,1419]
[0,680,1419]
[0,256,415,532,753,978,1216,1419]
[0,59,256,753,835,1216,1364,1419]
[0,59,256,753,835,1216,1419]
[0,168,256,753,1216,1419]
[0,60,680,1216,1419]
[0,59,1419]
[0,256,415,1216,1419]
[0,59,168,256,753,835,1216,1364,1419]
[0,256,753,1419]
[0,168,256,415,532,753,1216,1419]
[0,256,680,1419]
[0,59,256,415,532,753,835,978,1216,1364,1419]
[0,1216,1419]
[0,168,256,753,978,1216,1419]
[0,59,168,256,1216,1419]
[0,59,256,753,835,978,1216,1419]
