[0,495,1070,1790,2017]
[0,140,273,522,863,1070,1356,1790,2017]
[0,140,273,522,1070,1790,2017]
[0,140,522,863,1070,1356,1790,2017]
[0,1790,2017]
[0,140,273,863,1070,1790,2017]
[0,1070,1356,2017]
[0,140,273,863,1070,1191,1790,2017]
[0,522,1790,2017]
[0,522,2017]
[0,1356,2017]
[0,140,273,522,1070,1191,1356,1790,2017]
[0,273,863,1070,1790,2017]
[0,522,1070,2017]
[0,144,495,1070,1790,2017]
[0,812,1070,2017]
[0,241,495,1070,2017]
[0,1070,2017]
[0,273,863,1070,1356,1790,2017]
[0,273,863,1070,1191,1790,2017]
[0,140,1790,2017]
[0,140,273,522,863,1070,1191,1356,1790,2017]
[0,144,495,1070,1191,1356,1790,2017]
[0,241,495,1070,1191,1790,2017]
[0,140,522,812,863,1070,1191,1356,1790,2017]
[0,812,2017]
[0,495,2017]
[0,140,522,863,1070,1790,2017]
[0,144,495,863,1070,1191,1790,2017]
[0,140,522,1070,1790,2017]
[0,144,495,863,1070,1356,1790,2017]
[0,140,522,863,1070,1191,1356,1790,2017]
[0,273,1790,2017]
[0,241,495,2017]
[0,495,1790,2017]
[0,1025,2017]
[0,140,2017]
[0,522,1070,1790,2017]
[0,495,1070,2017]
[0,140,522,1070,1356,1790,2017]
[0,140,522,1070,1191,1790,2017]
[0,273,1070,1790,2017]
[0,241,2017]
[0,495,1070,1356,2017]
[0,144,495,863,1070,1790,2017]
[0,273,1070,1356,2017]
[0,140,1070,1191,1790,2017]
[0,495,863,1070,1356,1790,2017]
[0,144,495,863,1070,1191,1356,1790,2017]
[0,273,1025,2017]
[0,241,1790,2017]
[0,522,863,1070,1356,1790,2017]
[0,140,273,522,1070,1356,1790,2017]
[0,140,273,522,1070,1191,1790,2017]
[0,241,1070,1191,1790,2017]
[0,144,495,1070,1191,1790,2017]
[0,273,2017]
[0,241,1070,2017]
[0,522,863,1070,1790,2017]
[0,273,1025,1790,2017]
[0,241,522,1070,2017]
[0,495,863,1070,1790,2017]
[0,144,495,1070,1356,1790,2017]
[0,140,273,863,1070,1191,1356,1790,2017]
[0,273,1070,2017]
[0,140,273,863,1070,1356,1790,2017]
[0,241,495,1070,1790,2017]
[0,140,1070,1790,2017]
[0,273,1070,1356,1790,2017]
[0,140,273,522,812,863,1070,1191,1356,1790,2017]
[0,273,1070,1191,1790,2017]
[0,241,522,1070,1790,2017]
[0,495,1070,1356,1790,2017]
[0,144,495,812,863,1070,1191,1790,2017]
[0,140,522,1070,1191,1356,1790,2017]
[0,144,495,812,863,1070,1191,1356,1790,2017]
[0,241,1070,1790,2017]
[0,1070,1790,2017]
[0,140,273,522,863,1070,1790,2017]
[0,522,1070,1356,2017]
[0,522,1070,1356,1790,2017]
