[0,489,1114,1311,1810]
[0,1114,1810]
[0,1311,1810]
[0,1048,1810]
[0,489,1810]
[0,123,489,818,1114,1311,1476,1736,1810]
[0,489,818,1114,1311,1810]
[0,489,818,1114,1311,1476,1810]
[0,489,1114,1810]
[0,1312,1810]
[0,489,1311,1810]
[0,489,1312,1810]
[0,489,1114,1311,1736,1810]
[0,208,1810]
[0,123,489,818,1114,1311,1810]
[0,208,1311,1810]
[0,208,1048,1810]
[0,209,1810]
[0,123,489,818,1114,1311,1736,1810]
[0,123,489,818,1114,1311,1476,1810]
[0,489,818,1114,1810]
[0,209,1311,1810]
[0,489,818,1114,1311,1736,1810]
