[0,54,182,398,559,646,720,892,1046]
[0,54,398,720,1046]
[0,398,559,762,1046]
[0,182,762,892,1046]
[0,182,398,772,1046]
[0,398,559,646,797,892,1046]
[0,54,127,182,762,892,1046]
[0,54,797,892,1046]
[0,182,559,983,1046]
[0,398,720,892,1046]
[0,398,892,1046]
[0,54,398,797,892,1046]
[0,127,546,892,1046]
[0,54,127,182,797,892,1046]
[0,182,559,720,892,1046]
[0,398,559,772,950,1046]
[0,182,398,559,646,797,892,1046]
[0,127,398,762,950,1046]
[0,182,398,559,797,892,1046]
[0,54,398,646,720,892,1046]
[0,546,1046]
[0,127,182,398,559,646,797,892,1046]
[0,182,398,720,892,1046]
[0,54,182,398,559,646,762,892,1046]
[0,398,646,720,892,1046]
[0,182,398,559,646,1046]
[0,559,1046]
[0,182,559,892,1046]
[0,54,398,559,892,1046]
[0,398,559,950,1046]
[0,54,720,892,1046]
[0,54,398,559,646,762,892,1046]
[0,127,182,797,892,1046]
[0,825,1046]
[0,398,559,797,892,1046]
[0,127,182,398,797,892,1046]
[0,54,398,762,892,1046]
[0,772,1046]
[0,54,182,398,559,825,1046]
[0,54,398,1046]
[0,398,762,892,1046]
[0,127,182,646,762,892,1046]
[0,182,398,559,772,950,1046]
[0,398,559,720,1046]
[0,559,825,1046]
[0,54,398,720,983,1046]
[0,54,398,559,1046]
[0,182,398,559,646,720,892,1046]
[0,54,182,398,559,772,950,1046]
[0,182,646,762,892,1046]
[0,182,398,559,825,1046]
[0,54,398,559,772,950,1046]
[0,182,398,559,646,983,1046]
[0,182,398,559,720,983,1046]
[0,54,398,559,950,1046]
[0,182,398,559,772,1046]
[0,762,1046]
[0,182,398,559,983,1046]
[0,398,559,825,1046]
[0,398,762,950,1046]
[0,182,720,1046]
[0,127,182,762,892,1046]
[0,54,398,720,892,1046]
[0,182,559,1046]
[0,182,559,646,762,892,1046]
[0,127,762,1046]
[0,54,127,182,398,559,797,892,1046]
[0,517,1046]
[0,398,559,1046]
[0,182,772,1046]
[0,182,559,720,1046]
[0,720,892,1046]
[0,398,825,1046]
[0,54,398,559,762,892,1046]
[0,127,517,762,950,1046]
[0,398,772,1046]
[0,182,950,1046]
[0,54,398,559,825,1046]
[0,182,720,983,1046]
[0,797,892,1046]
[0,54,182,797,892,1046]
[0,182,559,950,1046]
[0,762,892,1046]
[0,398,559,646,720,892,1046]
[0,54,892,1046]
[0,720,1046]
[0,54,398,559,646,720,892,1046]
[0,54,127,182,398,559,646,762,892,1046]
[0,398,762,1046]
[0,182,983,1046]
[0,182,398,892,1046]
[0,182,398,797,892,1046]
[0,127,892,1046]
[0,182,398,762,1046]
[0,54,182,398,559,892,1046]
[0,182,797,892,1046]
[0,54,127,182,398,797,892,1046]
[0,54,182,762,892,1046]
[0,182,398,720,1046]
[0,182,398,559,1046]
[0,182,398,559,720,892,1046]
[0,127,517,762,1046]
[0,398,720,983,1046]
[0,182,398,762,892,1046]
[0,182,398,559,892,1046]
[0,398,1046]
[0,182,398,559,720,1046]
[0,182,1046]
[0,182,646,720,892,1046]
[0,54,398,559,797,892,1046]
[0,127,398,559,762,1046]
[0,127,182,398,559,797,892,1046]
[0,398,559,646,762,892,1046]
[0,127,182,398,559,646,762,892,1046]
[0,517,762,1046]
[0,54,398,559,646,797,892,1046]
[0,127,950,1046]
[0,398,559,720,892,1046]
[0,54,1046]
[0,54,762,892,1046]
[0,182,559,825,1046]
[0,182,892,1046]
[0,54,182,398,559,646,797,892,1046]
[0,892,1046]
[0,182,398,720,983,1046]
[0,127,398,762,1046]
[0,182,762,1046]
[0,182,398,559,646,762,892,1046]
[0,182,398,559,950,1046]
[0,182,720,892,1046]
[0,182,398,559,762,892,1046]
[0,127,182,559,646,762,892,1046]
[0,54,127,182,398,559,646,797,892,1046]
[0,398,720,1046]
[0,127,398,559,762,950,1046]
[0,398,559,772,1046]
[0,54,127,182,559,646,762,892,1046]
[0,127,762,950,1046]
[0,546,892,1046]
[0,398,797,892,1046]
[0,54,182,398,559,720,983,1046]
[0,398,559,762,892,1046]
[0,182,398,1046]
[0,127,1046]
[0,182,559,646,720,892,1046]
[0,54,127,182,646,762,892,1046]
[0,54,182,398,720,983,1046]
[0,398,559,892,1046]
