[0,326,651,865,1084,1180]
[0,326,543,651,769,1180]
[0,326,421,535,651,865,1041,1095,1180]
[0,326,421,543,651,865,1084,1180]
[0,326,543,651,1180]
[0,326,543,651,865,1041,1095,1180]
[0,236,326,421,535,651,865,1041,1095,1180]
[0,236,326,421,543,651,865,1180]
[0,236,326,543,651,865,1084,1180]
[0,326,421,543,651,769,1180]
[0,236,326,421,543,651,865,1084,1180]
[0,326,421,543,651,1180]
[0,326,543,651,865,1041,1180]
[0,326,543,651,1041,1180]
[0,326,543,651,865,1180]
[0,236,326,535,651,865,1041,1180]
[0,236,326,421,543,651,1180]
[0,326,651,865,1041,1180]
[0,326,651,865,1180]
[0,326,535,651,865,1041,1180]
[0,326,651,1041,1180]
[0,326,543,651,1041,1095,1180]
[0,326,865,1180]
[0,236,326,543,651,865,1180]
[0,236,326,651,865,1084,1180]
[0,236,326,651,1180]
[0,326,535,651,865,1041,1095,1180]
[0,236,326,421,535,651,865,1041,1180]
[0,326,535,651,1041,1180]
[0,326,1180]
[0,326,535,651,1041,1095,1180]
[0,326,421,535,651,865,1041,1180]
[0,326,651,1041,1095,1180]
[0,236,326,421,543,651,865,1041,1180]
[0,326,421,543,651,865,1041,1180]
[0,326,543,651,769,1084,1180]
[0,326,421,543,651,865,1180]
[0,326,421,543,651,865,1041,1095,1180]
[0,236,326,421,543,651,769,1180]
[0,236,326,421,543,651,769,1084,1180]
[0,236,326,651,865,1180]
[0,326,535,651,1180]
[0,326,421,543,651,769,1084,1180]
[0,326,651,1180]
[0,236,326,543,651,1180]
[0,326,543,651,865,1084,1180]
[0,326,651,769,1180]
[0,236,326,421,543,651,865,1041,1095,1180]
[0,236,326,651,865,1041,1180]
