[0,196,1108,2812]
[0,799,1373,1704,2051,2812]
[0,304,1108,2812]
[0,304,1704,2541,2812]
[0,196,304,799,1704,2051,2812]
[0,799,1303,1876,2552,2812]
[0,235,799,1303,1876,2552,2812]
[0,304,2541,2812]
[0,307,1801,2812]
[0,1148,2812]
[0,799,1704,2812]
[0,799,1879,2541,2812]
[0,799,1704,2552,2812]
[0,304,799,1704,1879,2541,2812]
[0,62,285,799,1703,2052,2541,2765,2812]
[0,307,2812]
[0,304,1108,1879,2541,2812]
[0,285,1148,2812]
[0,2541,2812]
[0,2552,2812]
[0,235,799,2552,2812]
[0,304,799,1108,1879,2812]
[0,304,1108,1879,2812]
[0,62,304,799,1373,1704,2051,2812]
[0,62,285,799,1373,1703,2052,2812]
[0,1704,2051,2812]
[0,1303,1876,2812]
[0,235,1703,2052,2812]
[0,196,1704,2051,2812]
[0,62,304,799,1704,2051,2812]
[0,304,799,1373,1704,2051,2541,2812]
[0,304,799,2812]
[0,304,799,1879,2812]
[0,304,799,2541,2812]
[0,1801,2812]
[0,1108,1704,2051,2812]
[0,285,799,1703,2052,2541,2812]
[0,62,285,799,1373,1703,2052,2541,2765,2812]
[0,235,1303,1876,2552,2812]
[0,304,2812]
[0,285,2052,2812]
[0,304,799,1704,2051,2738,2812]
[0,196,304,799,1703,2052,2812]
[0,799,1704,2051,2812]
[0,1303,1876,2552,2812]
[0,196,799,1108,1704,2051,2812]
[0,1148,1876,2812]
[0,799,2552,2812]
[0,235,1303,2812]
[0,62,285,799,1703,2052,2541,2812]
[0,196,799,1703,2052,2812]
[0,196,304,799,1108,1704,1879,2051,2812]
[0,799,1108,1879,2812]
[0,235,799,2812]
[0,285,799,1373,1703,2052,2812]
[0,285,799,1703,2052,2812]
[0,304,799,1108,1879,2541,2812]
[0,235,799,1703,2052,2812]
[0,235,2812]
[0,1879,2812]
[0,799,2052,2812]
[0,304,799,1704,2051,2541,2738,2812]
[0,304,799,1704,2051,2541,2812]
[0,304,799,1373,1704,2051,2812]
[0,1373,1703,2052,2812]
[0,196,2052,2812]
[0,304,799,1879,2541,2812]
[0,285,799,1373,1703,2052,2541,2812]
[0,1373,1704,2051,2812]
[0,62,285,799,1373,1703,2052,2541,2812]
[0,304,799,1373,1704,2051,2541,2738,2812]
[0,1703,2052,2812]
[0,285,2812]
[0,196,799,1704,2051,2812]
[0,799,1703,2052,2812]
[0,799,1704,1961,2552,2812]
[0,235,799,1704,2552,2812]
[0,2052,2812]
[0,304,799,1704,2051,2812]
[0,304,1704,2812]
[0,196,1703,2052,2812]
[0,799,2051,2812]
[0,304,799,1704,1879,2812]
[0,196,1108,2051,2812]
[0,235,1303,1876,2812]
[0,62,304,799,1704,2051,2738,2812]
[0,799,1373,1703,2052,2812]
[0,62,304,799,1704,2051,2541,2738,2812]
[0,1876,2812]
[0,1108,2812]
[0,285,1703,2052,2812]
[0,196,2051,2812]
[0,285,1703,2052,2765,2812]
[0,1704,2812]
[0,799,1303,1876,2812]
[0,62,285,799,1703,2052,2812]
[0,196,1108,1704,2051,2812]
[0,1108,2051,2812]
[0,304,1704,2051,2812]
[0,285,1148,1876,2552,2812]
[0,799,1879,2812]
[0,285,799,1703,2052,2765,2812]
[0,285,799,1703,2052,2541,2765,2812]
[0,1704,2552,2812]
[0,799,2541,2812]
[0,799,1108,1704,2051,2812]
[0,196,304,799,1108,1704,2051,2812]
[0,235,799,1704,1961,2552,2812]
[0,196,799,1108,1704,1879,2051,2812]
[0,799,2812]
[0,1108,1879,2812]
[0,1303,2812]
[0,304,1704,1879,2812]
[0,196,2812]
[0,1704,1961,2552,2812]
[0,62,304,799,1373,1704,2051,2541,2738,2812]
[0,285,1148,1876,2812]
[0,2051,2812]
