[0,414,1073,1498,1653,1995,2053]
[0,414,1073,1498,1653,2053]
[0,1073,2053]
[0,414,1073,1498,1567,1995,2053]
[0,1498,1653,1995,2053]
[0,414,1073,1498,1567,1653,1858,2053]
[0,414,1073,1498,1653,1858,2053]
[0,1073,1567,2053]
[0,1498,1653,1858,1995,2053]
[0,414,1073,1498,1653,1804,1858,1995,2053]
[0,1498,1653,1707,1995,2053]
[0,414,1073,1498,1567,1653,1707,1995,2053]
[0,414,1073,1567,2053]
[0,414,1073,1498,1653,1858,1995,2053]
[0,1498,1653,1858,2053]
[0,414,1498,1653,1707,1804,1858,1995,2053]
[0,414,1073,1498,1567,1653,1707,1804,1858,1995,2053]
[0,414,1567,2053]
[0,414,1498,1653,1707,1995,2053]
[0,414,1073,1498,1653,1707,1995,2053]
[0,1073,1498,2053]
[0,1498,1858,2053]
[0,414,1498,1653,1995,2053]
[0,1653,2053]
[0,414,1073,1498,1653,1707,1804,1858,1995,2053]
[0,1567,2053]
[0,1498,1653,1804,1858,1995,2053]
[0,414,1073,1498,1567,1653,2053]
[0,414,1073,1498,1567,1653,1858,1995,2053]
[0,414,1498,1653,1858,2053]
[0,414,1073,1498,2053]
[0,414,1498,1653,1858,1995,2053]
[0,414,1073,1498,1567,1653,1804,1858,1995,2053]
[0,414,1073,1498,1567,1653,1804,2053]
[0,1498,1653,2053]
[0,414,1498,1653,1804,1858,1995,2053]
[0,414,1498,2053]
[0,414,1498,1858,2053]
[0,1498,1653,1707,1804,1858,1995,2053]
[0,414,1073,1498,1653,1804,2053]
[0,414,1498,1567,1995,2053]
[0,414,1073,1498,1858,2053]
[0,1498,2053]
[0,414,1073,1498,1567,1653,1804,1995,2053]
[0,414,1498,1653,2053]
[0,414,1498,1567,2053]
[0,1498,1567,2053]
[0,1498,1567,1995,2053]
[0,1498,1653,1707,2053]
[0,1498,1653,1707,1858,1995,2053]
[0,414,1073,1498,1567,2053]
[0,414,1073,1498,1567,1653,1995,2053]
