[0,414,715,1162,1436,1788,2017]
[0,168,414,715,1436,1788,2017]
[0,1162,1436,2017]
[0,414,715,1162,1436,2017]
[0,432,715,2017]
[0,168,2017]
[0,414,1162,1436,2017]
[0,533,2017]
[0,414,715,1080,1436,2017]
[0,1162,1788,2017]
[0,432,715,992,1436,1788,2017]
[0,414,715,1080,1162,1788,2017]
[0,432,715,992,1436,1646,1788,2017]
[0,533,1788,2017]
[0,414,715,1080,1788,2017]
[0,414,715,992,1162,1436,1646,1788,2017]
[0,414,715,1080,1646,1788,2017]
[0,1162,2017]
[0,168,414,1162,1436,1788,2017]
[0,414,715,992,1436,1788,2017]
[0,996,1756,2017]
[0,414,715,2017]
[0,432,715,992,1788,2017]
[0,533,1143,2017]
[0,715,2017]
[0,715,1788,2017]
[0,432,715,1080,1646,1788,2017]
[0,715,1080,1162,2017]
[0,996,2017]
[0,432,715,1080,1162,1436,1788,2017]
[0,168,1788,2017]
[0,432,715,1436,2017]
[0,168,996,1756,2017]
[0,432,715,1080,1162,1788,2017]
[0,1436,2017]
[0,414,715,1080,1162,1436,1646,1788,2017]
[0,432,715,1788,2017]
[0,1788,2017]
[0,432,715,1080,1162,1436,1646,1788,2017]
[0,715,1080,1436,2017]
[0,414,715,992,1162,1436,1788,2017]
[0,715,992,2017]
[0,715,1080,2017]
[0,414,715,1080,1162,1436,1788,2017]
[0,432,715,1080,1436,1646,1788,2017]
[0,168,1436,1788,2017]
[0,432,715,1080,1788,2017]
[0,414,1162,2017]
[0,1162,1436,1788,2017]
[0,414,715,1436,1646,1788,2017]
[0,414,715,992,2017]
[0,1436,1788,2017]
[0,414,715,1080,2017]
[0,715,1080,1788,2017]
[0,414,715,1436,1788,2017]
[0,432,715,1080,1436,2017]
[0,414,715,992,1162,1788,2017]
[0,414,715,1080,1436,1788,2017]
[0,715,1436,2017]
[0,414,1162,1436,1788,2017]
[0,168,1162,1436,1788,2017]
[0,432,715,992,1436,2017]
[0,432,715,1080,1436,1788,2017]
[0,414,715,1788,2017]
[0,414,715,1436,2017]
[0,414,715,1080,1436,1646,1788,2017]
[0,432,715,992,2017]
[0,414,715,992,1788,2017]
[0,432,715,1080,2017]
[0,414,715,1080,1162,2017]
[0,414,715,992,1436,2017]
[0,432,715,992,1646,1788,2017]
[0,715,1080,1162,1788,2017]
[0,168,414,715,1162,1436,1788,2017]
[0,168,414,715,1788,2017]
[0,439,2017]
[0,533,1143,1788,2017]
[0,414,715,1646,1788,2017]
[0,1143,2017]
