[0,304,699,1593,2017]
[0,64,304,467,687,829,1593,1684,1838,2017]
[0,304,467,699,1684,2017]
[0,304,687,1593,2017]
[0,304,467,699,1838,2017]
[0,64,687,1593,1684,2017]
[0,687,829,1838,2017]
[0,687,1684,2017]
[0,844,1838,2017]
[0,304,467,687,829,1593,1838,2017]
[0,283,699,2017]
[0,304,467,687,1684,2017]
[0,64,304,687,829,1593,1684,2017]
[0,699,1684,2017]
[0,699,1838,2017]
[0,304,467,687,1838,2017]
[0,304,467,699,1593,1684,2017]
[0,304,844,1838,2017]
[0,304,687,829,1684,2017]
[0,64,687,829,1593,1684,2017]
[0,687,1593,1684,2017]
[0,64,687,829,1593,1838,2017]
[0,304,687,1684,2017]
[0,687,1593,1838,2017]
[0,64,304,699,1593,1838,2017]
[0,64,687,1684,2017]
[0,304,687,1838,2017]
[0,304,699,844,1593,1838,2017]
[0,304,467,687,829,1593,1684,1838,2017]
[0,304,699,1684,2017]
[0,304,699,1838,2017]
[0,304,687,829,1593,1684,2017]
[0,64,687,829,1838,2017]
[0,64,304,467,687,829,1593,1838,2017]
[0,304,467,699,844,1593,1838,2017]
[0,304,687,1593,1684,2017]
[0,304,687,1593,1838,2017]
[0,304,699,1593,1838,2017]
[0,687,829,1684,2017]
[0,304,687,2017]
[0,304,467,699,844,1684,2017]
[0,64,304,699,1838,2017]
[0,304,467,699,844,1593,1684,1838,2017]
[0,699,1593,1684,2017]
[0,687,2017]
[0,304,467,687,829,1684,2017]
[0,592,1683,2017]
[0,304,467,687,829,1593,1684,2017]
[0,64,304,687,829,1593,1838,2017]
[0,64,687,2017]
[0,687,1838,2017]
[0,592,2017]
[0,283,699,1838,2017]
[0,304,687,829,1838,2017]
[0,687,829,1593,1684,2017]
[0,304,699,2017]
[0,687,829,1593,1838,2017]
[0,64,687,1838,2017]
[0,304,467,699,1593,1838,2017]
[0,304,467,687,1593,1838,2017]
[0,687,1593,2017]
[0,699,2017]
[0,64,699,1838,2017]
[0,304,844,2017]
[0,304,687,829,1593,1838,2017]
[0,699,1593,2017]
[0,64,304,467,687,829,1593,1684,2017]
[0,64,699,2017]
[0,844,2017]
[0,304,467,699,844,1593,1684,2017]
[0,304,699,1593,1684,2017]
