[0,236,426,573,922]
[0,217,417,814,922]
[0,573,922]
[0,426,573,715,814,922]
[0,217,418,922]
[0,217,418,814,922]
[0,366,426,922]
[0,426,573,814,922]
[0,217,922]
[0,236,814,922]
[0,236,366,426,573,715,814,922]
[0,236,426,573,715,814,922]
[0,366,426,573,814,922]
[0,366,814,922]
[0,236,426,573,814,922]
[0,217,417,573,814,922]
[0,814,922]
[0,426,573,922]
[0,236,366,426,573,814,922]
[0,217,417,922]
[0,366,922]
[0,236,922]
[0,236,426,922]
[0,366,426,573,922]
[0,217,417,573,922]
[0,366,426,573,715,814,922]
