[0,274,585,1632]
[0,585,1392,1632]
[0,274,593,944,1336,1632]
[0,1392,1632]
[0,274,593,940,1221,1336,1632]
[0,150,585,1392,1632]
[0,80,593,940,1336,1632]
[0,585,934,1392,1632]
[0,80,1632]
[0,274,593,944,1336,1561,1632]
[0,80,274,585,934,1221,1392,1561,1632]
[0,685,1632]
[0,274,1330,1632]
[0,80,274,593,940,1221,1336,1632]
[0,274,585,934,1084,1221,1392,1632]
[0,150,1632]
[0,274,593,940,1221,1336,1561,1632]
[0,80,274,585,1392,1632]
[0,80,274,585,934,1392,1632]
[0,685,1336,1632]
[0,80,274,585,934,1221,1392,1632]
[0,1336,1632]
[0,80,274,593,940,1221,1336,1561,1632]
[0,80,593,940,1221,1336,1632]
[0,150,685,1336,1632]
[0,274,585,1392,1632]
[0,274,593,940,1336,1632]
[0,80,585,1392,1632]
[0,593,944,1330,1632]
[0,274,1336,1632]
[0,593,940,1221,1336,1632]
[0,274,593,944,1330,1632]
[0,80,593,1336,1632]
[0,80,274,585,934,1084,1221,1392,1632]
[0,80,1392,1632]
[0,593,1336,1632]
[0,593,940,1632]
[0,274,1632]
[0,274,593,1042,1632]
[0,593,944,1336,1632]
[0,274,593,1330,1632]
[0,593,1632]
[0,252,1632]
[0,274,1392,1632]
[0,1330,1632]
[0,585,934,1632]
[0,274,593,1632]
[0,274,593,1336,1632]
[0,80,274,585,934,1392,1561,1632]
[0,593,1042,1632]
[0,274,585,934,1392,1632]
[0,80,585,934,1392,1632]
[0,593,1330,1632]
[0,593,940,1336,1632]
[0,150,1336,1632]
[0,274,585,934,1221,1392,1632]
[0,274,585,934,1632]
[0,585,1632]
[0,274,593,1042,1392,1632]
[0,274,593,944,1330,1561,1632]
[0,274,593,1392,1632]
[0,80,274,585,934,1084,1221,1392,1561,1632]
[0,252,1330,1632]
[0,593,944,1632]
