[0,367,782,1351,2120]
[0,499,640,894,1351,2120]
[0,1139,1598,2120]
[0,499,640,894,1139,2120]
[0,640,894,1656,2120]
[0,367,499,640,894,1351,2120]
[0,367,640,782,1037,1351,1598,2120]
[0,640,894,1037,2120]
[0,499,640,782,1351,1598,2120]
[0,894,1037,2120]
[0,399,782,1139,1656,2120]
[0,399,1139,1656,2120]
[0,367,499,640,894,1037,1351,2120]
[0,1351,1656,2120]
[0,367,782,1351,1598,2120]
[0,640,1139,1598,2120]
[0,367,499,640,894,1037,1351,1422,2120]
[0,1037,2120]
[0,640,894,1139,1598,2120]
[0,782,1037,1351,1656,2120]
[0,640,894,1351,2120]
[0,367,499,640,894,2120]
[0,383,640,1351,2120]
[0,640,782,1351,2120]
[0,367,782,1037,2120]
[0,367,499,640,2120]
[0,499,640,894,2120]
[0,640,894,1037,1351,2120]
[0,367,499,640,894,1037,2120]
[0,399,782,1139,2120]
[0,782,1351,2120]
[0,782,1351,1598,2120]
[0,367,499,640,782,1351,1422,2120]
[0,782,1139,2120]
[0,367,499,640,782,1351,1598,2120]
[0,499,640,894,1037,1351,2120]
[0,367,782,2120]
[0,1139,2120]
[0,367,782,1037,1598,2120]
[0,894,1139,2120]
[0,640,894,1139,1656,2120]
[0,367,499,640,894,1139,1598,2120]
[0,399,1139,2120]
[0,383,1351,2120]
[0,367,499,640,782,2120]
[0,367,499,640,894,1351,1422,2120]
[0,782,2120]
[0,367,499,640,894,1139,2120]
[0,782,1351,1656,2120]
[0,367,499,640,782,1351,2120]
[0,1598,2120]
[0,640,782,1351,1598,2120]
[0,367,782,1037,1351,1598,2120]
[0,367,1351,2120]
[0,898,1351,2120]
[0,499,640,894,1037,2120]
[0,367,499,2120]
[0,782,1598,2120]
[0,1351,2120]
[0,640,1139,2120]
[0,1139,1656,2120]
[0,894,1351,2120]
[0,640,1656,2120]
[0,1351,1598,2120]
[0,499,640,782,2120]
[0,640,782,2120]
[0,499,640,894,1139,1598,2120]
[0,640,894,2120]
[0,640,894,1139,2120]
[0,434,782,1351,2120]
[0,499,1351,2120]
[0,499,640,782,1351,2120]
[0,499,640,2120]
[0,640,2120]
[0,434,782,1037,1351,1656,2120]
[0,367,782,1598,2120]
[0,367,2120]
[0,434,782,1351,1656,2120]
[0,367,640,782,1351,1598,2120]
