[0,417,609,931,1343]
[0,78,609,929,1257,1343]
[0,131,609,929,1343]
[0,131,609,931,1343]
[0,609,696,992,1146,1343]
[0,131,213,609,696,931,1146,1257,1343]
[0,609,992,1146,1257,1343]
[0,609,931,1146,1343]
[0,78,655,929,1257,1343]
[0,78,655,929,1343]
[0,131,220,609,929,1146,1260,1343]
[0,220,609,696,929,1257,1343]
[0,929,1343]
[0,131,213,609,931,1146,1257,1343]
[0,131,609,696,992,1146,1257,1343]
[0,131,220,609,927,1146,1343]
[0,220,609,929,1146,1343]
[0,131,220,609,929,1343]
[0,131,417,609,931,1146,1343]
[0,417,609,696,992,1343]
[0,78,131,220,609,929,1146,1260,1343]
[0,609,929,1146,1260,1343]
[0,131,609,992,1146,1343]
[0,609,927,1343]
[0,931,1343]
[0,131,417,609,696,931,1343]
[0,609,696,929,1146,1343]
[0,131,213,609,696,992,1146,1257,1343]
[0,655,929,1343]
[0,131,220,609,696,927,1343]
[0,131,220,609,696,929,1146,1343]
[0,131,417,609,696,992,1146,1343]
[0,78,417,609,696,992,1257,1343]
[0,78,417,929,1343]
[0,220,609,696,929,1146,1260,1343]
[0,609,929,1343]
[0,609,929,1257,1343]
[0,131,213,609,992,1146,1257,1343]
[0,213,609,992,1343]
[0,78,609,929,1260,1343]
[0,131,220,609,696,929,1343]
[0,609,1343]
[0,992,1343]
[0,131,417,609,696,992,1343]
[0,78,609,992,1257,1343]
[0,131,927,1343]
[0,78,417,992,1257,1343]
[0,131,417,609,696,992,1146,1257,1343]
[0,78,131,220,609,927,1146,1260,1343]
[0,78,220,609,929,1257,1343]
[0,131,220,609,929,1260,1343]
[0,131,609,927,1343]
[0,131,609,696,931,1146,1257,1343]
[0,1053,1343]
[0,131,609,696,931,1343]
[0,78,417,992,1343]
[0,78,992,1343]
[0,609,696,929,1257,1343]
[0,131,609,931,1257,1343]
[0,609,992,1343]
[0,417,929,1343]
[0,131,220,609,927,1343]
[0,78,131,213,417,609,696,992,1146,1257,1343]
[0,609,1053,1343]
[0,131,220,609,927,1146,1260,1343]
[0,655,929,1257,1343]
[0,131,609,931,1146,1257,1343]
[0,131,220,609,696,927,1146,1260,1343]
[0,78,213,609,992,1257,1343]
[0,78,609,929,1146,1260,1343]
[0,78,131,220,609,696,929,1146,1260,1343]
[0,927,1343]
[0,131,417,609,931,1146,1257,1343]
[0,131,417,609,696,931,1146,1343]
[0,417,992,1257,1343]
[0,78,220,609,929,1146,1260,1343]
[0,220,609,929,1343]
[0,609,696,992,1343]
[0,609,929,1260,1343]
[0,131,609,696,992,1343]
[0,131,609,929,1146,1343]
[0,417,609,992,1146,1343]
[0,609,927,1146,1343]
[0,78,609,992,1343]
[0,417,609,696,992,1146,1343]
[0,131,609,696,992,1146,1343]
[0,131,220,609,696,927,1146,1343]
[0,131,609,992,1146,1257,1343]
[0,417,992,1343]
[0,213,609,992,1257,1343]
[0,417,609,931,1146,1343]
[0,131,417,609,931,1343]
[0,131,609,931,1146,1343]
[0,609,992,1257,1343]
[0,417,609,992,1343]
[0,131,220,609,927,1260,1343]
[0,609,696,929,1146,1260,1343]
[0,131,609,992,1343]
[0,609,931,1343]
[0,131,220,609,929,1146,1343]
[0,131,1053,1343]
[0,78,220,609,696,929,1257,1343]
[0,78,131,213,417,609,696,931,1146,1257,1343]
[0,131,609,927,1146,1343]
[0,220,609,696,929,1146,1343]
[0,78,609,696,992,1257,1343]
[0,78,131,213,609,696,931,1146,1257,1343]
[0,220,609,696,929,1343]
[0,417,609,696,992,1146,1257,1343]
[0,131,220,609,696,929,1146,1260,1343]
[0,131,609,1053,1343]
[0,78,131,220,609,696,927,1146,1260,1343]
[0,131,417,609,696,931,1146,1257,1343]
[0,609,696,992,1257,1343]
[0,78,220,609,696,929,1146,1260,1343]
[0,131,417,609,992,1146,1343]
[0,131,417,609,992,1343]
[0,78,131,213,609,931,1146,1257,1343]
[0,609,696,992,1146,1257,1343]
[0,220,609,929,1146,1260,1343]
[0,609,696,929,1343]
[0,78,417,609,696,992,1146,1257,1343]
[0,417,1343]
[0,78,609,696,992,1146,1257,1343]
[0,78,1343]
[0,417,609,696,992,1257,1343]
[0,131,417,992,1343]
[0,78,609,696,992,1343]
[0,220,609,929,1257,1343]
[0,131,609,992,1257,1343]
[0,609,929,1146,1343]
[0,131,213,417,609,696,992,1146,1257,1343]
[0,609,992,1146,1343]
[0,78,131,213,609,696,992,1146,1257,1343]
[0,78,609,992,1146,1257,1343]
[0,131,213,417,609,696,931,1146,1257,1343]
[0,78,609,929,1343]
[0,131,609,696,931,1146,1343]
