[0,463,589,843,1014,1075,1180]
[0,135,285,405,463,589,880,1014,1180]
[0,893,1180]
[0,1014,1180]
[0,405,463,880,1014,1075,1180]
[0,285,463,1014,1180]
[0,285,893,1180]
[0,135,463,1014,1180]
[0,405,880,1014,1180]
[0,135,285,405,463,880,1014,1075,1180]
[0,135,285,463,1014,1180]
[0,285,1014,1180]
[0,135,463,589,843,1180]
[0,135,285,880,1014,1075,1180]
[0,880,1014,1180]
[0,463,718,1180]
[0,589,843,1014,1180]
[0,463,718,1014,1180]
[0,718,1014,1180]
[0,843,1014,1180]
[0,135,843,1030,1180]
[0,463,1180]
[0,135,285,405,463,880,1014,1180]
[0,135,1014,1180]
[0,135,463,589,718,880,1014,1075,1180]
[0,405,843,1180]
[0,135,463,718,1014,1180]
[0,135,463,589,843,1014,1075,1180]
[0,135,255,463,589,843,1030,1180]
[0,135,405,463,880,1014,1075,1180]
[0,405,843,1014,1180]
[0,135,405,463,880,1014,1180]
[0,405,463,843,1014,1180]
[0,285,463,1180]
[0,589,843,1014,1075,1180]
[0,135,880,1014,1180]
[0,285,718,1014,1180]
[0,405,463,843,1180]
[0,135,718,1014,1180]
[0,135,285,463,589,880,1014,1180]
[0,135,463,589,718,880,1014,1180]
[0,135,463,880,1014,1180]
[0,463,589,843,1180]
[0,135,463,1180]
[0,174,463,843,1180]
[0,135,285,718,880,1014,1180]
[0,135,285,405,880,1014,1180]
[0,463,1014,1180]
[0,174,463,589,843,1180]
[0,405,1180]
[0,174,463,589,843,1075,1180]
[0,135,405,463,589,843,1014,1075,1180]
[0,135,463,843,1014,1075,1180]
[0,255,1180]
[0,463,589,843,1014,1180]
[0,255,463,1180]
[0,135,285,1014,1180]
[0,405,463,589,843,1014,1075,1180]
[0,135,463,843,1180]
[0,135,463,718,880,1014,1180]
[0,255,463,843,1180]
[0,135,255,463,589,843,1075,1180]
[0,843,1030,1180]
[0,135,285,463,589,880,1014,1075,1180]
[0,135,285,463,589,718,880,1014,1075,1180]
[0,255,463,843,1030,1180]
[0,843,1014,1075,1180]
[0,135,463,589,880,1014,1075,1180]
[0,255,843,1180]
[0,135,843,1180]
[0,463,843,1030,1180]
[0,880,1014,1075,1180]
[0,405,463,589,843,1180]
[0,135,463,880,1014,1075,1180]
[0,135,463,843,1030,1180]
[0,135,285,405,463,589,718,880,1014,1075,1180]
[0,285,1180]
[0,405,843,1014,1075,1180]
[0,589,843,1180]
[0,255,463,589,843,1030,1180]
[0,135,405,463,589,843,1030,1180]
[0,135,285,405,880,1014,1075,1180]
[0,463,843,1014,1180]
[0,135,255,463,589,843,1180]
[0,135,463,843,1014,1180]
[0,135,285,880,1014,1180]
[0,463,843,1180]
[0,135,1180]
[0,718,1180]
[0,135,285,718,1014,1180]
[0,255,463,589,843,1180]
[0,135,718,880,1014,1180]
[0,174,1180]
[0,135,463,589,843,1030,1180]
[0,135,285,405,463,589,718,880,1014,1180]
[0,405,1014,1180]
[0,405,880,1014,1075,1180]
[0,135,463,589,843,1014,1180]
[0,405,463,880,1014,1180]
[0,285,718,1180]
[0,135,843,1014,1180]
[0,135,880,1014,1075,1180]
[0,174,463,1180]
[0,843,1180]
[0,174,463,843,1075,1180]
[0,135,285,589,718,880,1014,1180]
[0,135,285,405,463,589,880,1014,1075,1180]
[0,135,843,1014,1075,1180]
[0,135,285,463,589,718,880,1014,1180]
[0,405,463,843,1014,1075,1180]
[0,255,463,589,843,1075,1180]
[0,135,285,463,880,1014,1180]
[0,405,463,1180]
[0,135,405,463,589,843,1180]
[0,135,463,589,880,1014,1180]
[0,405,463,1014,1180]
