[0,62,711,1046]
[0,155,451,711,1046]
[0,62,208,536,711,851,1046]
[0,208,536,711,851,1046]
[0,62,176,711,879,1046]
[0,536,711,851,1046]
[0,62,176,400,536,711,880,1046]
[0,176,536,711,880,1046]
[0,208,1046]
[0,155,711,1046]
[0,62,176,536,711,880,1046]
[0,451,536,711,879,1046]
[0,879,1046]
[0,208,711,1046]
[0,176,711,879,1046]
[0,536,711,879,1046]
[0,451,711,1046]
[0,400,536,711,880,1046]
[0,176,400,536,711,880,1046]
[0,176,379,451,536,711,879,1046]
[0,204,711,1046]
[0,62,536,711,851,1046]
[0,176,711,1046]
[0,536,711,1046]
[0,711,880,1046]
[0,176,451,536,711,879,1046]
[0,711,1046]
[0,176,536,711,879,1046]
[0,62,176,400,536,711,879,1046]
[0,711,851,1046]
[0,62,176,451,536,711,879,1046]
[0,176,1046]
[0,176,536,711,1046]
[0,62,176,711,880,1046]
[0,62,536,711,1046]
[0,880,1046]
[0,62,176,536,711,879,1046]
[0,62,176,379,451,536,711,879,1046]
[0,379,451,536,711,879,1046]
[0,536,711,880,1046]
[0,711,879,1046]
[0,176,711,880,1046]
[0,851,1046]
[0,208,536,711,1046]
[0,176,400,536,711,879,1046]
