[0,128,346,544,791,914,1046]
[0,282,791,1046]
[0,128,408,914,1046]
[0,346,878,1046]
[0,128,282,550,715,791,914,1046]
[0,408,1046]
[0,544,791,1046]
[0,128,346,544,791,1046]
[0,128,346,550,791,914,1046]
[0,282,550,791,1046]
[0,128,282,791,1046]
[0,282,914,1046]
[0,282,415,550,791,1046]
[0,128,346,617,914,1046]
[0,128,282,550,791,914,992,1046]
[0,550,791,1046]
[0,128,282,791,914,1046]
[0,346,550,791,1046]
[0,128,282,415,550,791,914,1046]
[0,914,1046]
[0,128,282,550,715,791,914,992,1046]
[0,128,346,791,1046]
[0,128,1046]
[0,128,282,914,1046]
[0,544,1046]
[0,346,544,791,1046]
[0,346,1046]
[0,282,1046]
[0,128,408,1046]
[0,128,282,550,791,1046]
[0,128,346,914,1046]
[0,128,346,791,914,1046]
[0,128,346,550,791,914,992,1046]
[0,128,282,550,791,914,1046]
[0,128,346,1046]
[0,128,346,415,550,791,914,1046]
[0,128,346,415,550,715,791,914,1046]
[0,128,282,346,415,550,715,791,914,992,1046]
[0,346,617,1046]
[0,128,346,415,550,715,791,914,992,1046]
[0,128,282,1046]
[0,550,1046]
[0,128,282,791,914,992,1046]
[0,128,346,550,791,1046]
[0,128,282,346,415,550,715,791,914,1046]
[0,128,346,415,550,791,914,992,1046]
[0,408,914,1046]
[0,128,282,415,550,715,791,914,992,1046]
[0,346,791,1046]
[0,346,914,1046]
[0,128,346,550,715,791,914,1046]
[0,128,346,791,914,992,1046]
[0,128,282,415,550,715,791,914,1046]
[0,346,617,914,1046]
[0,128,282,415,550,791,1046]
