[0,291,1286,1633,2209,2554]
[0,291,1279,1632,2209,2554]
[0,291,1077,1286,1632,1834,2084,2209,2554]
[0,99,291,1077,1286,1632,2015,2209,2554]
[0,771,1286,2554]
[0,1286,2554]
[0,493,2209,2554]
[0,291,1077,1286,1632,1834,2209,2554]
[0,291,1279,1632,1843,2209,2554]
[0,291,1286,1632,1843,2209,2554]
[0,1279,1632,2209,2554]
[0,291,1286,2209,2554]
[0,99,291,1286,1632,1843,2209,2554]
[0,493,1632,2554]
[0,1286,2209,2554]
[0,99,291,1286,1632,2015,2209,2554]
[0,99,291,1286,1632,1834,2209,2554]
[0,291,1286,1632,2015,2209,2554]
[0,1632,2209,2554]
[0,99,291,1286,1633,2209,2554]
[0,99,291,493,1077,1286,1632,1834,2084,2209,2554]
[0,1286,1632,2554]
[0,1279,2554]
[0,1633,2554]
[0,99,291,493,1077,1286,1632,2015,2209,2554]
[0,493,2554]
[0,771,2554]
[0,99,291,1286,1632,2209,2554]
[0,291,1279,2209,2554]
[0,291,493,1077,1286,1632,1834,2209,2554]
[0,1279,2209,2554]
[0,291,1286,1632,1834,2084,2209,2554]
[0,291,1077,1286,1632,1843,2209,2554]
[0,291,1077,1286,1632,1833,2209,2554]
[0,771,1286,2209,2554]
[0,1286,1632,2209,2554]
[0,291,493,1077,1286,1632,1834,2084,2209,2554]
[0,2209,2554]
[0,291,1286,1632,2209,2554]
[0,99,291,493,1077,1286,1632,1843,2209,2554]
[0,291,1077,1286,1632,2015,2209,2554]
[0,99,291,1286,1632,1834,2084,2209,2554]
[0,99,291,1286,1632,1833,2209,2554]
[0,1286,1633,2554]
[0,99,291,1279,1632,1843,2209,2554]
[0,291,493,1077,1286,1632,2209,2554]
[0,291,1286,1632,1833,2209,2554]
[0,291,2209,2554]
[0,1279,1632,2554]
[0,291,493,1077,1286,1632,1833,2209,2554]
[0,99,291,1077,1286,1632,1833,2209,2554]
[0,771,2209,2554]
[0,291,493,1077,1286,1632,1843,2209,2554]
[0,99,291,1077,1286,1632,1843,2209,2554]
[0,99,291,493,1077,1286,1632,1833,2209,2554]
[0,1286,1633,2209,2554]
[0,1632,2554]
[0,291,493,1077,1286,1632,2015,2209,2554]
[0,1633,2209,2554]
[0,291,1077,1286,1632,2209,2554]
[0,291,1286,1632,1834,2209,2554]
[0,99,291,1077,1286,1632,1834,2084,2209,2554]
