[0,915,1180]
[0,120,249,404,645,915,1180]
[0,404,487,915,1180]
[0,120,404,645,768,915,1026,1180]
[0,120,404,487,645,768,915,1026,1180]
[0,132,249,419,496,645,812,915,1180]
[0,132,249,419,915,1180]
[0,120,404,645,768,915,1180]
[0,404,645,915,1180]
[0,120,404,487,645,768,915,1180]
[0,120,404,645,938,1180]
[0,132,249,419,812,915,1180]
[0,132,249,915,1180]
[0,419,915,1180]
[0,645,915,1180]
[0,120,404,487,768,915,1026,1180]
[0,419,496,915,1180]
[0,132,249,419,496,812,915,1180]
[0,120,249,404,487,915,1026,1180]
[0,120,249,404,915,1026,1180]
[0,404,768,915,1180]
[0,419,499,915,1180]
[0,120,249,404,487,915,1180]
[0,120,249,404,645,768,915,1026,1180]
[0,132,419,499,915,1180]
[0,120,404,645,915,1180]
[0,404,915,1180]
[0,938,1180]
[0,120,249,404,645,938,1180]
[0,249,645,915,1180]
[0,120,404,938,1180]
[0,419,645,915,1180]
[0,132,249,440,645,915,1180]
[0,132,440,645,915,1180]
[0,404,645,768,915,1180]
[0,404,645,938,1180]
[0,120,404,487,915,1026,1091,1180]
[0,249,404,645,938,1180]
[0,120,404,487,915,1026,1180]
[0,249,404,915,1180]
[0,120,404,487,768,915,1180]
[0,120,404,768,915,1180]
[0,120,404,915,1180]
[0,120,249,404,487,645,768,915,1180]
[0,120,249,404,487,645,768,915,1026,1180]
[0,440,1180]
[0,249,404,645,915,1180]
[0,132,440,915,1180]
[0,404,1180]
[0,132,249,419,645,812,915,1180]
[0,132,249,645,915,1180]
[0,249,404,645,768,915,1180]
[0,440,645,915,1180]
[0,120,404,487,645,768,915,1026,1091,1180]
[0,120,404,487,915,1180]
[0,120,249,404,915,1180]
[0,404,938,1180]
[0,132,419,496,915,1180]
[0,249,915,1180]
[0,419,1180]
[0,120,404,915,1026,1180]
[0,132,249,419,499,915,1180]
[0,132,419,645,915,1180]
[0,120,404,487,768,915,1026,1091,1180]
[0,645,1180]
[0,120,249,404,645,768,915,1180]
[0,142,440,645,915,1180]
[0,132,419,915,1180]
[0,440,915,1180]
[0,120,404,768,915,1026,1180]
[0,132,249,419,496,915,1180]
[0,120,249,404,487,915,1026,1091,1180]
[0,120,249,404,487,645,768,915,1026,1091,1180]
[0,132,249,419,645,915,1180]
