[0,257,520,690,830,929,1246,1366,1465]
[0,690,830,1246,1465]
[0,76,257,520,690,830,929,1246,1306,1366,1465]
[0,257,690,884,1246,1465]
[0,76,690,830,1246,1465]
[0,520,690,1246,1465]
[0,257,520,690,830,929,1246,1465]
[0,76,520,690,830,1246,1465]
[0,690,830,1246,1366,1465]
[0,1246,1465]
[0,520,690,830,929,1246,1366,1465]
[0,76,690,830,1246,1366,1465]
[0,76,257,520,690,830,1246,1308,1465]
[0,257,690,830,1246,1465]
[0,257,690,1465]
[0,690,830,1246,1306,1465]
[0,257,520,690,884,1246,1465]
[0,76,257,520,690,830,1246,1306,1465]
[0,690,830,1246,1306,1366,1465]
[0,520,690,830,1246,1366,1465]
[0,76,257,520,690,830,1246,1465]
[0,257,520,690,1246,1465]
[0,76,257,690,830,1246,1366,1465]
[0,76,257,520,690,830,1246,1306,1366,1465]
[0,76,257,690,830,1246,1465]
[0,690,884,1246,1465]
[0,690,1465]
[0,76,257,690,830,1246,1306,1465]
[0,76,257,520,690,884,1246,1308,1465]
[0,76,257,520,690,830,1176,1246,1306,1465]
[0,76,257,520,690,830,929,1246,1306,1465]
[0,676,1465]
[0,76,257,520,690,830,1246,1366,1465]
[0,257,690,1246,1465]
[0,76,257,520,690,830,929,1246,1465]
[0,257,520,690,830,1246,1366,1465]
[0,76,257,520,690,830,929,1246,1308,1465]
[0,76,520,690,830,1246,1306,1465]
[0,76,1246,1465]
[0,76,257,690,884,1246,1308,1465]
[0,76,257,520,690,884,1246,1465]
[0,76,257,520,690,830,1176,1246,1465]
[0,257,1465]
[0,76,257,690,830,1246,1306,1366,1465]
[0,76,520,690,884,1246,1465]
[0,76,676,830,1246,1465]
[0,257,690,830,1246,1366,1465]
[0,520,690,884,1246,1465]
[0,76,257,690,884,1246,1465]
[0,676,830,1246,1465]
[0,690,1246,1465]
[0,76,520,690,884,1246,1308,1465]
[0,257,520,690,830,1246,1465]
[0,676,1246,1465]
[0,76,690,884,1246,1465]
[0,520,690,830,929,1246,1465]
[0,520,690,830,1246,1465]
[0,76,257,520,690,830,929,1246,1366,1465]
[0,76,257,690,830,1246,1308,1465]
[0,76,690,830,1246,1306,1366,1465]
