[0,582,1544,2017]
[0,582,2017]
[0,387,1273,2017]
[0,387,582,742,1273,1761,2017]
[0,392,582,730,1177,1761,2017]
[0,392,1177,2017]
[0,392,2017]
[0,1761,2017]
[0,392,730,1177,2017]
[0,392,730,2017]
[0,392,582,730,1761,2017]
[0,392,730,1177,1761,2017]
[0,484,1177,1627,2017]
[0,387,742,2017]
[0,387,742,1761,2017]
[0,387,1273,1761,2017]
[0,484,2017]
[0,387,1761,2017]
[0,387,2017]
[0,392,1273,2017]
[0,1177,2017]
[0,392,1177,1761,2017]
[0,392,582,730,920,1177,1761,2017]
[0,484,1177,2017]
[0,387,582,742,1761,2017]
[0,387,582,1273,1761,2017]
[0,1544,2017]
[0,392,1273,1761,2017]
[0,392,1761,2017]
[0,392,730,1761,2017]
[0,1273,2017]
[0,392,730,920,1177,1761,2017]
