[0,1034,1511,1876,2017]
[0,1034,1399,1876,2017]
[0,79,729,1034,1317,1671,1876,2017]
[0,729,1034,1317,1511,1671,1876,2017]
[0,79,729,1034,1511,1876,2017]
[0,729,2017]
[0,79,729,1034,1099,1511,2017]
[0,1399,1876,2017]
[0,79,1034,1317,2017]
[0,729,1034,1511,1671,2017]
[0,590,1034,1317,1511,1876,2017]
[0,729,1034,1317,2017]
[0,729,1034,1511,1671,1876,2017]
[0,590,729,1034,1317,1511,1671,1876,2017]
[0,590,1034,1317,1511,1671,2017]
[0,79,729,1034,1099,1317,2017]
[0,590,1034,1317,1511,2017]
[0,590,1034,1317,1511,1671,1876,2017]
[0,590,2017]
[0,79,729,1034,1399,2017]
[0,79,729,1034,1511,2017]
[0,590,1034,1317,2017]
[0,590,1034,1317,1876,2017]
[0,79,590,729,1034,1317,1511,1671,1809,1876,2017]
[0,1034,1399,2017]
[0,729,1511,2017]
[0,79,590,729,1034,1317,1511,1876,2017]
[0,590,729,1034,1317,1511,1876,2017]
[0,79,1511,1876,2017]
[0,79,729,1034,1317,1511,1671,1809,1876,2017]
[0,729,1034,1317,1511,2017]
[0,79,729,1034,1317,2017]
[0,79,729,1034,2017]
[0,729,1034,1317,1511,1671,2017]
[0,79,729,1034,1099,2017]
[0,729,1034,1511,1876,2017]
[0,79,1317,2017]
[0,79,729,1034,1317,1809,1876,2017]
[0,79,590,729,1034,1099,1317,1511,1671,1876,2017]
[0,79,729,1034,1511,1671,1876,2017]
[0,729,1671,2017]
[0,729,1034,1317,1671,2017]
[0,79,729,1034,1099,1511,1809,1876,2017]
[0,590,1034,2017]
[0,79,729,2017]
[0,729,1034,1511,2017]
[0,729,1034,1671,2017]
[0,79,1034,1511,1876,2017]
[0,827,1511,2017]
[0,1511,1876,2017]
[0,729,1034,2017]
[0,79,729,1034,1099,1317,1876,2017]
[0,79,729,1034,1099,1317,1511,1876,2017]
[0,729,1034,1317,1671,1876,2017]
[0,79,590,729,1034,1099,1317,1511,1671,1809,1876,2017]
[0,729,1399,2017]
[0,79,2017]
[0,79,729,1034,1099,1511,1671,1809,1876,2017]
[0,1034,1511,2017]
[0,79,729,1034,1317,1876,2017]
[0,729,1034,1317,1511,1876,2017]
[0,79,590,729,1034,1099,1317,1511,1876,2017]
[0,79,729,1034,1511,1809,1876,2017]
[0,79,729,1034,1317,1511,1671,1876,2017]
[0,827,2017]
[0,1399,2017]
[0,79,729,1034,1317,1671,1809,1876,2017]
[0,79,1034,1399,2017]
[0,79,729,1034,1099,1317,1511,1671,1809,1876,2017]
[0,79,1399,2017]
[0,1034,1317,2017]
[0,79,1511,2017]
[0,79,1034,1399,1876,2017]
[0,79,729,1034,1511,1671,1809,1876,2017]
[0,729,1034,1317,1876,2017]
[0,1511,2017]
[0,79,729,1034,1099,1511,1876,2017]
[0,1317,2017]
[0,79,1034,1511,2017]
[0,79,590,729,1034,1317,1511,1671,1876,2017]
[0,729,1034,1399,2017]
[0,79,729,1034,1317,1511,1876,2017]
