[0,70,269,426,696,839,1046,1595,1883,2017]
[0,70,269,480,686,839,1046,1274,1552,1883,2017]
[0,535,686,839,1046,1510,1595,2017]
[0,190,839,1552,2017]
[0,745,1238,1552,1883,2017]
[0,426,696,839,1046,1883,2017]
[0,426,1046,1312,2017]
[0,535,686,839,1046,1883,2017]
[0,839,2017]
[0,686,839,1046,1510,2017]
[0,269,480,686,839,1046,1274,1552,1883,2017]
[0,70,535,686,839,1046,1510,1595,2017]
[0,190,839,1552,1883,2017]
[0,269,480,686,839,1046,1274,1883,2017]
[0,269,480,686,839,1046,1274,2017]
[0,839,1046,1274,1552,2017]
[0,70,269,535,686,839,1046,1274,1510,1595,1883,2017]
[0,70,269,839,1046,1274,1552,1883,2017]
[0,535,2017]
[0,269,426,839,1046,1883,2017]
[0,269,839,1046,1274,1552,2017]
[0,269,535,686,839,1046,1274,1510,1595,1883,2017]
[0,426,1046,1595,2017]
[0,745,1552,1883,2017]
[0,269,426,696,839,1046,1312,2017]
[0,803,1552,2017]
[0,426,1046,1312,1595,2017]
[0,269,480,839,1046,1274,1552,2017]
[0,803,2017]
[0,803,1046,1274,2017]
[0,535,686,839,1046,1274,1510,1595,1883,2017]
[0,70,269,426,696,839,1046,2017]
[0,480,1046,1274,1552,2017]
[0,269,535,839,1046,1274,1595,2017]
[0,535,1046,1274,2017]
[0,535,839,1046,1595,2017]
[0,535,686,839,1046,1274,1595,1883,2017]
[0,1046,2017]
[0,839,1274,1552,2017]
[0,269,480,1046,1274,2017]
[0,480,686,839,1046,1274,2017]
[0,839,1595,2017]
[0,426,839,2017]
[0,70,839,1046,1274,1883,2017]
[0,480,2017]
[0,535,686,839,1046,1510,1595,1883,2017]
[0,70,839,1046,1274,1552,1883,2017]
[0,535,839,1046,1510,2017]
[0,803,1046,2017]
[0,686,839,1046,1274,2017]
[0,480,1046,2017]
[0,269,426,839,1046,1312,1883,2017]
[0,70,839,1046,1510,1595,2017]
[0,269,426,696,839,1046,1312,1595,1883,2017]
[0,190,839,2017]
[0,269,426,696,839,1046,1595,1883,2017]
[0,269,426,839,1046,1312,2017]
[0,839,1046,1510,1595,2017]
[0,839,1046,2017]
[0,839,1046,1274,2017]
[0,535,1046,1510,2017]
[0,269,839,1046,1274,1552,1883,2017]
[0,269,535,686,839,1046,2017]
[0,190,803,1046,1274,1552,1883,2017]
[0,426,839,1595,2017]
[0,269,426,696,839,1046,2017]
[0,70,480,686,839,1046,1274,2017]
[0,839,1552,2017]
[0,686,839,1046,1510,1595,2017]
[0,480,686,839,1046,1274,1883,2017]
[0,839,1274,2017]
[0,426,839,1046,1883,2017]
[0,269,535,686,839,1046,1595,1883,2017]
[0,696,839,1046,2017]
[0,745,1883,2017]
[0,70,269,535,686,839,1046,1510,1595,1883,2017]
[0,426,839,1046,1312,1552,2017]
[0,269,426,696,839,1046,1883,2017]
[0,190,803,1046,1274,2017]
[0,535,839,1046,1274,1595,2017]
[0,480,686,839,1046,1274,1552,1883,2017]
[0,70,269,426,696,839,1046,1883,2017]
[0,426,1046,2017]
[0,535,839,1046,2017]
[0,269,535,1046,1595,2017]
[0,269,480,1046,1274,1552,2017]
[0,70,696,839,1046,1883,2017]
[0,70,269,480,686,839,1046,1274,2017]
[0,70,839,1046,1274,2017]
[0,269,426,696,839,1046,1312,1595,2017]
[0,426,839,1046,2017]
[0,190,803,1046,1274,1883,2017]
[0,70,269,426,839,1046,2017]
[0,426,839,1046,1312,1595,2017]
[0,269,535,839,1046,2017]
[0,745,1552,2017]
[0,269,535,686,839,1046,1274,1595,1883,2017]
[0,535,686,839,1046,1274,1595,2017]
[0,839,1046,1510,2017]
[0,745,1238,1552,2017]
[0,480,839,1046,1274,2017]
[0,269,535,1046,2017]
[0,269,480,686,839,1046,1274,1552,2017]
[0,535,839,1046,1274,2017]
[0,535,686,839,1046,1595,1883,2017]
[0,269,535,686,839,1046,1510,1595,1883,2017]
[0,70,686,839,1046,1274,2017]
[0,535,1046,1274,1595,2017]
[0,745,2017]
[0,190,839,1883,2017]
[0,70,269,839,1046,2017]
[0,269,426,839,1046,1312,1552,2017]
[0,269,535,1046,1274,1595,2017]
[0,426,2017]
[0,70,839,1046,2017]
[0,839,1510,2017]
[0,535,686,839,1046,1274,2017]
[0,839,1046,1883,2017]
[0,269,426,839,1046,2017]
[0,269,535,686,839,1046,1274,1595,2017]
[0,696,839,1046,1883,2017]
[0,839,1046,1274,1883,2017]
[0,535,686,839,1046,1595,2017]
[0,269,839,2017]
[0,426,696,839,1046,2017]
[0,70,839,1046,1510,2017]
[0,426,1046,1312,1552,2017]
[0,269,480,839,1046,1274,2017]
[0,269,426,839,1046,1595,2017]
[0,480,686,839,1046,1274,1552,2017]
[0,803,1046,1552,2017]
[0,535,1046,2017]
[0,426,839,1046,1312,2017]
[0,535,686,839,1046,2017]
[0,70,686,839,1046,1510,1595,2017]
[0,269,535,839,1046,1595,2017]
[0,269,426,839,1046,1312,1552,1883,2017]
[0,269,426,839,1046,1312,1595,2017]
[0,70,269,426,696,839,1046,1312,1595,1883,2017]
[0,480,1046,1552,2017]
[0,480,839,1046,1274,1552,2017]
[0,70,269,480,686,839,1046,1274,1883,2017]
[0,70,839,1046,1883,2017]
[0,269,535,686,839,1046,1595,2017]
[0,269,839,1046,2017]
[0,269,839,1274,1552,2017]
[0,839,1046,1274,1552,1883,2017]
[0,803,1046,1274,1552,2017]
[0,535,686,839,1046,1510,2017]
[0,190,803,1046,1274,1552,2017]
[0,480,1046,1274,2017]
[0,269,426,696,839,1046,1595,2017]
[0,426,839,1046,1595,2017]
[0,70,535,686,839,1046,1510,1595,1883,2017]
[0,535,1046,1595,2017]
