[0,465,634,795,1354,1729,1860,2035,2211]
[0,465,795,1229,1354,1860,2211]
[0,325,465,634,795,1354,1860,2035,2211]
[0,465,634,795,1229,1354,2211]
[0,465,634,795,1229,1354,1729,1860,2211]
[0,465,1229,1354,2211]
[0,465,634,795,1354,1860,2211]
[0,391,2211]
[0,391,634,795,1354,1860,2035,2211]
[0,465,1354,2211]
[0,465,1354,1860,2211]
[0,391,634,1354,1860,2035,2211]
[0,465,1860,2211]
[0,465,634,795,1103,1354,2211]
[0,325,465,634,795,1103,1354,1860,2035,2211]
[0,465,795,1229,1354,2211]
[0,391,1354,1860,2035,2211]
[0,391,795,1860,2035,2211]
[0,465,634,795,1229,1354,1729,1860,2035,2211]
[0,465,795,1354,2211]
[0,465,795,1354,1860,2211]
[0,465,795,1860,2211]
[0,465,795,1103,1354,1860,2035,2211]
[0,391,1354,1860,2211]
[0,465,795,1103,1354,1860,2211]
[0,465,634,795,1354,1860,2035,2211]
[0,391,634,795,1860,2211]
[0,325,465,634,795,1103,1354,1729,1860,2035,2211]
[0,795,2211]
[0,391,634,795,1860,2035,2211]
[0,325,465,634,795,1229,1354,1860,2035,2211]
[0,391,1354,2211]
[0,391,795,2211]
[0,391,1860,2211]
[0,465,2211]
[0,465,634,795,1354,1729,1860,2211]
[0,1354,2211]
[0,465,634,795,1860,2035,2211]
[0,391,795,1860,2211]
[0,465,795,1103,1354,2211]
[0,325,465,634,795,1229,1354,1729,1860,2035,2211]
[0,465,634,795,1229,1354,1860,2035,2211]
[0,465,795,1860,2035,2211]
[0,465,634,795,1103,1354,1860,2211]
[0,465,634,795,1229,1354,1860,2211]
[0,465,634,795,1354,2211]
[0,391,634,1354,1860,2211]
[0,325,465,634,795,1103,1229,1354,1729,1860,2035,2211]
[0,325,465,634,795,1103,1229,1354,1860,2035,2211]
[0,465,634,795,1860,2211]
[0,391,634,795,1354,1860,2211]
[0,465,634,795,1103,1354,1729,1860,2211]
[0,465,634,795,1103,1354,1860,2035,2211]
[0,465,634,795,1103,1354,1729,1860,2035,2211]
[0,325,465,634,795,1354,1729,1860,2035,2211]
[0,465,795,1354,1860,2035,2211]
