[0,62,381,486,752,1215,1491,1791,2120]
[0,381,1215,2120]
[0,112,425,752,1072,1491,1791,2120]
[0,752,1791,2120]
[0,112,381,1215,2120]
[0,280,752,1491,2120]
[0,280,1072,1491,1791,2120]
[0,112,862,2120]
[0,381,486,1215,1491,1791,2120]
[0,280,1215,1491,1791,2120]
[0,112,425,862,1432,1853,2120]
[0,752,1215,1491,1791,2120]
[0,62,381,486,1215,1491,1791,2120]
[0,280,752,1072,1491,1791,2120]
[0,112,1215,1491,2120]
[0,752,1072,1491,1791,2120]
[0,112,280,1072,1491,1791,2120]
[0,280,752,1215,1491,1791,2120]
[0,1072,1491,1853,2120]
[0,381,486,2120]
[0,381,752,2120]
[0,62,280,752,1072,1491,1791,2120]
[0,280,1215,1791,2120]
[0,1215,1491,1791,2120]
[0,112,381,1215,1491,2120]
[0,112,381,752,1215,1491,1791,2120]
[0,381,752,1791,2120]
[0,62,1072,1491,1791,2120]
[0,381,2120]
[0,1215,2120]
[0,1072,1491,1791,2120]
[0,862,1853,2120]
[0,112,2120]
[0,425,862,1432,2120]
[0,425,1072,1491,1791,2120]
[0,1072,1491,2120]
[0,112,280,752,1215,1491,1791,2120]
[0,112,425,1072,1491,1853,2120]
[0,112,280,752,1072,1491,1791,2120]
[0,381,486,1215,2120]
[0,62,280,1072,1491,1791,2120]
[0,62,280,752,1491,1791,2120]
[0,112,425,1072,1491,1791,2120]
[0,112,381,1215,1491,1791,2120]
[0,112,381,2120]
[0,112,1215,2120]
[0,112,425,752,1072,1491,1853,2120]
[0,752,2120]
[0,381,752,1491,1791,2120]
[0,1215,1791,2120]
[0,461,2120]
[0,461,1430,2120]
[0,752,1072,1491,2120]
[0,752,1072,1491,1853,2120]
[0,752,1491,1791,2120]
[0,425,1072,1491,2120]
[0,112,1072,1491,1853,2120]
[0,1021,1491,2120]
[0,112,1072,1491,2120]
[0,112,425,862,1853,2120]
[0,381,486,1215,1491,2120]
[0,112,280,1215,1491,1791,2120]
[0,62,752,1491,1791,2120]
[0,1215,1491,2120]
[0,425,862,1432,1853,2120]
[0,112,381,486,2120]
[0,381,1215,1491,1791,2120]
[0,1072,2120]
[0,62,752,1215,1491,1791,2120]
[0,112,1072,1491,1791,2120]
[0,62,1215,1491,1791,2120]
[0,381,1215,1791,2120]
[0,112,1215,1491,1791,2120]
[0,425,752,1072,1491,1853,2120]
[0,425,1072,1491,1853,2120]
[0,752,1491,2120]
[0,425,752,1072,1491,1791,2120]
[0,425,1072,2120]
[0,381,752,1215,1491,1791,2120]
[0,425,862,1853,2120]
[0,112,381,486,1215,2120]
[0,320,862,1432,2120]
[0,425,752,1072,1491,2120]
[0,112,381,486,1215,1491,1791,2120]
[0,381,486,752,1215,1491,1791,2120]
[0,862,1432,1853,2120]
[0,1021,2120]
[0,320,862,2120]
[0,486,2120]
[0,381,1215,1491,2120]
[0,112,381,486,1215,1491,2120]
[0,62,280,752,1215,1491,1791,2120]
[0,425,862,2120]
[0,1430,2120]
[0,280,752,1491,1791,2120]
[0,862,2120]
[0,112,425,862,2120]
[0,112,1072,2120]
[0,112,381,486,752,1215,1491,1791,2120]
[0,320,862,1432,1853,2120]
[0,862,1432,2120]
