[0,451,949,1343]
[0,123,549,631,949,1343]
[0,468,631,949,1122,1343]
[0,123,549,631,839,949,1343]
[0,949,1343]
[0,123,468,631,949,1343]
[0,123,549,631,839,949,1122,1343]
[0,468,631,949,1343]
[0,123,549,949,1343]
[0,631,949,1343]
[0,451,949,1122,1343]
[0,123,631,839,949,1343]
[0,549,949,1343]
[0,123,839,949,1122,1343]
[0,451,1343]
[0,123,1343]
[0,468,949,1343]
[0,123,949,1122,1343]
[0,312,949,1343]
[0,312,1343]
[0,631,949,1122,1343]
[0,123,631,839,949,1122,1343]
[0,123,468,631,839,949,1343]
[0,468,949,1122,1343]
[0,123,631,949,1122,1343]
[0,123,631,949,1343]
[0,123,451,949,1122,1343]
[0,123,468,949,1122,1343]
[0,468,1343]
[0,549,1343]
[0,123,468,631,839,949,1122,1343]
[0,123,468,631,949,1122,1343]
[0,123,949,1343]
[0,123,468,949,1343]
[0,949,1122,1343]
[0,123,839,949,1343]
