[0,383,650,877,1064,1327]
[0,383,650,928,1064,1249,1327]
[0,214,383,650,1064,1327]
[0,383,650,928,1064,1327]
[0,647,877,1064,1327]
[0,214,383,594,650,928,1064,1249,1327]
[0,1064,1327]
[0,445,650,1064,1327]
[0,214,650,1327]
[0,214,445,650,928,1064,1249,1327]
[0,184,383,650,877,1064,1249,1327]
[0,445,650,928,1064,1249,1327]
[0,383,445,650,928,1064,1327]
[0,214,650,928,1064,1249,1327]
[0,650,1327]
[0,214,383,650,928,1064,1249,1327]
[0,580,650,877,1064,1249,1327]
[0,383,580,650,877,1064,1249,1327]
[0,647,1064,1327]
[0,1011,1327]
[0,594,650,928,1064,1327]
[0,650,877,1064,1327]
[0,184,650,877,1064,1327]
[0,594,650,928,1064,1249,1327]
[0,383,650,1064,1327]
[0,647,877,1064,1249,1327]
[0,445,650,928,1064,1327]
[0,214,650,1064,1327]
[0,214,650,928,1064,1327]
[0,214,383,650,877,1064,1327]
[0,214,383,650,928,1064,1327]
[0,214,383,445,594,650,928,1064,1249,1327]
[0,650,928,1064,1249,1327]
[0,383,1327]
[0,214,383,445,580,650,928,1064,1249,1327]
[0,383,594,650,928,1064,1249,1327]
[0,383,650,877,1064,1249,1327]
[0,647,1327]
[0,383,580,650,928,1064,1249,1327]
[0,214,383,580,650,928,1064,1249,1327]
[0,214,445,650,928,1064,1327]
[0,214,383,650,1327]
[0,650,877,1064,1249,1327]
[0,184,383,650,877,1064,1327]
[0,580,650,928,1064,1249,1327]
[0,214,383,650,877,1064,1249,1327]
[0,214,383,580,650,877,1064,1249,1327]
[0,214,650,877,1064,1249,1327]
[0,214,445,650,1064,1327]
[0,214,383,445,650,928,1064,1249,1327]
[0,650,928,1064,1327]
[0,383,650,1327]
[0,184,383,580,650,877,1064,1249,1327]
[0,184,650,877,1064,1249,1327]
[0,383,445,594,650,928,1064,1249,1327]
[0,383,445,650,928,1064,1249,1327]
[0,650,1064,1327]
[0,214,650,877,1064,1327]
