[0,439,567,825,1042,1146,1276,1410,1700,1911]
[0,1816,1911]
[0,825,1042,1276,1410,1816,1911]
[0,453,567,825,1042,1146,1276,1410,1700,1911]
[0,439,567,825,1073,1276,1410,1700,1911]
[0,825,1042,1410,1911]
[0,1315,1816,1911]
[0,439,567,825,1042,1276,1410,1911]
[0,567,825,1042,1276,1410,1700,1911]
[0,453,567,1146,1276,1410,1700,1816,1911]
[0,453,567,825,1042,1276,1410,1700,1911]
[0,567,1073,1911]
[0,567,1073,1347,1911]
[0,1073,1410,1911]
[0,567,1146,1276,1410,1700,1816,1911]
[0,567,1146,1276,1410,1911]
[0,567,825,1073,1347,1700,1911]
[0,1276,1911]
[0,257,567,825,1146,1276,1410,1700,1816,1911]
[0,567,825,1146,1276,1410,1700,1911]
[0,439,567,825,1042,1146,1276,1410,1700,1816,1911]
[0,1146,1911]
[0,825,1073,1911]
[0,567,825,1073,1816,1911]
[0,567,1911]
[0,1146,1410,1911]
[0,453,567,1146,1276,1410,1911]
[0,567,1315,1816,1911]
[0,825,1042,1276,1410,1700,1816,1911]
[0,1073,1816,1911]
[0,1315,1911]
[0,1042,1911]
[0,567,1073,1410,1911]
[0,453,567,1146,1276,1410,1700,1911]
[0,567,825,1146,1816,1911]
[0,567,825,1146,1276,1410,1911]
[0,453,567,825,1146,1276,1410,1911]
[0,567,825,1073,1347,1700,1816,1911]
[0,567,825,1073,1410,1911]
[0,567,1146,1911]
[0,257,567,825,1146,1276,1410,1700,1911]
[0,1042,1410,1911]
[0,825,1073,1410,1816,1911]
[0,567,825,1073,1911]
[0,567,825,1073,1276,1410,1911]
[0,567,1410,1911]
[0,567,825,1146,1410,1700,1911]
[0,257,567,825,1146,1911]
[0,567,1146,1410,1700,1816,1911]
[0,453,567,825,1042,1276,1410,1700,1816,1911]
[0,1146,1816,1911]
[0,567,825,1146,1410,1911]
[0,257,567,825,1146,1410,1911]
[0,257,567,825,1146,1410,1700,1911]
[0,825,1042,1410,1700,1911]
[0,825,1073,1276,1410,1700,1911]
[0,567,825,1042,1276,1410,1700,1816,1911]
[0,567,825,1073,1410,1700,1911]
[0,825,1073,1276,1410,1700,1816,1911]
[0,567,1146,1816,1911]
[0,439,567,825,1073,1276,1410,1911]
[0,567,1315,1911]
[0,567,1042,1911]
[0,567,825,1042,1276,1410,1911]
[0,825,1073,1276,1410,1911]
[0,825,1073,1410,1911]
[0,567,1146,1276,1410,1700,1911]
[0,567,1042,1410,1911]
[0,439,567,825,1042,1276,1410,1700,1816,1911]
[0,453,567,825,1146,1276,1410,1700,1816,1911]
[0,1042,1816,1911]
[0,825,1073,1276,1410,1816,1911]
[0,567,825,1146,1276,1410,1700,1816,1911]
[0,439,567,825,1073,1276,1410,1700,1816,1911]
[0,567,825,1042,1410,1700,1911]
[0,825,1042,1911]
[0,567,825,1073,1347,1911]
[0,567,825,1073,1276,1410,1700,1911]
[0,453,567,825,1042,1146,1276,1410,1911]
[0,567,1146,1410,1700,1911]
[0,453,567,825,1042,1146,1276,1410,1700,1816,1911]
[0,257,567,825,1146,1276,1410,1911]
[0,1276,1816,1911]
[0,567,825,1073,1347,1816,1911]
[0,825,1042,1276,1410,1911]
[0,453,567,825,1146,1276,1410,1700,1911]
[0,567,825,1042,1410,1911]
[0,257,567,825,1146,1816,1911]
[0,1073,1911]
[0,825,1073,1410,1700,1911]
[0,567,1276,1816,1911]
[0,567,825,1146,1911]
[0,567,1146,1410,1911]
[0,567,825,1073,1276,1410,1700,1816,1911]
[0,439,567,825,1042,1276,1410,1700,1911]
[0,825,1042,1276,1410,1700,1911]
[0,453,567,825,1042,1276,1410,1911]
[0,1073,1347,1911]
[0,567,1276,1911]
[0,567,1146,1410,1816,1911]
[0,825,1073,1816,1911]
[0,567,1042,1816,1911]
[0,825,1073,1347,1911]
[0,439,567,825,1042,1146,1276,1410,1911]
