[0,134,256,679,865,974,1040,1180]
[0,256,679,865,1047,1180]
[0,134,256,865,1047,1180]
[0,336,1180]
[0,46,134,256,679,865,1047,1180]
[0,336,865,1047,1180]
[0,134,336,679,865,1047,1180]
[0,134,256,679,865,1040,1180]
[0,134,190,256,679,865,1047,1180]
[0,679,1180]
[0,231,865,1047,1180]
[0,46,134,190,256,679,865,974,1040,1180]
[0,190,865,1047,1180]
[0,231,865,1180]
[0,134,190,256,679,865,974,1040,1180]
[0,134,190,256,679,865,1040,1180]
[0,46,134,190,256,679,865,1047,1180]
[0,134,231,679,865,1047,1180]
[0,336,865,1180]
[0,46,134,190,256,679,865,1040,1180]
[0,134,336,679,1180]
[0,231,679,865,1047,1180]
[0,256,679,865,1040,1180]
[0,336,679,865,1180]
[0,256,679,865,1180]
[0,336,679,865,1047,1180]
[0,865,1047,1180]
[0,46,134,231,336,679,865,974,1047,1180]
[0,256,865,1180]
[0,134,231,336,679,865,1047,1180]
[0,190,679,1180]
[0,134,256,865,1040,1180]
[0,46,256,679,865,1040,1180]
[0,46,134,256,679,865,1040,1180]
[0,256,865,1047,1180]
[0,46,134,256,679,865,974,1040,1180]
[0,231,679,865,1180]
[0,865,1040,1180]
[0,190,679,865,1180]
[0,46,256,865,1040,1180]
[0,132,256,865,1047,1180]
[0,132,256,679,865,1047,1180]
[0,46,134,231,679,865,974,1047,1180]
[0,190,679,865,1047,1180]
[0,231,679,1180]
[0,134,256,679,865,1047,1180]
[0,256,679,1180]
[0,256,865,1040,1180]
[0,865,1180]
[0,336,679,1180]
[0,134,231,336,679,865,974,1047,1180]
[0,134,231,679,865,974,1047,1180]
[0,134,256,679,865,974,1047,1180]
[0,134,231,865,1047,1180]
[0,838,1047,1180]
[0,46,134,231,679,865,1047,1180]
[0,134,336,679,865,1180]
[0,190,865,1180]
[0,46,134,190,256,679,865,974,1047,1180]
[0,134,190,256,679,865,974,1047,1180]
[0,838,1180]
