[0,1341,2017]
[0,363,562,1579,2017]
[0,149,363,1422,1579,2017]
[0,509,983,1383,1563,2017]
[0,394,983,1278,1383,1563,2017]
[0,509,1383,1563,2017]
[0,149,363,562,1422,1579,2017]
[0,302,562,1413,1579,2017]
[0,149,1278,2017]
[0,149,363,1278,1422,1579,2017]
[0,1563,2017]
[0,302,1452,2017]
[0,394,983,1383,1563,2017]
[0,149,363,1579,2017]
[0,149,1413,1579,2017]
[0,149,509,1278,2017]
[0,149,363,562,1278,1422,1579,2017]
[0,394,2017]
[0,983,1563,2017]
[0,509,1563,2017]
[0,509,983,1563,2017]
[0,394,1383,1563,2017]
[0,149,1579,2017]
[0,1604,2017]
[0,149,509,2017]
[0,906,1452,2017]
[0,302,1579,2017]
[0,1452,2017]
[0,1413,1579,2017]
[0,149,509,1278,1383,1563,2017]
[0,394,1278,1383,1563,2017]
[0,627,1341,2017]
[0,149,1563,2017]
[0,149,509,1383,1563,2017]
[0,302,562,1452,2017]
[0,481,2017]
[0,394,1604,2017]
[0,363,562,1422,1579,2017]
[0,149,1383,1563,2017]
[0,394,983,1563,2017]
[0,149,509,983,1278,1383,2017]
[0,363,1579,2017]
[0,509,2017]
[0,149,363,562,1227,1278,1422,1579,2017]
[0,302,562,1579,2017]
[0,302,2017]
[0,149,394,983,1383,1563,2017]
[0,149,363,1227,1278,1422,1579,2017]
[0,394,1579,2017]
[0,149,983,1278,1383,2017]
[0,302,1413,1579,2017]
[0,149,509,983,1278,1383,1563,2017]
[0,149,394,983,1278,1383,1563,2017]
[0,149,394,1383,1563,2017]
[0,363,2017]
[0,541,1413,1579,2017]
[0,541,2017]
[0,394,1413,1579,2017]
[0,149,509,983,1383,1563,2017]
[0,394,1563,2017]
[0,363,1422,1579,2017]
[0,627,2017]
[0,541,1579,2017]
[0,302,562,906,1452,2017]
[0,1278,2017]
[0,149,2017]
[0,149,1278,1383,2017]
[0,983,2017]
[0,1383,1563,2017]
[0,149,394,1413,1579,2017]
[0,149,509,983,1278,2017]
[0,149,1278,1383,1563,2017]
[0,394,1452,2017]
[0,149,541,1413,1579,2017]
[0,302,906,1452,2017]
[0,1579,2017]
[0,149,983,1278,2017]
[0,983,1278,2017]
[0,509,1278,2017]
[0,509,983,1278,2017]
[0,509,983,2017]
