[0,1459,1999,2406,2502,2865,2956]
[0,1459,2406,2760,2817,2956]
[0,1459,1999,2406,2502,2661,2760,2956]
[0,1777,2956]
[0,1459,2406,2956]
[0,2406,2661,2760,2815,2956]
[0,1459,1999,2406,2502,2661,2760,2815,2956]
[0,2406,2661,2760,2817,2956]
[0,2406,2502,2661,2760,2956]
[0,1459,2406,2661,2760,2956]
[0,1459,1999,2406,2760,2956]
[0,1459,2406,2760,2956]
[0,1459,2406,2502,2661,2760,2815,2865,2956]
[0,1459,1999,2406,2502,2956]
[0,1459,2406,2502,2661,2760,2815,2956]
[0,2406,2760,2815,2956]
[0,1459,1999,2406,2502,2661,2760,2817,2956]
[0,1459,1999,2406,2865,2956]
[0,2406,2760,2817,2956]
[0,1777,2760,2956]
[0,2406,2502,2661,2760,2815,2865,2956]
[0,2406,2760,2956]
[0,1459,2865,2956]
[0,1459,1999,2406,2502,2661,2760,2815,2865,2956]
[0,2406,2956]
[0,1459,1999,2406,2956]
[0,2406,2865,2956]
[0,1459,2406,2502,2661,2760,2817,2956]
[0,1459,1999,2406,2502,2661,2760,2865,2956]
[0,2406,2661,2760,2956]
[0,2406,2815,2865,2956]
[0,2760,2956]
[0,1459,2956]
[0,1459,1999,2406,2760,2817,2956]
[0,1459,2406,2502,2661,2760,2956]
[0,2406,2760,2815,2865,2956]
[0,2406,2502,2661,2760,2815,2956]
[0,1459,1999,2406,2661,2760,2956]
[0,2406,2502,2661,2760,2817,2956]
[0,2406,2661,2760,2815,2865,2956]
