[0,89,376,601,717,807,969]
[0,89,386,717,807,969]
[0,89,376,423,969]
[0,89,194,386,717,807,899,969]
[0,386,513,717,861,969]
[0,513,807,969]
[0,89,194,376,423,479,601,807,899,969]
[0,89,194,386,969]
[0,89,194,386,479,601,717,807,899,969]
[0,423,513,807,969]
[0,89,194,479,601,717,807,969]
[0,479,601,717,807,969]
[0,89,376,423,479,969]
[0,89,376,423,479,601,969]
[0,89,513,601,969]
[0,89,479,601,969]
[0,89,423,479,601,717,807,899,969]
[0,194,386,513,717,861,969]
[0,89,194,376,423,479,601,675,717,807,899,969]
[0,89,423,479,969]
[0,89,194,376,423,479,601,807,969]
[0,194,386,717,969]
[0,89,376,423,479,601,675,717,969]
[0,807,969]
[0,89,386,717,969]
[0,89,194,479,601,717,807,899,969]
[0,89,376,717,969]
[0,89,386,969]
[0,89,479,601,807,899,969]
[0,386,479,601,807,969]
[0,89,423,479,601,969]
[0,89,194,386,513,717,807,969]
[0,386,479,601,717,807,969]
[0,89,969]
[0,194,386,969]
[0,89,194,376,423,479,601,717,807,899,969]
[0,89,194,423,479,601,969]
[0,89,194,376,423,479,601,675,717,807,969]
[0,89,423,479,601,807,969]
[0,376,717,807,969]
[0,194,479,601,969]
[0,89,376,423,479,601,675,717,807,969]
[0,89,376,513,601,717,807,969]
[0,479,601,969]
[0,386,513,717,807,969]
[0,194,386,717,807,969]
[0,89,479,601,675,969]
[0,89,423,513,601,680,969]
[0,194,479,601,807,969]
[0,89,479,601,717,807,969]
[0,89,423,513,601,969]
[0,423,513,969]
[0,89,194,386,717,861,969]
[0,89,386,717,807,899,969]
[0,513,969]
[0,89,194,479,601,969]
[0,89,479,601,807,969]
[0,89,376,423,513,969]
[0,376,601,807,969]
[0,89,376,513,601,807,969]
[0,386,513,717,969]
[0,89,194,479,601,807,969]
[0,89,194,479,601,807,899,969]
[0,376,423,969]
[0,386,717,861,969]
[0,194,386,513,717,807,969]
[0,376,601,969]
[0,89,423,513,969]
[0,479,807,969]
[0,717,807,969]
[0,89,376,969]
[0,89,423,513,601,807,899,969]
[0,89,194,423,479,601,807,899,969]
[0,89,376,423,513,601,807,899,969]
[0,89,423,513,807,969]
[0,376,423,479,969]
[0,89,807,969]
[0,376,717,969]
[0,89,479,969]
[0,89,376,601,807,899,969]
[0,376,969]
[0,89,376,601,969]
[0,89,194,423,479,601,717,807,899,969]
[0,89,194,386,717,807,969]
[0,479,969]
[0,89,376,423,513,601,680,969]
[0,386,717,807,969]
[0,89,194,386,479,601,717,807,969]
[0,89,479,601,717,807,899,969]
[0,376,479,969]
[0,89,376,513,601,717,807,899,969]
[0,89,194,376,423,479,601,969]
[0,89,376,423,513,601,969]
[0,194,479,969]
[0,89,423,479,601,717,807,969]
[0,89,194,386,717,969]
[0,89,423,513,601,807,969]
[0,479,601,807,969]
[0,386,969]
[0,89,194,376,423,479,601,717,807,969]
[0,89,376,423,479,601,807,969]
[0,194,386,513,717,969]
[0,89,423,479,601,675,969]
[0,194,479,601,717,807,969]
[0,89,386,717,861,969]
[0,386,717,969]
[0,89,194,423,479,601,807,969]
[0,89,376,423,513,601,807,969]
[0,89,376,717,807,899,969]
[0,89,376,513,601,807,899,969]
[0,89,376,423,479,601,675,969]
[0,89,513,969]
[0,89,376,423,479,601,717,807,969]
[0,89,717,807,969]
[0,89,376,717,807,969]
[0,89,376,513,601,969]
[0,194,386,479,601,807,969]
[0,376,601,717,807,969]
[0,89,513,601,680,969]
[0,89,194,423,479,601,717,807,969]
[0,194,386,479,601,717,807,969]
[0,194,386,717,861,969]
[0,89,376,601,807,969]
[0,89,194,386,513,717,861,969]
[0,89,194,386,513,717,807,899,969]
[0,194,479,807,969]
[0,89,423,479,601,807,899,969]
