[0,84,434,707,1264]
[0,84,434,523,707,946,1264]
[0,392,1264]
[0,159,392,434,523,707,1264]
[0,392,527,707,1264]
[0,84,392,434,523,707,946,1264]
[0,159,434,527,707,946,1188,1264]
[0,434,523,707,1264]
[0,159,392,434,523,707,946,1264]
[0,392,434,527,707,1264]
[0,396,527,1264]
[0,84,434,527,707,1264]
[0,159,434,707,1264]
[0,84,434,523,707,946,1188,1264]
[0,396,707,1264]
[0,392,434,527,707,946,1264]
[0,392,527,707,946,1264]
[0,159,434,523,707,946,1264]
[0,396,1264]
[0,392,523,707,1264]
[0,392,707,946,1264]
[0,392,523,1264]
[0,159,392,434,527,707,946,1264]
[0,392,434,523,707,1264]
[0,434,707,1264]
[0,84,434,523,707,1264]
[0,396,527,707,1264]
[0,159,434,523,707,946,1188,1264]
[0,159,392,434,527,707,946,1188,1264]
[0,392,434,707,1264]
[0,392,527,1264]
[0,159,434,707,946,1264]
[0,392,523,707,946,1264]
[0,392,707,1264]
[0,434,523,707,946,1264]
[0,84,434,527,707,946,1264]
[0,392,434,523,707,946,1264]
[0,159,392,434,523,707,946,1188,1264]
[0,84,392,434,523,707,946,1188,1264]
[0,159,434,527,707,1264]
[0,434,527,707,1264]
[0,159,392,434,527,707,1264]
[0,84,434,527,707,946,1188,1264]
[0,84,392,434,527,707,946,1264]
[0,434,527,707,946,1264]
[0,434,707,946,1264]
[0,84,392,434,527,707,946,1188,1264]
[0,159,434,527,707,946,1264]
[0,159,434,523,707,1264]
[0,434,1264]
