[0,268,486,921,1343]
[0,254,340,486,837,921,1137,1216,1343]
[0,254,559,837,921,1343]
[0,261,921,1137,1216,1343]
[0,254,921,1137,1343]
[0,340,559,921,1343]
[0,254,340,486,559,837,921,1137,1216,1343]
[0,78,486,559,1343]
[0,261,340,486,559,837,921,1137,1216,1343]
[0,261,340,486,921,1343]
[0,261,486,921,1137,1216,1343]
[0,268,486,559,921,1137,1343]
[0,78,268,486,559,921,1137,1343]
[0,559,1343]
[0,261,486,837,921,1137,1216,1343]
[0,261,559,921,1343]
[0,268,486,559,1343]
[0,78,268,486,921,1137,1343]
[0,268,921,1137,1343]
[0,261,340,486,921,1137,1216,1343]
[0,261,837,921,1343]
[0,486,559,837,921,1343]
[0,78,261,340,486,837,921,1137,1216,1343]
[0,268,486,559,921,1343]
[0,486,559,1343]
[0,78,486,559,837,921,1137,1343]
[0,268,1343]
[0,78,486,921,1343]
[0,254,921,1343]
[0,254,340,486,921,1137,1216,1343]
[0,486,559,921,1137,1343]
[0,78,486,559,921,1137,1343]
[0,559,921,1137,1343]
[0,254,340,486,921,1343]
[0,340,1343]
[0,261,340,486,837,921,1137,1216,1343]
[0,261,340,486,837,921,1343]
[0,254,486,921,1343]
[0,340,559,921,1137,1343]
[0,254,559,921,1343]
[0,486,837,921,1137,1343]
[0,268,559,1343]
[0,254,340,486,559,837,921,1137,1343]
[0,340,921,1343]
[0,261,559,1343]
[0,921,1343]
[0,254,340,486,837,921,1343]
[0,78,486,837,921,1343]
[0,254,1343]
[0,1137,1343]
[0,268,486,921,1137,1343]
[0,261,340,486,559,837,921,1343]
[0,486,837,921,1343]
[0,261,340,486,921,1137,1343]
[0,261,486,921,1343]
[0,78,261,340,486,559,837,921,1137,1343]
[0,261,340,486,559,837,921,1137,1343]
[0,486,559,921,1343]
[0,78,261,340,486,921,1137,1343]
[0,486,921,1343]
[0,559,921,1343]
[0,78,486,921,1137,1343]
[0,78,261,340,486,921,1137,1216,1343]
[0,261,921,1343]
[0,254,559,1343]
[0,254,486,921,1137,1343]
[0,254,486,559,1343]
[0,78,486,559,837,921,1343]
[0,254,837,921,1343]
[0,78,261,340,486,559,837,921,1137,1216,1343]
[0,254,486,559,921,1343]
[0,268,921,1343]
[0,261,486,837,921,1137,1343]
[0,486,1343]
[0,254,340,486,559,837,921,1343]
[0,261,486,837,921,1343]
[0,78,486,559,921,1343]
[0,261,340,486,837,921,1137,1343]
[0,254,340,486,921,1137,1343]
[0,261,486,921,1137,1343]
[0,261,1343]
[0,261,486,559,837,921,1343]
[0,78,486,837,921,1137,1343]
[0,340,921,1137,1343]
[0,254,486,559,837,921,1343]
[0,254,340,486,837,921,1137,1343]
[0,78,486,1343]
[0,486,921,1137,1343]
[0,261,921,1137,1343]
[0,78,1343]
[0,921,1137,1343]
[0,261,559,837,921,1343]
[0,78,261,340,486,837,921,1137,1343]
