[0,113,371,700,1045,1153,1223,1479,1685,1911]
[0,113,371,700,1153,1397,1685,1911]
[0,371,1153,1628,1911]
[0,700,1045,1153,1541,1685,1911]
[0,59,371,700,1045,1153,1541,1685,1911]
[0,113,371,700,1045,1153,1397,1479,1685,1911]
[0,700,1045,1153,1223,1541,1685,1911]
[0,371,1153,1397,1685,1911]
[0,113,371,1153,1911]
[0,700,1045,1541,1685,1911]
[0,113,371,700,1045,1153,1397,1911]
[0,1153,1911]
[0,371,700,1153,1911]
[0,700,1045,1479,1685,1911]
[0,371,1045,1479,1685,1911]
[0,371,700,1045,1153,1541,1685,1911]
[0,59,371,1045,1479,1911]
[0,371,700,1045,1479,1685,1911]
[0,545,1911]
[0,362,1153,1628,1911]
[0,113,371,700,1153,1397,1911]
[0,371,700,1153,1541,1911]
[0,113,371,700,1045,1153,1397,1685,1911]
[0,113,371,700,1045,1479,1685,1911]
[0,371,1045,1911]
[0,362,1153,1911]
[0,371,1153,1541,1685,1911]
[0,59,371,1045,1541,1685,1911]
[0,113,371,700,1153,1911]
[0,700,1045,1541,1911]
[0,371,1153,1541,1911]
[0,371,700,1045,1153,1397,1541,1685,1911]
[0,59,371,1045,1479,1685,1911]
[0,113,371,1153,1397,1911]
[0,371,1685,1911]
[0,1045,1479,1911]
[0,113,371,700,1045,1153,1223,1397,1479,1685,1911]
[0,371,700,1153,1397,1685,1911]
[0,371,1045,1541,1685,1911]
[0,700,1045,1479,1911]
[0,59,371,700,1045,1541,1685,1911]
[0,59,371,1153,1397,1685,1911]
[0,371,1153,1397,1911]
[0,113,371,1045,1479,1911]
[0,700,1045,1911]
[0,59,371,700,1045,1479,1685,1911]
[0,371,700,1153,1541,1685,1911]
[0,113,371,1153,1397,1685,1911]
[0,1153,1541,1911]
[0,371,1045,1541,1911]
[0,59,371,700,1045,1153,1223,1541,1685,1911]
[0,371,1045,1479,1911]
[0,113,371,1045,1479,1685,1911]
[0,371,700,1045,1153,1223,1541,1685,1911]
[0,545,1153,1628,1911]
[0,371,700,1045,1541,1911]
[0,1045,1911]
[0,371,700,1045,1479,1911]
[0,113,371,700,1045,1153,1479,1685,1911]
[0,371,1911]
[0,1153,1397,1911]
[0,1153,1541,1685,1911]
[0,371,1153,1911]
[0,1153,1628,1911]
[0,113,371,1045,1153,1397,1911]
[0,1045,1541,1911]
[0,545,1153,1911]
[0,59,371,700,1045,1153,1397,1541,1685,1911]
[0,1045,1541,1685,1911]
[0,59,371,1153,1397,1911]
[0,371,700,1153,1397,1911]
[0,371,700,1045,1541,1685,1911]
[0,59,371,1153,1628,1911]
[0,371,700,1153,1397,1541,1685,1911]
