[0,852,1452,1591,1784,1880,2119,2453,2554]
[0,1226,1784,2554]
[0,852,1452,1880,2554]
[0,852,1452,1591,2128,2554]
[0,852,1452,1591,1880,2119,2453,2554]
[0,852,1452,1880,2270,2554]
[0,852,1475,2123,2554]
[0,1342,2119,2554]
[0,852,1452,2119,2270,2554]
[0,1452,1880,2554]
[0,852,1452,1591,1880,2119,2270,2554]
[0,852,1452,2554]
[0,852,1452,1591,2123,2554]
[0,1226,2554]
[0,1452,1880,2270,2554]
[0,852,1452,1591,2123,2453,2554]
[0,852,1452,1591,1784,1880,2453,2554]
[0,1475,2554]
[0,852,1475,1880,2270,2554]
[0,852,1452,2128,2554]
[0,852,1452,1591,2554]
[0,852,1452,2119,2554]
[0,1452,1591,1880,2453,2554]
[0,1452,1591,1880,2119,2270,2554]
[0,852,1452,1591,1880,2119,2554]
[0,852,1475,1880,2554]
[0,1452,1591,2554]
[0,1452,1880,2119,2270,2554]
[0,1452,1591,2123,2554]
[0,1452,1591,1784,1880,2453,2554]
[0,1452,1591,1880,2270,2554]
[0,1342,2554]
[0,852,1452,2123,2554]
[0,1452,2554]
[0,1452,2119,2554]
[0,852,1452,1591,1880,2453,2554]
[0,852,1475,2554]
[0,852,1452,1880,2119,2270,2554]
[0,852,1452,1880,2119,2554]
[0,852,1452,1591,1880,2554]
[0,1452,1591,1880,2554]
[0,1452,2119,2270,2554]
[0,1452,2123,2554]
[0,1452,1591,2123,2453,2554]
