[0,357,759,878,1202,1383,1642]
[0,455,1202,1383,1642]
[0,357,878,1202,1642]
[0,455,1202,1537,1642]
[0,357,455,1202,1642]
[0,94,878,1202,1383,1537,1642]
[0,878,1383,1642]
[0,1202,1383,1642]
[0,927,1642]
[0,260,455,1126,1383,1537,1642]
[0,878,1202,1383,1537,1642]
[0,260,455,759,878,1202,1407,1642]
[0,357,455,1202,1383,1537,1642]
[0,455,759,878,1126,1642]
[0,51,260,358,455,759,878,1126,1407,1642]
[0,51,260,455,626,759,878,1202,1407,1642]
[0,51,759,878,1126,1642]
[0,94,455,878,1202,1383,1537,1642]
[0,455,1126,1642]
[0,51,878,1642]
[0,878,1202,1383,1642]
[0,51,260,455,759,878,1126,1642]
[0,51,260,455,759,878,1126,1407,1642]
[0,878,1642]
[0,1126,1383,1642]
[0,260,409,878,1642]
[0,51,260,455,759,878,1126,1383,1537,1642]
[0,357,878,1202,1383,1642]
[0,260,409,759,878,1126,1383,1642]
[0,1126,1537,1642]
[0,357,878,1202,1383,1537,1642]
[0,260,409,1126,1537,1642]
[0,260,455,1126,1383,1642]
[0,260,455,1126,1537,1642]
[0,94,1126,1537,1642]
[0,260,878,1126,1383,1642]
[0,878,1126,1407,1642]
[0,260,455,878,1642]
[0,260,409,878,1126,1383,1642]
[0,260,455,878,1202,1407,1642]
[0,94,1126,1383,1537,1642]
[0,357,759,878,1202,1383,1537,1642]
[0,455,878,1202,1383,1642]
[0,260,409,1126,1383,1537,1642]
[0,260,455,626,759,878,1202,1407,1642]
[0,51,260,455,878,1126,1383,1537,1642]
[0,260,878,1126,1642]
[0,455,1642]
[0,260,878,1126,1407,1642]
[0,455,759,878,1126,1407,1642]
[0,94,878,1537,1642]
[0,94,409,1126,1383,1537,1642]
[0,94,927,1642]
[0,260,455,878,1126,1407,1642]
[0,260,455,878,1126,1642]
[0,260,455,878,1126,1383,1537,1642]
[0,94,260,409,759,878,1126,1383,1537,1642]
[0,260,878,1383,1642]
[0,357,455,1202,1537,1642]
[0,409,1126,1642]
[0,260,455,759,878,1126,1383,1642]
[0,878,1126,1383,1537,1642]
[0,455,878,1126,1407,1642]
[0,260,455,626,878,1202,1407,1642]
[0,260,358,455,759,878,1126,1407,1642]
[0,1126,1383,1537,1642]
[0,409,1126,1383,1537,1642]
[0,94,878,1536,1642]
[0,260,1126,1642]
[0,455,878,1642]
[0,260,878,1202,1642]
[0,878,1537,1642]
[0,1202,1537,1642]
[0,260,1126,1383,1642]
[0,1202,1642]
[0,94,878,1642]
[0,51,260,455,878,1202,1642]
[0,260,455,759,878,1126,1642]
[0,878,1202,1642]
[0,759,878,1126,1407,1642]
[0,94,878,1126,1383,1537,1642]
[0,260,455,878,1202,1642]
[0,357,455,759,878,1202,1383,1537,1642]
[0,455,878,1202,1642]
[0,260,878,1202,1407,1642]
[0,455,878,1202,1383,1537,1642]
[0,260,409,878,1126,1383,1537,1642]
[0,94,357,455,759,878,1202,1383,1537,1642]
[0,357,878,1642]
[0,51,260,455,759,878,1202,1407,1642]
[0,878,1536,1642]
[0,51,455,878,1126,1642]
[0,260,409,1126,1383,1642]
[0,878,1126,1383,1642]
[0,260,455,759,878,1126,1383,1537,1642]
[0,94,260,409,1126,1383,1537,1642]
[0,94,1126,1642]
[0,260,409,759,878,1126,1383,1537,1642]
[0,1126,1642]
[0,94,260,409,878,1126,1383,1537,1642]
[0,260,409,878,1126,1642]
[0,260,409,1126,1642]
[0,878,1126,1642]
[0,878,1383,1537,1642]
[0,94,878,1383,1537,1642]
[0,260,455,878,1126,1383,1642]
[0,455,1202,1383,1537,1642]
[0,260,878,1642]
[0,51,455,759,878,1126,1407,1642]
[0,455,878,1126,1642]
[0,260,455,1126,1642]
[0,455,1202,1642]
[0,94,357,455,878,1202,1383,1537,1642]
[0,51,260,455,878,1126,1642]
[0,409,1126,1383,1642]
[0,1202,1383,1537,1642]
[0,51,455,759,878,1126,1642]
[0,51,878,1126,1642]
[0,260,455,759,878,1126,1407,1642]
[0,759,878,1126,1642]
[0,51,260,455,878,1202,1407,1642]
[0,357,455,878,1202,1383,1537,1642]
