[0,1555,1950,2003,2053]
[0,1200,1555,2053]
[0,1555,2053]
[0,400,1200,1477,1555,2053]
[0,1200,1262,1477,1555,2053]
[0,400,1555,2053]
[0,400,1000,1477,1555,1950,2053]
[0,1000,2053]
[0,400,1000,1477,1555,1950,2003,2053]
[0,400,1000,1200,1262,1477,1555,1950,2003,2053]
[0,400,1200,1262,1477,1555,1950,2053]
[0,1262,1555,2053]
[0,400,1200,1477,1555,1950,2053]
[0,400,1000,1200,1262,1477,1555,1950,2053]
[0,1262,1555,1950,2053]
[0,400,1000,1262,1477,1555,1950,2053]
[0,1477,1555,1950,2003,2053]
[0,400,1200,1262,1477,1555,1950,2003,2053]
[0,1477,1555,1950,2053]
[0,400,1000,1555,2053]
[0,400,1477,1555,1950,2053]
[0,1477,2053]
[0,400,1200,1555,2053]
[0,400,1000,1262,1555,1950,2053]
[0,1262,1477,1555,1950,2003,2053]
[0,400,1000,1555,1950,2053]
[0,400,1477,1555,1950,2003,2053]
[0,400,1000,1262,1477,1555,2053]
[0,400,1000,1477,1555,2053]
[0,400,1200,1555,1950,2053]
[0,400,1000,1200,1262,1477,1555,2053]
[0,1200,1262,1477,1555,1950,2003,2053]
[0,400,1200,1262,1477,1555,2053]
[0,1262,1477,1555,1950,2053]
[0,400,1000,1262,1555,2053]
[0,1200,1262,1477,1555,1950,2053]
[0,1262,1477,1555,2053]
[0,1000,1555,2053]
[0,400,1477,1555,2053]
[0,1555,1950,2053]
[0,1477,1555,2053]
[0,400,1555,1950,2053]
[0,1555,2003,2053]
[0,400,1000,1262,1477,1555,1950,2003,2053]
