[0,194,245,309,391,900,1345,1779,1823,1875]
[0,236,391,900,1784,1875]
[0,245,391,900,1345,1875]
[0,350,900,1784,1875]
[0,194,245,382,900,1779,1875]
[0,245,382,900,1875]
[0,236,350,900,1374,1875]
[0,382,1374,1875]
[0,382,1779,1875]
[0,245,382,900,1784,1875]
[0,350,900,1875]
[0,382,1875]
[0,309,900,1875]
[0,309,900,1374,1784,1875]
[0,236,391,900,1374,1875]
[0,309,1374,1784,1875]
[0,1784,1875]
[0,309,382,900,1374,1784,1875]
[0,382,900,1784,1875]
[0,245,382,900,1374,1784,1875]
[0,900,1374,1875]
[0,309,1875]
[0,194,245,382,900,1374,1779,1875]
[0,391,900,1784,1875]
[0,1374,1875]
[0,1779,1875]
[0,391,1345,1875]
[0,245,382,900,1374,1875]
[0,245,382,900,1779,1875]
[0,382,900,1779,1875]
[0,245,382,1374,1875]
[0,236,350,900,1374,1784,1875]
[0,309,382,900,1784,1875]
[0,245,391,900,1345,1779,1875]
[0,391,900,1374,1875]
[0,391,900,1779,1875]
[0,236,391,1374,1875]
[0,391,900,1875]
[0,350,1875]
[0,391,900,1345,1875]
[0,900,1875]
[0,194,245,382,900,1374,1779,1823,1875]
[0,309,900,1784,1875]
[0,194,245,391,900,1345,1779,1875]
[0,194,245,382,900,1374,1784,1875]
[0,245,391,1345,1875]
[0,391,1875]
[0,194,245,391,900,1779,1875]
[0,391,1784,1875]
[0,236,350,900,1784,1875]
[0,194,245,309,391,900,1345,1779,1875]
[0,236,391,900,1875]
[0,350,900,1374,1875]
[0,236,350,900,1875]
[0,309,900,1374,1875]
[0,309,900,1779,1875]
[0,245,391,900,1875]
[0,245,309,382,900,1374,1779,1875]
[0,391,1374,1875]
[0,391,1779,1875]
[0,329,1875]
[0,236,391,900,1374,1784,1875]
[0,194,245,391,900,1345,1779,1823,1875]
[0,329,1779,1875]
[0,245,382,900,1374,1779,1875]
[0,194,245,309,382,900,1374,1779,1875]
[0,350,1784,1875]
[0,309,1784,1875]
[0,382,900,1875]
[0,900,1345,1875]
[0,194,245,309,382,900,1374,1779,1823,1875]
[0,382,900,1374,1875]
[0,245,309,391,900,1345,1779,1875]
[0,245,391,900,1779,1875]
[0,1345,1875]
[0,194,245,382,900,1784,1875]
[0,350,1374,1875]
[0,309,1374,1875]
[0,309,1779,1875]
[0,382,1784,1875]
