[0,356,511,1180]
[0,60,188,252,356,511,713,774,841,1080,1133,1180]
[0,68,356,1080,1180]
[0,60,180,252,356,511,713,774,841,1080,1180]
[0,68,356,774,1080,1180]
[0,60,180,252,1080,1180]
[0,60,180,252,356,774,841,1080,1133,1180]
[0,356,511,713,774,1080,1180]
[0,60,180,252,356,511,713,774,1080,1133,1180]
[0,201,356,511,774,1080,1180]
[0,60,774,1180]
[0,201,356,774,841,1080,1180]
[0,60,180,356,511,713,774,1080,1180]
[0,252,356,511,774,841,1080,1180]
[0,60,356,774,1080,1180]
[0,252,356,511,1080,1180]
[0,60,356,713,774,1080,1133,1180]
[0,60,1080,1180]
[0,180,356,774,1180]
[0,60,188,252,356,774,841,1080,1180]
[0,60,180,252,356,774,841,1080,1180]
[0,60,201,774,1080,1133,1180]
[0,180,252,356,511,713,774,841,1080,1180]
[0,60,1180]
[0,180,252,356,511,774,1080,1180]
[0,60,188,252,356,511,774,841,1080,1133,1180]
[0,60,180,252,356,1080,1180]
[0,60,188,252,356,774,1080,1180]
[0,188,252,356,774,841,1080,1180]
[0,511,1180]
[0,60,356,774,1180]
[0,180,252,1080,1180]
[0,201,356,774,1080,1180]
[0,60,180,252,1080,1133,1180]
[0,60,188,252,356,1080,1133,1180]
[0,201,774,1080,1180]
[0,201,774,841,1080,1180]
[0,1080,1180]
[0,356,511,1080,1180]
[0,60,1080,1133,1180]
[0,356,1180]
[0,252,356,774,1080,1180]
[0,188,1080,1180]
[0,1045,1180]
[0,252,356,774,1180]
[0,201,1080,1180]
[0,201,1045,1180]
[0,201,774,1180]
[0,252,356,511,774,1180]
[0,188,252,356,1080,1180]
[0,180,252,356,511,1080,1180]
[0,1080,1133,1180]
[0,188,252,356,713,774,1080,1180]
[0,188,1180]
[0,60,180,252,356,511,774,841,1080,1180]
[0,60,201,356,774,1080,1180]
[0,201,1180]
[0,188,252,356,511,774,841,1080,1180]
[0,60,201,356,774,841,1080,1180]
[0,60,356,774,841,1080,1180]
[0,60,180,252,356,511,713,774,1080,1180]
[0,713,774,1080,1180]
[0,60,356,774,841,1080,1133,1180]
[0,60,180,1080,1133,1180]
[0,60,188,252,356,713,774,1080,1180]
[0,60,356,511,713,774,1080,1133,1180]
[0,774,1080,1180]
[0,252,356,1180]
[0,201,356,511,774,841,1080,1180]
[0,60,180,252,356,774,1080,1180]
[0,180,1080,1180]
[0,180,252,356,774,1080,1180]
[0,60,188,252,356,511,774,841,1080,1180]
[0,180,1180]
[0,201,356,511,774,1180]
[0,180,252,356,511,713,774,1080,1180]
[0,356,511,774,1180]
[0,201,356,774,1180]
[0,60,180,252,356,511,713,774,841,1080,1133,1180]
[0,60,201,356,511,774,841,1080,1180]
[0,60,180,252,356,511,774,841,1080,1133,1180]
[0,356,511,713,774,841,1080,1180]
[0,60,201,774,1080,1180]
[0,60,188,252,356,511,713,774,1080,1133,1180]
[0,188,252,1080,1180]
[0,356,713,774,1080,1180]
[0,356,1080,1180]
[0,60,201,356,774,841,1080,1133,1180]
[0,356,774,1180]
[0,60,356,1080,1180]
[0,252,356,511,1180]
[0,60,356,774,1080,1133,1180]
[0,180,252,356,511,774,841,1080,1180]
[0,60,188,252,356,713,774,1080,1133,1180]
[0,60,188,252,1080,1133,1180]
[0,60,201,774,841,1080,1133,1180]
[0,252,356,511,774,1080,1180]
[0,356,774,1080,1180]
[0,180,356,511,713,774,1080,1180]
[0,188,252,356,511,774,1080,1180]
[0,60,188,252,1080,1180]
[0,60,180,1080,1180]
[0,356,774,841,1080,1180]
[0,60,180,356,511,713,774,1080,1133,1180]
[0,60,188,252,356,774,1080,1133,1180]
[0,60,180,252,356,774,1080,1133,1180]
[0,188,252,356,774,1080,1180]
[0,68,1080,1180]
[0,60,356,713,774,1080,1180]
[0,60,201,774,841,1080,1180]
[0,60,188,252,356,774,841,1080,1133,1180]
[0,774,1180]
[0,60,356,511,774,841,1080,1133,1180]
[0,60,188,1080,1180]
[0,180,252,356,774,841,1080,1180]
[0,60,201,1080,1180]
[0,180,356,511,774,1080,1180]
[0,356,511,774,1080,1180]
[0,188,252,356,511,1080,1180]
[0,60,201,1080,1133,1180]
[0,60,188,252,356,511,713,774,841,1080,1180]
[0,188,252,356,511,713,774,841,1080,1180]
[0,196,774,1080,1180]
[0,252,356,511,713,774,1080,1180]
[0,60,188,252,356,511,713,774,1080,1180]
[0,356,511,774,841,1080,1180]
[0,60,356,511,774,1180]
[0,60,188,1080,1133,1180]
[0,252,356,774,841,1080,1180]
[0,196,1080,1180]
[0,188,252,356,511,713,774,1080,1180]
[0,196,774,1180]
[0,60,356,511,713,774,1080,1180]
[0,60,180,252,356,1080,1133,1180]
[0,60,201,356,511,774,841,1080,1133,1180]
[0,180,356,511,774,1180]
[0,60,188,252,356,1080,1180]
[0,196,1180]
[0,60,356,1080,1133,1180]
[0,252,356,511,713,774,841,1080,1180]
[0,252,356,1080,1180]
[0,60,356,511,774,841,1080,1180]
[0,180,252,356,1080,1180]
