[0,1325,4285]
[0,437,1325,2669,3303,4132,4285]
[0,1325,2669,3334,4132,4285]
[0,437,1325,2076,2669,3303,3628,4285]
[0,787,1325,2076,2669,3628,4285]
[0,385,4285]
[0,437,1325,2076,2669,3628,4285]
[0,437,1325,4285]
[0,1325,2669,3334,4285]
[0,385,738,1325,2076,2669,3303,3628,4285]
[0,385,787,1325,2076,2669,3118,3334,3628,4132,4285]
[0,385,1325,2076,2669,3303,4285]
[0,2018,4285]
[0,385,1325,2669,3334,4132,4285]
[0,385,1325,2076,2669,3334,4132,4285]
[0,1325,2669,4285]
[0,385,1325,2669,3628,4132,4285]
[0,437,1325,2669,3303,4285]
[0,385,738,1325,2076,2669,3303,3628,4132,4285]
[0,385,787,1325,2076,2669,3303,3628,4132,4285]
[0,2669,4285]
[0,1325,2076,2669,3628,4285]
[0,385,1325,2669,3628,4285]
[0,385,1325,2076,2669,3118,3303,3628,4132,4285]
[0,2094,4285]
[0,437,1325,2669,4285]
[0,770,2094,3628,4285]
[0,385,1325,2076,2669,3628,4132,4285]
[0,385,1325,2076,2669,3118,3334,3628,4285]
[0,385,1325,2076,2669,3118,3334,4132,4285]
[0,787,1325,2669,3628,4285]
[0,437,2018,3628,4285]
[0,385,2076,4285]
[0,437,1325,2669,3628,4285]
[0,437,1325,2076,2669,3303,4285]
[0,437,1325,2669,4132,4285]
[0,385,1325,2076,2669,3118,3303,4132,4285]
[0,2076,2669,3628,4285]
[0,385,1325,2076,2669,3118,3303,3628,4285]
[0,385,787,1325,2076,2669,3334,3628,4285]
[0,1325,2076,2669,3334,4285]
[0,385,1325,2669,3334,4285]
[0,385,1325,2076,2669,3303,3628,4285]
[0,2076,3628,4285]
[0,437,1325,2076,2669,3303,4132,4285]
[0,437,2018,4285]
[0,385,787,1325,2076,2669,3118,3334,3628,4285]
[0,385,1325,2076,2669,3334,4285]
[0,385,1325,2669,3303,4285]
[0,385,787,1325,2076,2669,3628,4285]
[0,385,1325,2076,2669,3334,3628,4285]
[0,437,1325,2076,2669,3303,3628,4132,4285]
[0,2669,3628,4285]
[0,385,787,1325,2076,2669,3303,3628,4285]
[0,1325,2669,3303,4132,4285]
[0,1325,2669,3303,4285]
[0,385,1325,2076,2669,3303,3628,4132,4285]
[0,385,738,1325,2076,2669,3118,3303,3628,4285]
[0,437,1325,2669,3628,4132,4285]
[0,385,738,1325,2076,2669,3628,4285]
[0,385,2669,4285]
[0,385,1325,2076,2669,3628,4285]
[0,385,1325,2669,3303,4132,4285]
[0,385,1325,2076,2669,3118,3334,3628,4132,4285]
[0,1325,3628,4285]
[0,2018,2669,3628,4285]
[0,1325,2669,3628,4285]
[0,385,1325,2076,2669,3118,3334,4285]
[0,385,2076,3628,4285]
[0,1325,2669,4132,4285]
[0,2018,3628,4285]
[0,1325,4132,4285]
[0,437,1325,2076,2669,3628,4132,4285]
[0,385,1325,2076,2669,3118,3303,4285]
[0,385,2076,2669,3628,4285]
[0,2076,4285]
[0,385,738,1325,2076,2669,3118,3303,3628,4132,4285]
[0,385,2669,3628,4285]
[0,770,2094,4285]
[0,437,2018,2669,3628,4285]
[0,385,1325,2076,2669,3303,4132,4285]
[0,1325,2076,2669,3303,4285]
