[0,490,932,1180]
[0,177,370,1180]
[0,785,1180]
[0,609,1180]
[0,177,501,932,1180]
[0,501,1180]
[0,177,501,756,932,1180]
[0,177,490,932,1180]
[0,177,501,609,925,1043,1180]
[0,278,609,1180]
[0,177,925,1033,1180]
[0,177,756,932,1180]
[0,177,329,370,501,609,925,1033,1180]
[0,177,370,501,609,847,925,1033,1180]
[0,490,1180]
[0,177,370,609,1180]
[0,177,490,660,932,1180]
[0,177,370,501,609,925,1033,1180]
[0,932,1180]
[0,177,609,925,1180]
[0,177,609,925,1033,1180]
[0,177,1180]
[0,278,1180]
[0,177,329,370,501,609,847,925,1033,1180]
[0,925,1180]
[0,177,925,1043,1180]
[0,177,501,609,932,1180]
[0,177,501,609,847,925,1033,1180]
[0,370,609,925,1180]
[0,370,1180]
[0,177,609,925,1043,1180]
[0,177,370,609,925,1180]
[0,370,609,1180]
[0,177,501,609,925,1180]
[0,177,501,1180]
[0,609,925,1180]
[0,177,501,609,925,1033,1180]
[0,177,501,609,1180]
[0,177,370,609,925,1033,1180]
[0,278,609,925,1180]
[0,177,932,1180]
[0,177,925,1180]
[0,501,932,1180]
