[0,348,1062,2017]
[0,793,1272,1655,2017]
[0,845,1062,1403,2017]
[0,348,793,2017]
[0,348,820,1062,1655,2017]
[0,491,845,1062,2017]
[0,388,2017]
[0,456,2017]
[0,388,793,2017]
[0,1272,1655,2017]
[0,216,2017]
[0,491,1655,2017]
[0,43,348,530,793,1062,1743,2017]
[0,43,348,793,1062,1272,1655,2017]
[0,291,456,2017]
[0,793,1062,2017]
[0,216,291,491,845,1062,1403,1655,2017]
[0,348,820,1062,2017]
[0,845,1403,1655,2017]
[0,348,1062,1743,2017]
[0,845,1062,1272,1655,2017]
[0,43,348,793,1062,1743,2017]
[0,845,1655,2017]
[0,348,1062,1272,1655,2017]
[0,845,1062,1403,1655,2017]
[0,388,793,1062,1655,2017]
[0,216,845,1062,2017]
[0,216,291,491,845,1062,1272,1655,2017]
[0,291,456,793,1062,2017]
[0,348,845,2017]
[0,845,1062,1272,2017]
[0,845,1062,1655,2017]
[0,348,793,1062,2017]
[0,491,1062,2017]
[0,388,793,1655,2017]
[0,216,291,845,1062,1403,1655,2017]
[0,491,845,1062,1655,2017]
[0,456,793,1062,2017]
[0,216,845,1062,1655,2017]
[0,43,348,820,1062,1451,1655,2017]
[0,820,2017]
[0,348,530,793,1062,1743,2017]
[0,845,1403,2017]
[0,348,1272,1655,2017]
[0,491,1062,1403,2017]
[0,845,1062,2017]
[0,43,348,820,1062,1655,2017]
[0,491,1062,1403,1655,2017]
[0,216,845,1655,2017]
[0,348,820,2017]
[0,491,845,1062,1272,1655,2017]
[0,348,845,1062,2017]
[0,43,348,793,1062,2017]
[0,793,2017]
[0,291,456,1062,2017]
[0,388,793,1062,2017]
[0,820,1655,2017]
[0,456,1062,2017]
[0,348,793,1272,1655,2017]
[0,491,2017]
[0,491,845,2017]
[0,348,793,1062,1272,1655,2017]
[0,216,291,845,1062,1272,1655,2017]
[0,348,2017]
[0,1272,2017]
[0,348,1062,1272,2017]
[0,291,491,845,1062,1272,1655,2017]
[0,348,1272,2017]
[0,491,845,1062,1403,1655,2017]
[0,845,2017]
[0,216,845,1062,1272,1655,2017]
[0,388,1655,2017]
[0,43,216,845,1062,1403,1655,2017]
[0,491,845,1655,2017]
[0,348,820,1062,1451,1655,2017]
[0,291,491,845,1062,1403,1655,2017]
[0,43,216,291,491,845,1062,1272,1655,2017]
[0,43,216,291,491,845,1062,1403,1655,2017]
[0,348,793,1062,1743,2017]
[0,491,1403,1655,2017]
[0,793,1272,2017]
[0,216,845,1062,1403,1655,2017]
[0,1062,2017]
[0,348,820,1655,2017]
[0,43,348,820,1062,2017]
