[0,536,1105,2222,2812]
[0,257,621,1105,2222,2812]
[0,621,1105,2131,2812]
[0,257,621,1105,2531,2812]
[0,621,1105,2222,2812]
[0,621,1105,2364,2812]
[0,302,2812]
[0,621,2812]
[0,1105,2812]
[0,192,302,621,1105,2531,2812]
[0,2131,2812]
[0,302,621,1105,2812]
[0,2222,2812]
[0,359,621,1105,2364,2812]
[0,621,1105,2531,2812]
[0,1105,2222,2812]
[0,302,621,1105,2531,2812]
[0,192,302,621,1105,2812]
[0,192,302,1105,2812]
[0,536,2812]
[0,192,359,621,1105,2364,2812]
[0,302,1105,2812]
[0,621,2131,2812]
[0,257,621,1105,2131,2812]
[0,621,2222,2812]
[0,359,621,1105,2812]
[0,621,1105,2812]
[0,192,302,2812]
[0,257,621,1105,2812]
[0,536,1105,2812]
