[0,210,393,594,994,1146,1197]
[0,210,393,994,1197]
[0,210,393,561,978,1146,1197]
[0,319,1197]
[0,393,1005,1197]
[0,210,393,567,1005,1197]
[0,393,994,1197]
[0,210,393,567,1005,1146,1197]
[0,210,393,1005,1146,1197]
[0,393,1197]
[0,210,393,1197]
[0,210,393,594,1005,1197]
[0,210,393,567,978,1197]
[0,210,1197]
[0,210,393,594,1005,1146,1197]
[0,319,594,1075,1197]
[0,210,393,561,978,1197]
[0,210,393,567,978,1146,1197]
[0,393,594,994,1197]
[0,393,594,1005,1197]
[0,210,393,978,1197]
[0,319,594,1197]
[0,210,393,561,1197]
[0,210,393,594,1197]
[0,210,393,594,994,1197]
[0,393,594,1197]
[0,210,393,567,1197]
[0,393,978,1197]
[0,210,393,1005,1197]
[0,210,393,561,1146,1197]
[0,1146,1197]
[0,210,393,994,1146,1197]
[0,210,393,567,1146,1197]
[0,210,1146,1197]
