[0,107,191,722,868,998,1249]
[0,191,722,998,1249]
[0,208,722,998,1249]
[0,197,998,1249]
[0,191,998,1249]
[0,197,1249]
[0,208,1249]
[0,722,1249]
[0,209,1249]
[0,191,722,868,998,1249]
[0,107,202,722,998,1249]
[0,107,191,258,722,868,998,1080,1249]
[0,998,1249]
[0,107,191,722,998,1080,1249]
[0,208,722,880,998,1249]
[0,202,1249]
[0,191,1249]
[0,722,998,1249]
[0,208,722,1249]
[0,209,722,998,1249]
[0,83,209,722,998,1249]
[0,202,722,1249]
[0,83,202,722,998,1249]
[0,202,722,998,1249]
[0,107,191,722,998,1249]
[0,83,208,722,998,1249]
[0,209,722,1249]
[0,191,722,1249]
[0,107,191,722,868,998,1080,1249]
[0,83,208,722,880,998,1249]
