[0,107,148,1352,1651]
[0,107,148,255,657,918,1306,1352,1651]
[0,148,255,657,918,1306,1352,1651]
[0,148,255,918,1352,1651]
[0,918,1352,1651]
[0,1352,1651]
[0,107,148,255,918,1352,1651]
[0,148,255,1352,1651]
[0,107,148,255,657,918,1352,1651]
[0,148,255,657,918,1352,1651]
[0,1344,1651]
[0,918,1651]
[0,255,1344,1651]
[0,107,148,255,1352,1651]
[0,148,255,657,918,1306,1352,1570,1651]
[0,255,657,918,1352,1651]
[0,657,918,1352,1651]
[0,148,255,657,918,1352,1570,1651]
[0,148,1352,1651]
[0,255,1352,1651]
[0,255,918,1352,1651]
