[0,328,406,491,532,747,924,969]
[0,78,328,406,481,532,594,969]
[0,328,481,969]
[0,328,481,747,969]
[0,328,406,491,594,969]
[0,406,481,594,969]
[0,491,747,969]
[0,406,481,532,969]
[0,481,594,969]
[0,78,328,406,481,594,969]
[0,328,406,491,747,924,969]
[0,481,532,594,747,924,969]
[0,78,328,406,491,594,747,969]
[0,491,595,969]
[0,328,406,491,594,747,969]
[0,78,328,406,481,594,747,969]
[0,491,747,924,969]
[0,328,406,481,594,747,969]
[0,78,481,594,747,969]
[0,328,406,481,532,747,969]
[0,328,406,481,532,969]
[0,406,491,747,969]
[0,481,532,594,969]
[0,406,481,747,969]
[0,481,532,594,747,969]
[0,491,594,924,969]
[0,491,595,922,969]
[0,491,969]
[0,481,594,924,969]
[0,328,406,491,747,969]
[0,491,532,924,969]
[0,328,406,481,747,969]
[0,491,922,969]
[0,491,594,969]
[0,481,532,924,969]
[0,406,491,594,747,969]
[0,78,328,481,594,747,969]
[0,491,924,969]
[0,481,747,969]
[0,481,594,747,969]
[0,328,406,481,969]
[0,481,532,747,969]
[0,406,491,594,969]
[0,328,406,491,594,924,969]
[0,491,594,747,969]
[0,481,532,747,924,969]
[0,78,328,406,491,594,969]
[0,328,406,491,594,747,924,969]
[0,491,532,747,924,969]
[0,328,406,481,532,594,969]
[0,78,328,406,481,532,594,747,924,969]
[0,328,406,491,532,594,747,924,969]
[0,328,406,481,532,594,747,969]
[0,328,481,594,747,969]
[0,328,406,481,532,594,747,924,969]
[0,328,406,481,594,969]
[0,481,969]
[0,406,491,747,924,969]
[0,78,481,594,969]
[0,406,481,532,747,969]
[0,406,481,532,747,924,969]
[0,406,491,594,924,969]
[0,328,406,481,532,747,924,969]
[0,481,532,969]
[0,406,481,969]
[0,78,328,406,491,532,594,747,924,969]
[0,328,481,594,969]
[0,406,491,532,747,924,969]
[0,78,328,406,481,532,594,747,969]
[0,78,328,481,594,969]
[0,78,328,406,491,594,747,924,969]
[0,491,532,969]
