[0,319,956,997]
[0,664,997]
[0,61,310,515,620,997]
[0,310,360,515,620,997]
[0,310,515,620,793,997]
[0,310,515,620,956,997]
[0,319,620,865,997]
[0,319,793,997]
[0,310,620,956,997]
[0,319,515,793,997]
[0,310,515,620,793,956,997]
[0,61,319,515,620,956,997]
[0,61,319,515,620,793,956,997]
[0,61,319,515,620,793,997]
[0,310,620,997]
[0,310,360,515,620,793,956,997]
[0,310,360,515,620,664,793,956,997]
[0,61,310,360,515,620,793,956,997]
[0,319,515,620,956,997]
[0,61,310,360,515,620,664,793,997]
[0,61,319,515,620,865,997]
[0,319,515,620,793,997]
[0,310,613,997]
[0,515,620,997]
[0,310,515,620,664,956,997]
[0,310,515,620,997]
[0,310,360,515,620,664,793,997]
[0,319,515,620,793,956,997]
[0,310,515,620,664,793,997]
[0,319,664,997]
[0,310,956,997]
[0,319,997]
[0,310,793,997]
[0,310,515,620,664,793,956,997]
[0,319,515,620,997]
[0,319,515,620,865,997]
[0,61,310,515,620,956,997]
[0,515,997]
[0,61,310,360,515,620,793,997]
[0,61,310,360,515,620,664,793,956,997]
[0,61,310,515,620,793,997]
[0,310,515,620,664,997]
[0,319,613,997]
[0,319,620,997]
[0,319,620,956,997]
[0,61,319,515,620,997]
[0,310,515,793,997]
[0,310,360,515,620,956,997]
[0,61,310,515,620,793,956,997]
[0,310,360,515,620,793,997]
[0,310,515,997]
[0,310,997]
[0,620,997]
