[0,572,2020]
[0,119,222,2020]
[0,222,1557,2020]
[0,737,1557,2020]
[0,114,222,1557,2020]
[0,241,1557,2020]
[0,114,241,1557,2020]
[0,222,911,1557,2020]
[0,114,222,2020]
[0,222,2020]
[0,114,222,911,1557,2020]
[0,193,241,911,1557,2020]
[0,225,2020]
[0,114,241,2020]
[0,119,241,1557,2020]
[0,222,737,1557,2020]
[0,114,241,911,1557,2020]
[0,241,911,1557,2020]
[0,193,241,1557,2020]
[0,225,1557,2020]
[0,241,572,1557,2020]
[0,911,1557,2020]
[0,119,241,911,1557,2020]
[0,193,241,2020]
[0,119,222,911,1557,2020]
[0,572,1557,2020]
[0,1557,2020]
[0,911,2020]
[0,241,2020]
[0,737,2020]
[0,119,222,1557,2020]
