[0,450,1328,2020]
[0,262,467,1269,1516,2020]
[0,418,665,1269,1516,2020]
[0,262,451,665,1269,1516,1817,2020]
[0,467,1269,1516,2020]
[0,467,1516,2020]
[0,262,467,1516,2020]
[0,262,467,1516,1817,2020]
[0,450,1515,2020]
[0,451,665,1269,1516,1817,2020]
[0,665,1516,2020]
[0,348,451,1269,1516,1817,2020]
[0,467,1516,1817,2020]
[0,665,1269,2020]
[0,665,2020]
[0,451,1516,2020]
[0,665,1269,1516,2020]
[0,467,1269,2020]
[0,262,467,1269,2020]
[0,451,665,1269,1516,2020]
[0,262,451,1516,1817,2020]
[0,665,1269,1516,1817,2020]
[0,262,451,1269,1516,1817,2020]
[0,451,1516,1817,2020]
[0,359,467,1269,1516,1817,2020]
[0,451,1269,1516,2020]
[0,665,1328,2020]
[0,262,467,1269,1516,1817,2020]
[0,1516,2020]
[0,451,1269,2020]
[0,348,451,665,1269,1516,1817,2020]
[0,1516,1817,2020]
[0,418,665,1269,1516,1817,2020]
[0,665,1328,1817,2020]
[0,467,1269,1516,1817,2020]
[0,665,1516,1817,2020]
[0,1269,2020]
[0,451,1269,1516,1817,2020]
[0,1515,2020]
[0,1328,2020]
