[0,596,689,1135,1651]
[0,285,620,689,1651]
[0,285,620,689,1135,1651]
[0,596,689,968,1135,1651]
[0,285,620,689,968,1135,1651]
[0,285,689,1051,1135,1651]
[0,285,689,1135,1651]
[0,285,689,1651]
[0,689,1651]
[0,689,1135,1651]
[0,285,609,689,968,1135,1651]
[0,596,1651]
[0,596,689,1651]
[0,609,689,1651]
[0,596,968,1135,1651]
[0,285,620,689,1051,1135,1651]
[0,1135,1651]
[0,285,609,689,1651]
[0,285,596,689,968,1135,1651]
[0,596,1135,1651]
[0,669,1135,1651]
[0,285,1135,1651]
[0,285,609,689,1135,1651]
[0,285,609,689,1051,1135,1651]
[0,285,1651]
[0,285,689,968,1135,1651]
[0,620,689,1651]
[0,643,1135,1651]
[0,285,669,1135,1651]
