[0,601,908,1323,1632]
[0,601,1632]
[0,199,601,908,1093,1222,1323,1632]
[0,199,601,908,1093,1323,1632]
[0,188,601,908,1093,1222,1323,1559,1632]
[0,1261,1632]
[0,601,908,1093,1222,1323,1632]
[0,188,601,908,1323,1632]
[0,601,908,1222,1323,1632]
[0,199,601,908,1093,1222,1323,1559,1632]
[0,199,601,908,1323,1632]
[0,188,601,908,1093,1323,1632]
[0,188,601,908,1093,1222,1323,1632]
[0,620,1632]
[0,601,908,1093,1323,1632]
[0,599,1632]
[0,601,1323,1632]
[0,620,1323,1632]
[0,1323,1632]
[0,599,1261,1632]
[0,199,601,908,1222,1323,1632]
[0,199,601,1323,1632]
