[0,478,1264]
[0,392,651,1264]
[0,392,1264]
[0,392,478,701,1084,1264]
[0,392,478,651,1264]
[0,478,1079,1264]
[0,392,478,651,1079,1264]
[0,392,478,1264]
[0,392,478,1079,1141,1264]
[0,478,701,1079,1264]
[0,392,478,651,1084,1166,1264]
[0,478,701,1264]
[0,392,478,651,1084,1166,1209,1264]
[0,478,651,1079,1264]
[0,392,478,1079,1264]
[0,392,478,651,1079,1141,1209,1264]
[0,392,478,701,1079,1166,1264]
[0,478,1084,1264]
[0,392,478,651,1084,1264]
[0,392,478,701,1079,1264]
[0,475,1264]
[0,392,478,701,1084,1166,1264]
[0,478,701,1079,1166,1264]
[0,392,478,651,1079,1141,1264]
[0,478,701,1084,1264]
[0,473,1264]
[0,478,651,1264]
[0,392,478,701,1264]
[0,478,651,1084,1264]
