[0,303,921,1127,2017]
[0,457,1127,2017]
[0,303,542,2017]
[0,457,921,1803,2017]
[0,303,921,2017]
[0,542,2017]
[0,125,303,457,921,1127,1803,2017]
[0,303,542,921,2017]
[0,303,542,1139,2017]
[0,303,457,921,1127,1803,2017]
[0,303,457,921,1139,1803,2017]
[0,125,303,457,921,1127,2017]
[0,303,457,921,1127,2017]
[0,125,303,542,921,1127,1803,2017]
[0,457,921,1127,2017]
[0,125,303,921,1127,2017]
[0,1127,2017]
[0,303,542,921,1139,2017]
[0,125,303,542,921,1139,1803,2017]
[0,303,921,1127,1803,2017]
[0,542,1139,2017]
[0,303,921,1139,2017]
[0,303,542,1803,2017]
[0,457,921,2017]
[0,303,542,921,1803,2017]
[0,457,1139,2017]
[0,457,2017]
[0,446,2017]
[0,303,2017]
[0,125,303,457,921,1139,1803,2017]
[0,437,2017]
[0,125,303,542,921,1139,2017]
[0,457,921,1127,1803,2017]
[0,303,542,921,1139,1803,2017]
[0,303,457,921,1139,2017]
[0,457,921,1139,2017]
[0,457,1803,2017]
[0,303,542,921,1127,1803,2017]
[0,125,303,921,1139,2017]
[0,303,921,1803,2017]
[0,1139,2017]
[0,125,303,921,1127,1803,2017]
[0,457,921,1139,1803,2017]
[0,921,2017]
[0,125,303,457,921,1139,2017]
