[0,199,418,1129,1264]
[0,383,1129,1264]
[0,199,491,650,1264]
[0,491,1264]
[0,147,491,888,1002,1129,1264]
[0,199,966,1129,1264]
[0,383,966,1264]
[0,147,383,1002,1129,1264]
[0,199,383,966,1264]
[0,650,966,1264]
[0,147,383,491,888,1002,1129,1264]
[0,147,383,491,650,888,1002,1129,1264]
[0,147,383,1129,1264]
[0,383,1264]
[0,147,491,1002,1129,1264]
[0,199,383,491,1129,1264]
[0,418,1264]
[0,199,383,966,1129,1264]
[0,199,383,650,1129,1264]
[0,147,888,1002,1129,1264]
[0,147,383,491,1002,1129,1264]
[0,147,383,966,1264]
[0,147,491,650,966,1129,1264]
[0,199,650,1264]
[0,966,1264]
[0,199,491,1129,1264]
[0,147,1264]
[0,383,491,1129,1264]
[0,199,650,1129,1264]
[0,147,383,491,1129,1264]
[0,147,491,1264]
[0,199,491,650,1129,1264]
[0,199,491,1264]
[0,147,491,650,1264]
[0,199,383,491,650,1129,1264]
[0,491,650,1264]
[0,147,383,1264]
[0,199,966,1264]
[0,199,1129,1264]
[0,199,383,1264]
[0,147,966,1129,1264]
[0,147,491,650,1129,1264]
[0,383,491,1264]
[0,199,383,650,1264]
[0,147,1129,1264]
[0,147,491,650,966,1264]
[0,199,1264]
[0,650,1264]
[0,147,491,650,1002,1129,1264]
[0,147,966,1264]
[0,491,650,966,1264]
[0,199,418,1264]
[0,147,383,491,650,1129,1264]
[0,147,491,1129,1264]
[0,147,1002,1129,1264]
[0,147,491,650,888,1002,1129,1264]
[0,147,383,966,1129,1264]
[0,147,383,491,650,966,1129,1264]
