[0,87,326,454,611,922]
[0,87,218,454,592,814,868,922]
[0,218,367,454,611,922]
[0,87,326,367,454,592,868,922]
[0,87,218,454,592,760,922]
[0,218,466,922]
[0,454,611,922]
[0,87,326,454,611,814,868,922]
[0,87,326,367,454,611,760,922]
[0,87,218,367,454,611,922]
[0,87,218,367,454,592,760,814,868,922]
[0,321,922]
[0,218,454,592,760,922]
[0,87,326,367,454,611,760,814,922]
[0,87,218,326,367,454,611,760,814,868,922]
[0,87,218,454,611,868,922]
[0,218,454,760,922]
[0,466,922]
[0,87,218,367,454,592,760,922]
[0,87,454,592,814,868,922]
[0,87,454,592,922]
[0,454,611,760,922]
[0,454,601,922]
[0,87,454,592,760,814,868,922]
[0,87,326,367,454,611,760,814,868,922]
[0,87,218,367,454,611,868,922]
[0,218,367,454,592,922]
[0,87,326,454,611,868,922]
[0,218,454,592,922]
[0,87,218,367,454,611,760,814,868,922]
[0,87,326,454,592,760,814,868,922]
[0,87,218,454,592,760,814,868,922]
[0,87,218,454,592,760,814,922]
[0,326,454,611,922]
[0,87,326,367,454,592,814,868,922]
[0,454,814,922]
[0,87,326,454,611,760,922]
[0,87,454,592,868,922]
[0,218,466,814,922]
[0,87,218,367,454,611,814,868,922]
[0,87,218,454,611,922]
[0,87,326,454,592,814,868,922]
[0,87,454,611,760,814,868,922]
[0,87,454,611,760,814,922]
[0,87,218,454,592,868,922]
[0,87,326,367,454,611,922]
[0,321,760,922]
[0,218,367,454,592,760,922]
[0,218,454,611,922]
[0,87,218,367,454,592,760,814,922]
[0,87,454,601,922]
[0,87,454,611,814,868,922]
[0,87,454,922]
[0,87,218,454,611,760,922]
[0,87,326,454,611,760,814,922]
[0,326,454,611,760,922]
[0,87,218,367,454,592,814,868,922]
[0,87,218,454,592,922]
[0,87,218,367,454,592,868,922]
[0,87,326,454,592,922]
[0,87,326,454,592,868,922]
[0,87,454,814,922]
[0,87,218,454,611,760,814,922]
[0,87,454,611,868,922]
[0,87,218,454,611,814,868,922]
[0,218,454,611,760,922]
[0,326,454,592,922]
[0,218,454,922]
[0,87,326,367,454,592,922]
[0,87,218,326,367,454,592,760,814,868,922]
[0,87,326,367,454,592,760,814,868,922]
[0,87,454,611,760,922]
[0,454,592,922]
[0,87,218,367,454,592,922]
[0,454,922]
[0,87,218,454,611,760,814,868,922]
[0,87,326,454,611,760,814,868,922]
[0,87,454,611,922]
