[0,119,546,640,884,1046]
[0,546,1046]
[0,119,526,680,884,1046]
[0,119,680,884,1046]
[0,119,546,884,1046]
[0,119,546,640,884,949,1046]
[0,546,640,1046]
[0,119,526,680,884,949,1046]
[0,546,884,949,1046]
[0,680,884,1046]
[0,546,884,1046]
[0,475,884,1046]
[0,680,1046]
[0,526,1046]
[0,119,546,680,884,949,1046]
[0,546,640,884,949,1046]
[0,475,1046]
[0,546,680,884,1046]
[0,119,884,1046]
[0,526,884,949,1046]
[0,884,949,1046]
[0,546,640,884,1046]
[0,546,680,1046]
[0,526,680,884,949,1046]
[0,546,680,884,949,1046]
[0,119,546,680,884,1046]
[0,526,680,884,1046]
[0,884,1046]
[0,526,884,1046]
