[0,275,682,1252,1465]
[0,640,1003,1465]
[0,759,1352,1465]
[0,1352,1465]
[0,640,1265,1465]
[0,74,1265,1465]
[0,275,682,1003,1465]
[0,74,682,1003,1352,1465]
[0,839,1465]
[0,74,275,329,682,759,839,1003,1252,1465]
[0,74,682,1265,1465]
[0,74,275,682,759,839,1252,1465]
[0,74,640,1252,1465]
[0,759,839,1352,1465]
[0,682,759,839,1003,1252,1465]
[0,74,640,1265,1465]
[0,759,839,1465]
[0,682,839,1252,1465]
[0,76,839,1465]
[0,74,759,839,1252,1465]
[0,74,759,1252,1465]
[0,682,839,1265,1465]
[0,640,1003,1252,1465]
[0,682,1003,1252,1465]
[0,1252,1465]
[0,759,1465]
[0,682,839,1003,1352,1465]
[0,682,839,1003,1465]
[0,275,682,839,1252,1465]
[0,759,1252,1465]
[0,682,759,839,1252,1465]
[0,640,1003,1265,1465]
[0,74,275,329,682,759,839,1252,1465]
[0,74,682,839,1252,1465]
[0,275,682,1465]
[0,1265,1465]
[0,275,682,759,839,1003,1252,1465]
[0,682,1465]
[0,682,1252,1465]
[0,1003,1465]
[0,74,1352,1465]
[0,640,1465]
[0,74,682,839,1003,1352,1465]
[0,74,839,1465]
[0,682,1003,1465]
[0,74,682,759,839,1252,1465]
[0,74,1465]
[0,759,839,1252,1465]
[0,275,682,839,1003,1252,1465]
[0,74,275,682,759,839,1003,1252,1465]
[0,74,682,839,1265,1465]
[0,74,640,1003,1252,1465]
[0,682,1265,1465]
[0,76,1265,1465]
[0,74,640,1003,1265,1465]
[0,74,759,839,1352,1465]
[0,275,682,759,839,1252,1465]
[0,682,1003,1352,1465]
[0,74,275,682,839,1252,1465]
[0,74,682,759,839,1003,1252,1465]
[0,76,1465]
[0,74,275,329,682,839,1252,1465]
[0,275,682,1003,1252,1465]
[0,74,1252,1465]
[0,682,839,1003,1252,1465]
[0,74,682,1252,1465]
[0,640,1252,1465]
[0,74,759,839,1465]
[0,74,682,1003,1465]
