[0,265,360,543,865,997]
[0,543,997]
[0,265,543,865,997]
[0,265,360,543,704,997]
[0,525,997]
[0,265,543,704,997]
[0,69,360,543,704,778,997]
[0,265,704,997]
[0,69,265,360,543,704,778,997]
[0,360,543,997]
[0,360,599,865,997]
[0,69,543,704,778,997]
[0,69,704,778,997]
[0,543,865,997]
[0,543,704,865,997]
[0,704,865,997]
[0,543,704,997]
[0,265,360,543,704,778,997]
[0,265,543,704,865,997]
[0,265,543,997]
[0,69,265,360,543,704,778,950,997]
[0,360,543,704,865,997]
[0,69,599,865,997]
[0,599,997]
[0,69,360,543,704,865,997]
[0,69,599,997]
[0,69,543,704,865,997]
[0,143,525,728,997]
[0,69,704,865,997]
[0,143,525,997]
[0,69,265,360,543,704,865,997]
[0,69,360,599,865,997]
[0,704,997]
[0,360,599,997]
[0,265,360,543,704,865,997]
[0,525,728,997]
[0,543,704,778,997]
[0,69,704,997]
[0,265,360,543,704,778,865,997]
[0,704,778,997]
[0,360,543,704,778,997]
[0,69,265,360,543,704,778,865,997]
[0,599,865,997]
[0,360,543,704,997]
[0,69,265,360,543,704,778,865,950,997]
[0,265,360,543,997]
[0,69,265,360,543,704,865,950,997]
