[0,520,1419]
[0,392,520,601,709,801,981,1175,1419]
[0,392,1175,1419]
[0,498,1176,1419]
[0,801,1175,1419]
[0,533,801,1419]
[0,560,801,1175,1419]
[0,392,533,709,801,1176,1419]
[0,392,560,1176,1419]
[0,392,520,601,709,801,981,1044,1175,1419]
[0,392,520,801,981,1175,1419]
[0,392,520,709,801,981,1044,1176,1419]
[0,498,1419]
[0,533,1419]
[0,392,520,801,1175,1419]
[0,392,520,709,801,1175,1419]
[0,392,520,601,709,801,981,1044,1175,1222,1419]
[0,392,1419]
[0,520,801,981,1176,1419]
[0,392,560,801,1175,1419]
[0,533,795,1176,1419]
[0,392,520,709,801,981,1176,1419]
[0,520,801,1176,1419]
[0,392,520,601,709,801,981,1044,1176,1222,1419]
[0,392,520,601,709,801,1175,1419]
[0,392,520,601,709,801,981,1176,1419]
[0,801,1419]
[0,560,1175,1419]
[0,392,520,1175,1419]
[0,392,533,795,1176,1419]
[0,520,1176,1419]
[0,392,520,801,1176,1419]
[0,392,520,709,801,981,1044,1175,1419]
[0,533,1176,1419]
[0,392,560,1175,1419]
[0,392,520,709,801,981,1175,1419]
[0,1175,1419]
[0,533,795,1419]
[0,520,801,981,1175,1419]
[0,552,1419]
[0,392,520,801,981,1176,1419]
[0,392,533,1176,1419]
[0,392,1176,1419]
[0,392,520,709,801,1176,1419]
[0,560,801,1176,1419]
[0,533,801,1176,1419]
[0,520,801,1175,1419]
[0,520,801,1419]
[0,552,1176,1419]
[0,392,520,601,709,801,981,1044,1176,1419]
[0,392,520,601,709,801,1176,1419]
[0,392,560,801,1176,1419]
[0,560,1419]
[0,560,1176,1419]
[0,392,520,1176,1419]
[0,520,1175,1419]
[0,392,533,801,1176,1419]
