[0,549,1307,1644,2217,2388,2956]
[0,549,1961,2298,2956]
[0,549,1307,1961,2298,2956]
[0,549,1644,2956]
[0,549,1046,1644,2217,2377,2956]
[0,549,1307,1644,2388,2956]
[0,549,1307,1644,1961,2956]
[0,1644,2377,2956]
[0,1644,2388,2956]
[0,1307,2298,2956]
[0,549,1644,2020,2377,2956]
[0,549,1046,2377,2956]
[0,549,1042,2388,2956]
[0,1307,2388,2956]
[0,549,1046,1644,2217,2377,2817,2956]
[0,549,1307,1961,2298,2817,2956]
[0,2217,2956]
[0,549,1644,2020,2377,2817,2956]
[0,549,1042,1644,2388,2956]
[0,2298,2956]
[0,549,1644,2217,2388,2956]
[0,2377,2956]
[0,1644,2217,2377,2817,2956]
[0,2388,2956]
[0,549,1307,2298,2956]
[0,1961,2956]
[0,1644,2956]
[0,549,1644,2217,2377,2956]
[0,549,1307,1644,2956]
[0,549,1307,2388,2956]
[0,549,1046,1644,2377,2956]
[0,549,2217,2956]
[0,549,1644,2388,2956]
[0,549,2388,2956]
[0,549,1042,1644,2217,2388,2817,2956]
[0,549,1644,2217,2377,2817,2956]
[0,549,2298,2956]
[0,1307,2956]
[0,2217,2377,2956]
[0,1644,2020,2377,2817,2956]
[0,2217,2388,2956]
[0,549,1961,2956]
[0,549,1644,2377,2956]
[0,1644,2217,2388,2956]
[0,549,1307,1644,2217,2388,2817,2956]
[0,1644,2020,2377,2956]
[0,1644,2217,2377,2956]
[0,549,2377,2956]
[0,549,1042,1644,2217,2388,2956]
