[0,708,1354,2229,2554]
[0,708,2229,2554]
[0,298,1354,1667,2229,2554]
[0,201,708,2229,2498,2554]
[0,201,1454,2229,2554]
[0,903,2554]
[0,1354,2554]
[0,298,1354,2229,2554]
[0,751,2554]
[0,1354,2229,2554]
[0,201,1354,2229,2554]
[0,298,970,1354,1667,1896,2229,2498,2554]
[0,298,708,2229,2554]
[0,751,2229,2554]
[0,298,1354,2229,2498,2554]
[0,348,2554]
[0,970,1354,2229,2554]
[0,298,708,1354,2229,2554]
[0,201,903,2229,2554]
[0,298,708,2229,2498,2554]
[0,1454,2229,2554]
[0,298,1354,1667,1896,2229,2554]
[0,298,1354,1667,2229,2498,2554]
[0,708,1354,2554]
[0,2229,2554]
[0,201,708,2229,2554]
[0,201,2229,2554]
[0,708,2554]
[0,1354,1667,2229,2554]
[0,298,970,1354,1667,1896,2229,2554]
[0,298,970,1354,2229,2554]
[0,348,2229,2554]
[0,1454,2554]
[0,298,2229,2554]
[0,970,1354,1667,2229,2554]
[0,298,708,1354,2229,2498,2554]
[0,903,2229,2554]
[0,970,1354,2554]
[0,298,751,2229,2554]
[0,298,1354,1667,1896,2229,2498,2554]
[0,201,1354,2229,2498,2554]
[0,298,970,1354,1667,2229,2554]
