[0,59,320,503,724,852,971,1034,1464,1651]
[0,870,1464,1651]
[0,285,947,1651]
[0,172,320,503,724,852,971,1034,1651]
[0,503,852,1464,1651]
[0,172,320,503,724,852,971,1034,1464,1651]
[0,320,503,724,852,971,1034,1651]
[0,59,320,503,724,852,1651]
[0,971,1651]
[0,285,870,1651]
[0,172,320,503,724,852,971,1034,1477,1651]
[0,285,852,1651]
[0,131,285,852,1651]
[0,320,503,852,1477,1651]
[0,131,285,503,724,852,1464,1651]
[0,320,503,852,1651]
[0,131,285,503,971,1651]
[0,59,320,503,724,852,1464,1651]
[0,131,285,503,852,1464,1651]
[0,172,320,503,724,852,971,1477,1651]
[0,172,320,503,724,852,971,1464,1651]
[0,320,503,724,852,971,1651]
[0,724,971,1464,1651]
[0,320,503,724,852,971,1464,1651]
[0,285,1651]
[0,59,172,320,503,724,852,971,1034,1477,1651]
[0,172,320,503,724,852,971,1651]
[0,503,852,1651]
[0,172,320,503,724,852,1477,1651]
[0,59,320,503,724,852,971,1651]
[0,870,1651]
[0,172,320,503,724,852,1651]
[0,947,1651]
[0,285,870,1464,1651]
[0,172,320,852,1651]
[0,503,852,1477,1651]
[0,503,724,971,1651]
[0,131,285,724,852,1651]
[0,131,285,1651]
[0,503,971,1651]
[0,59,320,724,852,1651]
[0,204,503,971,1464,1651]
[0,59,172,320,503,724,852,1477,1651]
[0,852,1651]
[0,204,503,724,971,1651]
[0,172,852,1651]
[0,320,503,852,1464,1651]
[0,59,320,503,724,852,971,1034,1651]
[0,204,724,971,1464,1651]
[0,204,503,724,971,1464,1651]
[0,320,503,724,852,971,1034,1464,1651]
[0,204,503,971,1651]
[0,172,320,503,852,1651]
[0,724,971,1651]
[0,320,724,852,1651]
[0,204,724,971,1651]
[0,172,320,724,852,1651]
[0,131,285,503,852,1651]
[0,285,503,852,1464,1651]
[0,285,503,971,1651]
[0,724,852,1651]
[0,320,503,724,852,1651]
[0,172,320,503,852,1477,1651]
[0,320,852,1651]
[0,172,320,503,852,1464,1651]
[0,285,503,852,1651]
[0,59,172,320,503,724,852,971,1034,1464,1651]
[0,172,320,503,724,852,1464,1651]
[0,131,285,503,724,852,1651]
[0,285,724,852,1651]
[0,320,503,724,852,1464,1651]
