[0,85,485,701,787,887,976,1046]
[0,85,485,552,701,887,976,1046]
[0,85,485,701,976,1046]
[0,85,759,1046]
[0,85,1046]
[0,85,485,701,844,1046]
[0,485,787,1046]
[0,85,485,552,701,787,887,976,1046]
[0,85,485,701,887,976,1046]
[0,85,552,1046]
[0,485,1046]
[0,485,701,1046]
[0,85,485,701,787,844,930,976,1046]
[0,85,485,787,1046]
[0,485,701,844,1046]
[0,85,485,787,844,1046]
[0,85,485,701,1046]
[0,485,701,787,887,1046]
[0,85,976,1046]
[0,85,485,787,844,976,1046]
[0,85,485,1046]
[0,85,485,701,887,1046]
[0,85,485,787,976,1046]
[0,85,485,552,701,787,887,930,976,1046]
[0,759,1046]
[0,85,485,701,787,844,976,1046]
[0,85,485,701,844,976,1046]
[0,85,485,701,787,887,1046]
[0,485,701,887,1046]
[0,552,1046]
