[0,610,1196,1545,2020]
[0,271,516,758,1008,1196,1545,1918,2020]
[0,271,516,1196,1545,1918,2020]
[0,274,516,1008,1196,1545,2020]
[0,504,1545,1796,2020]
[0,271,516,945,1008,1196,1545,1796,2020]
[0,271,504,758,1008,1196,1545,1796,2020]
[0,271,504,758,1196,1545,1796,2020]
[0,610,2020]
[0,1008,2020]
[0,274,516,758,1196,1545,1796,2020]
[0,271,516,1545,1796,2020]
[0,1196,1545,2020]
[0,274,516,610,758,945,1008,1196,1545,1796,2020]
[0,271,504,1196,1545,2020]
[0,1008,1196,1545,2020]
[0,271,610,1196,1545,1918,2020]
[0,1545,2020]
[0,504,2020]
[0,274,1008,1196,1545,1918,2020]
[0,271,504,610,758,1008,1196,1545,1796,2020]
[0,271,516,1196,1545,2020]
[0,271,516,758,1008,1196,1545,2020]
[0,271,504,610,758,945,1008,1196,1545,1796,2020]
[0,271,516,758,1196,1545,2020]
[0,274,1545,2020]
[0,271,516,758,1008,1196,1545,1796,2020]
[0,516,1545,1796,2020]
[0,464,1196,1545,2020]
[0,504,1196,1918,2020]
[0,1545,1796,2020]
[0,516,1008,1196,1918,2020]
[0,271,610,1545,1918,2020]
[0,516,1196,1545,1918,2020]
[0,516,1008,1918,2020]
[0,516,1196,2020]
[0,1196,1545,1918,2020]
[0,1196,2020]
[0,271,516,1008,1196,1545,2020]
[0,274,516,758,1008,1196,1545,1796,2020]
[0,516,2020]
[0,504,758,1196,1545,2020]
[0,274,1008,1545,2020]
[0,504,1196,1545,2020]
[0,516,1196,1545,2020]
[0,464,1545,1918,2020]
[0,274,516,1008,1196,1545,1796,2020]
[0,610,1545,2020]
[0,271,610,1196,1545,2020]
[0,464,1545,2020]
[0,271,504,1545,1796,2020]
[0,274,516,1196,1545,1796,2020]
[0,464,1196,1545,1918,2020]
[0,504,1545,2020]
[0,1545,1918,2020]
[0,516,1008,2020]
[0,516,1545,1918,2020]
[0,274,516,758,1008,1196,1545,1918,2020]
[0,516,1008,1196,1545,2020]
[0,274,516,610,758,1008,1196,1545,1796,2020]
[0,516,758,1196,1545,2020]
[0,271,516,1008,1196,1545,1796,2020]
[0,271,516,758,1196,1545,1796,2020]
[0,271,610,1545,2020]
[0,1008,1545,2020]
[0,516,1545,2020]
[0,610,1545,1918,2020]
[0,274,516,1008,1196,1545,1918,2020]
[0,271,516,1196,1545,1796,2020]
[0,271,516,1545,2020]
[0,271,610,1008,1196,1545,2020]
[0,274,516,1545,1918,2020]
[0,516,1196,1918,2020]
[0,271,610,1008,1196,1545,1918,2020]
[0,274,1008,1196,1545,2020]
[0,271,504,1545,2020]
[0,271,504,1196,1545,1796,2020]
[0,274,516,1196,1545,1918,2020]
[0,271,504,758,1196,1545,2020]
[0,274,516,758,1196,1545,2020]
[0,271,516,1545,1918,2020]
[0,274,516,1196,1545,2020]
[0,274,516,758,1008,1196,1545,2020]
[0,504,1196,2020]
[0,274,516,1545,2020]
[0,1008,1196,1545,1918,2020]
[0,271,504,1008,1196,1545,1796,2020]
[0,516,1008,1196,2020]
[0,271,516,1008,1196,1545,1918,2020]
[0,610,1196,2020]
[0,274,516,1545,1796,2020]
[0,516,1008,1196,1545,1918,2020]
[0,274,516,945,1008,1196,1545,1796,2020]
[0,271,610,1196,2020]
[0,1008,1918,2020]
[0,1008,1196,2020]
