[0,74,593,940,1095,1215,1392,1632]
[0,593,1221,1632]
[0,593,943,1095,1221,1392,1632]
[0,320,593,943,1392,1632]
[0,393,1632]
[0,593,940,1392,1632]
[0,593,1095,1215,1323,1632]
[0,593,1632]
[0,1394,1632]
[0,320,593,940,1095,1215,1323,1392,1632]
[0,74,320,593,940,1095,1215,1392,1632]
[0,320,593,940,1095,1215,1392,1632]
[0,593,943,1221,1392,1632]
[0,593,940,1095,1215,1392,1632]
[0,593,943,1323,1632]
[0,593,940,1095,1215,1323,1392,1632]
[0,320,593,943,1095,1323,1632]
[0,1392,1632]
[0,593,1095,1221,1323,1632]
[0,320,593,943,1632]
[0,320,593,940,1392,1632]
[0,393,1221,1632]
[0,593,1392,1632]
[0,593,943,1095,1221,1323,1632]
[0,593,943,1095,1221,1392,1507,1632]
[0,320,593,943,1323,1632]
[0,320,593,943,1095,1221,1392,1632]
[0,593,943,1095,1323,1632]
[0,320,393,593,940,1095,1215,1392,1632]
[0,593,940,1095,1215,1323,1632]
[0,320,593,940,1095,1323,1632]
[0,1323,1632]
[0,593,940,1215,1392,1632]
[0,593,1095,1392,1632]
[0,320,593,940,1215,1392,1632]
[0,593,1095,1632]
[0,593,943,1632]
[0,593,943,1095,1221,1323,1392,1507,1632]
[0,320,593,940,1323,1632]
[0,74,320,393,593,940,1095,1215,1392,1632]
[0,320,593,943,1221,1392,1632]
[0,593,940,1323,1632]
[0,593,1095,1394,1632]
[0,593,1394,1632]
[0,320,393,593,943,1095,1221,1392,1507,1632]
[0,320,593,940,1095,1215,1323,1632]
[0,593,1095,1221,1323,1392,1632]
[0,320,593,943,1095,1221,1323,1392,1507,1632]
[0,320,393,593,940,1095,1215,1323,1632]
[0,593,1095,1215,1392,1632]
[0,320,593,943,1095,1221,1323,1632]
[0,1221,1632]
[0,593,1095,1323,1632]
[0,320,393,593,940,1095,1215,1323,1392,1632]
[0,320,593,940,1632]
[0,593,1323,1632]
[0,320,593,943,1095,1221,1392,1507,1632]
[0,593,943,1095,1221,1323,1392,1632]
[0,593,943,1392,1632]
[0,593,1095,1221,1392,1632]
[0,74,320,393,593,940,1095,1215,1323,1392,1632]
[0,320,393,593,943,1095,1221,1323,1392,1507,1632]
[0,593,1095,1215,1323,1392,1632]
[0,320,393,593,943,1095,1221,1323,1632]
[0,593,940,1632]
[0,593,940,1095,1323,1632]
[0,593,943,1394,1632]
