[0,493,709,760,1182,1352,1834,2017]
[0,1200,1834,2017]
[0,1834,2017]
[0,709,1352,1834,2017]
[0,1352,2017]
[0,493,710,1200,2017]
[0,493,1352,1834,2017]
[0,493,710,1352,1834,2017]
[0,1200,2017]
[0,709,1352,2017]
[0,709,1200,2017]
[0,709,2017]
[0,709,1244,2017]
[0,493,710,2017]
[0,493,760,948,1352,1740,1834,2017]
[0,493,709,760,948,1200,1740,1834,2017]
[0,493,709,760,948,1200,1834,2017]
[0,493,760,948,1200,1740,1834,2017]
[0,493,709,1352,2017]
[0,493,2017]
[0,493,710,1200,1834,2017]
[0,1352,1834,2017]
[0,493,709,1352,1834,2017]
[0,493,760,2017]
[0,493,760,1182,1352,1834,2017]
[0,493,1352,2017]
[0,493,709,760,1352,1834,2017]
[0,493,760,948,1352,2017]
[0,709,1200,1834,2017]
[0,493,1200,2017]
[0,493,709,760,948,1352,1740,1834,2017]
[0,493,760,948,1200,2017]
[0,493,760,948,1352,1834,2017]
[0,493,760,1352,1834,2017]
[0,493,760,1200,2017]
[0,493,760,948,1200,1834,2017]
[0,493,760,1352,2017]
[0,493,709,760,948,1352,1834,2017]
[0,493,710,1352,2017]
[0,493,760,1834,2017]
