[0,632,1119,1259,1433,2021,2310,2503,2759]
[0,632,1119,1939,2021,2310,2616,2759]
[0,632,1119,1568,2021,2310,2759]
[0,632,1119,2021,2759]
[0,632,1119,1433,1568,1939,2021,2310,2616,2759]
[0,632,1119,2021,2310,2616,2759]
[0,632,1119,1433,2021,2310,2759]
[0,632,1119,1433,2021,2759]
[0,632,1119,1259,1433,1568,2021,2310,2616,2759]
[0,632,1119,1568,2021,2759]
[0,632,1119,1568,2021,2310,2616,2759]
[0,632,1119,1568,1939,2021,2310,2616,2759]
[0,632,1119,1433,2021,2310,2503,2759]
[0,1119,2021,2310,2759]
[0,632,1119,1259,1433,1568,1939,2021,2310,2616,2759]
[0,1119,2050,2759]
[0,632,1119,1433,1568,2021,2310,2616,2759]
[0,1060,2759]
[0,632,1119,1939,2021,2310,2503,2759]
[0,1060,2021,2759]
[0,632,1119,2021,2310,2503,2759]
[0,632,1119,1557,1939,2021,2310,2503,2759]
[0,1060,2021,2310,2759]
[0,632,1119,1259,2021,2310,2503,2759]
[0,632,1119,2021,2310,2759]
[0,632,1119,1259,1568,2021,2310,2616,2759]
[0,1119,2021,2759]
[0,632,1119,1557,2021,2310,2503,2759]
[0,632,1119,1557,2021,2759]
[0,1119,2759]
[0,632,1119,1433,1557,1939,2021,2310,2503,2759]
[0,632,1119,1259,1433,1557,2021,2310,2503,2759]
[0,2021,2759]
[0,632,1119,1557,2021,2310,2759]
[0,632,1119,1259,1433,1557,1939,2021,2310,2503,2759]
[0,632,1119,1433,1557,2021,2310,2503,2759]
