[0,535,943,1310,2211]
[0,765,1310,2211]
[0,256,535,647,943,1147,1310,1974,2211]
[0,256,535,647,809,882,943,1147,1310,2211]
[0,1278,2211]
[0,256,535,943,1310,1974,2211]
[0,256,535,647,809,943,1147,1310,2211]
[0,535,809,1310,2211]
[0,256,535,647,1310,2211]
[0,256,535,943,1147,1310,1974,2211]
[0,535,941,1278,2211]
[0,256,535,809,943,1147,1310,1974,2211]
[0,256,535,647,809,943,1147,1310,1974,2211]
[0,535,1278,2211]
[0,256,535,943,1310,2211]
[0,765,2211]
[0,535,809,882,943,1310,2211]
[0,256,535,647,943,1147,1310,2211]
[0,535,647,1310,2211]
[0,256,535,809,943,1310,2211]
[0,256,535,809,1310,2211]
[0,256,535,809,943,1147,1310,2211]
[0,535,1513,2211]
[0,256,535,889,1310,2211]
[0,1513,2211]
[0,1310,2211]
[0,256,535,809,882,943,1310,2211]
[0,535,889,1310,2211]
[0,535,647,943,1310,2211]
[0,535,941,1310,2211]
[0,256,535,647,882,943,1310,2211]
[0,535,809,943,1310,2211]
[0,535,647,882,943,1310,2211]
[0,256,647,1310,2211]
[0,535,1310,2211]
[0,256,535,647,809,882,943,1147,1310,1974,2211]
[0,647,1310,2211]
[0,535,943,1513,2211]
[0,535,2211]
[0,256,535,943,1147,1310,2211]
[0,256,535,809,882,943,1147,1310,2211]
[0,647,2211]
[0,256,535,647,943,1310,2211]
[0,256,535,647,882,943,1147,1310,2211]
[0,256,535,647,882,943,1147,1310,1974,2211]
