[0,276,636,975,1192,1912,2348,2864,2956]
[0,349,670,921,1191,1901,2348,2633,2956]
[0,670,1191,2956]
[0,670,1191,1901,2348,2956]
[0,276,636,975,1192,1983,2289,2956]
[0,636,1191,2956]
[0,276,636,1191,2956]
[0,670,2956]
[0,276,636,975,1192,1912,2348,2633,2956]
[0,541,1192,1983,2348,2956]
[0,349,1901,2956]
[0,541,1983,2348,2956]
[0,636,1191,1983,2289,2956]
[0,636,1223,1983,2348,2956]
[0,349,670,1191,1901,2348,2633,2956]
[0,636,1983,2956]
[0,541,1983,2956]
[0,276,636,1192,1983,2289,2956]
[0,670,1901,2956]
[0,349,1901,2348,2956]
[0,670,921,2956]
[0,636,1983,2348,2956]
[0,636,1192,1912,2348,2633,2956]
[0,636,1192,2956]
[0,276,636,1192,2956]
[0,276,636,1191,1983,2289,2956]
[0,660,2956]
[0,1192,1983,2956]
[0,636,1192,1912,2956]
[0,1191,1901,2348,2956]
[0,276,636,1223,1983,2956]
[0,636,1223,1983,2956]
[0,2275,2956]
[0,1901,2956]
[0,1912,2956]
[0,349,670,1191,1901,2348,2956]
[0,1191,1901,2956]
[0,636,1192,1912,2348,2956]
[0,276,636,1223,1983,2289,2956]
[0,349,2956]
[0,276,636,1191,1983,2956]
[0,349,1191,1901,2348,2956]
[0,636,1223,1983,2289,2956]
[0,276,636,975,1192,1912,2348,2956]
[0,349,670,921,1191,1901,2348,2956]
[0,276,636,1192,1912,2348,2633,2956]
[0,921,1901,2348,2956]
[0,276,636,1223,1983,2348,2956]
[0,670,1191,1901,2956]
[0,349,921,1901,2348,2956]
[0,1901,2348,2956]
[0,541,1192,1983,2956]
[0,349,670,921,1901,2348,2956]
[0,670,921,1901,2956]
[0,276,636,1192,1912,2348,2956]
[0,636,1912,2348,2956]
[0,636,1192,1983,2956]
[0,349,670,921,1191,1901,2097,2348,2864,2956]
[0,1983,2956]
[0,276,636,1192,1983,2956]
[0,660,2275,2956]
[0,636,1912,2956]
[0,636,1223,2956]
[0,636,2956]
[0,276,636,1223,2956]
[0,349,670,921,1191,1901,2097,2348,2633,2956]
[0,541,1192,2956]
[0,541,2956]
[0,670,1901,2348,2956]
[0,349,670,921,1191,1901,2097,2348,2956]
[0,636,1191,1983,2956]
[0,1192,2956]
[0,921,1901,2956]
[0,670,921,1901,2348,2956]
[0,636,1192,1983,2289,2956]
