[0,559,865,1026,1642]
[0,555,865,1077,1642]
[0,559,845,1026,1259,1381,1583,1642]
[0,555,1642]
[0,559,865,1026,1077,1156,1642]
[0,559,845,1026,1077,1127,1259,1381,1583,1642]
[0,559,845,1026,1642]
[0,559,865,1026,1256,1381,1642]
[0,559,845,1026,1077,1127,1259,1642]
[0,559,1642]
[0,559,845,1026,1259,1381,1642]
[0,559,865,1026,1127,1642]
[0,559,845,1026,1156,1642]
[0,559,865,1026,1077,1127,1642]
[0,559,845,1026,1077,1127,1259,1381,1642]
[0,559,865,1026,1156,1642]
[0,559,845,1127,1642]
[0,559,1026,1642]
[0,559,845,1026,1077,1156,1642]
[0,559,865,1256,1642]
[0,559,1259,1642]
[0,559,865,1027,1642]
[0,559,865,1642]
[0,559,845,1026,1077,1259,1381,1642]
[0,559,845,1642]
[0,559,845,1026,1127,1642]
[0,559,845,1259,1642]
[0,559,845,1026,1259,1642]
[0,559,865,1026,1077,1256,1381,1642]
[0,559,845,1026,1077,1127,1642]
[0,559,865,1026,1077,1127,1256,1642]
[0,555,865,1642]
[0,559,845,1026,1077,1259,1642]
[0,559,845,1026,1077,1259,1381,1583,1642]
[0,559,865,1026,1077,1127,1256,1381,1583,1642]
[0,559,865,1077,1642]
[0,559,865,1026,1077,1256,1381,1583,1642]
[0,559,865,1026,1077,1256,1642]
[0,559,865,1026,1077,1127,1256,1381,1642]
[0,559,865,1026,1256,1381,1583,1642]
[0,559,865,1026,1256,1642]
[0,559,1256,1642]
