[0,48,711,1189,1419]
[0,711,1044,1189,1419]
[0,48,213,711,1044,1189,1419]
[0,213,711,1189,1419]
[0,238,711,994,1189,1419]
[0,711,994,1189,1419]
[0,724,1189,1419]
[0,48,724,1189,1419]
[0,1189,1419]
[0,48,238,711,1189,1419]
[0,1044,1419]
[0,48,238,711,1044,1189,1419]
[0,213,724,1189,1419]
[0,48,724,1044,1189,1419]
[0,213,724,1044,1189,1419]
[0,238,711,1189,1419]
[0,48,238,711,994,1189,1419]
[0,724,1044,1189,1419]
[0,48,213,724,1044,1189,1419]
[0,238,711,1419]
[0,711,1189,1419]
[0,48,1189,1419]
[0,238,711,1044,1189,1419]
[0,711,1419]
[0,724,1185,1419]
[0,68,724,1185,1419]
[0,68,711,1189,1419]
[0,1185,1419]
[0,724,1419]
[0,48,711,1044,1189,1419]
[0,213,711,1044,1189,1419]
