[0,326,2122,2554]
[0,326,773,1632,2122,2554]
[0,326,773,1048,1632,1789,2179,2554]
[0,326,773,1048,1632,2122,2554]
[0,326,1191,1632,2122,2554]
[0,305,1191,1632,1789,2122,2554]
[0,326,470,773,1048,1353,1632,1789,2122,2554]
[0,773,2554]
[0,326,1048,1632,2179,2554]
[0,326,1048,1632,2122,2554]
[0,326,2179,2554]
[0,326,470,773,2122,2554]
[0,326,2554]
[0,326,773,1048,1632,2179,2554]
[0,1191,1632,2122,2554]
[0,326,1048,1632,1789,2122,2554]
[0,326,1789,2554]
[0,2221,2554]
[0,2122,2554]
[0,326,1048,1632,1789,2179,2554]
[0,1048,1632,2554]
[0,1191,2554]
[0,326,470,773,1353,1632,1789,2122,2554]
[0,773,1789,2554]
[0,2179,2554]
[0,326,1669,2122,2554]
[0,305,1632,1789,2122,2554]
[0,771,2554]
[0,1048,1632,2122,2554]
[0,1789,2554]
[0,326,773,1353,1632,1789,2122,2554]
[0,326,1632,2221,2554]
[0,326,1632,2179,2554]
[0,326,1632,2122,2554]
[0,773,1632,2554]
[0,326,1191,1632,1789,2122,2554]
[0,326,470,773,1048,1632,1789,2122,2554]
[0,305,1191,1632,2122,2554]
[0,1048,1632,2179,2554]
[0,326,1353,1632,2122,2554]
[0,326,773,1353,1632,2122,2554]
[0,1632,2122,2554]
[0,1669,2122,2554]
[0,771,1789,2554]
[0,773,1632,2122,2554]
[0,326,470,1353,1632,1789,2122,2554]
[0,326,470,773,1048,1632,1789,2179,2554]
[0,1632,2221,2554]
[0,326,1353,1632,2221,2554]
[0,326,773,2122,2554]
[0,326,773,1048,1353,1632,1789,2122,2554]
[0,326,1353,1632,1789,2122,2554]
[0,326,1632,1789,2221,2554]
[0,1632,2554]
[0,1632,2179,2554]
[0,326,773,1048,1632,1789,2122,2554]
[0,326,1353,1632,1789,2221,2554]
[0,1191,1632,2554]
[0,305,1632,2122,2554]
[0,326,773,1048,1353,1632,2122,2554]
[0,773,2122,2554]
[0,305,2122,2554]
[0,326,1632,1789,2179,2554]
[0,1669,2554]
[0,326,2221,2554]
[0,326,1632,1789,2122,2554]
