[0,191,344,764,1465]
[0,191,764,1465]
[0,112,248,1465]
[0,93,149,344,690,764,1465]
[0,93,1465]
[0,149,344,690,764,1465]
[0,764,1465]
[0,93,191,1465]
[0,93,191,344,690,764,1465]
[0,93,191,344,1465]
[0,93,149,344,764,1465]
[0,149,344,862,1465]
[0,93,149,1465]
[0,112,1465]
[0,112,344,1465]
[0,344,862,1465]
[0,191,1465]
[0,149,344,690,862,1465]
[0,112,248,764,1465]
[0,93,191,764,1465]
[0,93,191,344,764,1465]
[0,93,149,344,690,862,1465]
[0,149,344,1465]
[0,149,1465]
[0,248,1465]
[0,862,1465]
[0,93,344,1465]
[0,93,191,690,764,1465]
[0,344,690,862,1465]
[0,112,248,690,764,1465]
[0,93,149,344,862,1465]
[0,191,344,1465]
[0,248,764,1465]
[0,149,344,764,1465]
[0,344,764,1465]
[0,344,1465]
[0,93,149,344,1465]
