[0,547,837,1197]
[0,279,547,837,1197]
[0,150,547,618,837,1039,1147,1197]
[0,279,1147,1197]
[0,125,547,1039,1197]
[0,279,1039,1197]
[0,150,1039,1197]
[0,547,1039,1197]
[0,125,279,547,837,1197]
[0,150,547,837,1197]
[0,547,837,1147,1197]
[0,279,547,1039,1197]
[0,279,1197]
[0,125,547,837,1039,1197]
[0,150,547,1039,1197]
[0,279,547,1197]
[0,423,1030,1197]
[0,547,837,1039,1197]
[0,150,547,837,1039,1147,1197]
[0,150,547,618,837,1039,1197]
[0,125,547,837,1147,1197]
[0,547,1197]
[0,150,547,837,1147,1197]
[0,150,547,837,1039,1197]
[0,125,279,547,837,1039,1147,1197]
[0,125,279,547,618,837,1039,1197]
[0,837,1197]
[0,125,547,837,1197]
[0,279,837,1147,1197]
[0,279,837,1197]
[0,279,547,837,1147,1197]
[0,125,279,547,837,1147,1197]
[0,279,547,837,1039,1197]
[0,125,279,547,837,1039,1197]
[0,125,279,547,618,837,1039,1147,1197]
[0,150,1197]
[0,1039,1197]
[0,423,1197]
