[0,61,176,254,331,423,588,718,847,922]
[0,176,423,588,718,922]
[0,331,922]
[0,331,588,728,922]
[0,176,331,423,588,718,922]
[0,176,331,423,588,718,842,922]
[0,61,331,588,718,842,922]
[0,331,423,588,718,847,922]
[0,423,922]
[0,331,470,588,718,847,922]
[0,176,423,922]
[0,359,922]
[0,61,331,470,588,718,842,922]
[0,61,331,588,728,922]
[0,61,331,470,588,761,922]
[0,61,176,254,331,423,588,718,842,922]
[0,331,470,588,718,922]
[0,331,588,718,847,922]
[0,176,254,331,423,588,718,847,922]
[0,331,423,588,718,842,922]
[0,331,423,588,718,922]
[0,331,470,588,718,842,922]
[0,61,331,470,588,922]
[0,61,254,331,423,588,718,847,922]
[0,254,331,423,588,718,847,922]
[0,423,588,718,847,922]
[0,331,588,718,842,922]
[0,61,331,470,588,718,847,922]
[0,176,254,331,423,588,718,842,922]
[0,176,423,588,922]
[0,176,254,331,423,588,718,922]
[0,61,331,423,588,718,847,922]
[0,331,588,718,922]
[0,331,588,922]
[0,61,423,588,718,847,922]
[0,61,331,423,588,718,842,922]
[0,331,470,588,761,922]
[0,254,331,423,588,718,922]
[0,61,331,588,922]
[0,254,331,423,588,718,842,922]
[0,423,588,718,842,922]
[0,61,331,588,718,847,922]
[0,423,588,718,922]
[0,423,588,922]
[0,61,359,922]
[0,61,331,470,588,718,922]
[0,331,470,588,922]
[0,61,331,588,718,922]
[0,61,254,331,423,588,718,842,922]
[0,61,423,588,718,842,922]
[0,331,588,761,922]
