[0,44,527,876,969]
[0,135,542,969]
[0,135,527,876,969]
[0,44,135,226,291,465,542,876,969]
[0,135,226,465,542,876,969]
[0,135,876,969]
[0,527,876,969]
[0,527,969]
[0,44,135,527,876,969]
[0,542,876,969]
[0,135,226,291,465,542,876,969]
[0,44,135,465,542,876,969]
[0,135,969]
[0,542,969]
[0,135,527,969]
[0,465,969]
[0,135,226,542,876,969]
[0,44,465,542,876,969]
[0,44,542,876,969]
[0,465,542,876,969]
[0,44,969]
[0,44,876,969]
[0,135,465,542,876,969]
[0,44,135,226,465,542,876,969]
[0,44,135,876,969]
[0,135,542,876,969]
[0,135,465,969]
[0,876,969]
[0,135,465,542,969]
