[0,1208,1427]
[0,1241,1427]
[0,939,1238,1302,1427]
[0,1208,1284,1327,1427]
[0,846,1241,1427]
[0,653,1427]
[0,939,1427]
[0,1238,1427]
[0,939,1208,1284,1327,1427]
[0,653,939,1241,1302,1427]
[0,939,1208,1427]
[0,653,939,1427]
[0,1241,1302,1427]
[0,928,1427]
[0,1284,1427]
[0,653,846,1241,1302,1427]
[0,846,1427]
[0,928,1238,1302,1427]
[0,653,1302,1427]
[0,653,928,1427]
[0,939,1241,1427]
[0,939,1241,1302,1427]
[0,653,939,1238,1302,1427]
[0,846,1241,1302,1427]
[0,1238,1302,1427]
[0,653,939,1208,1427]
[0,653,939,1241,1427]
[0,1284,1327,1427]
[0,939,1208,1284,1427]
[0,928,1238,1427]
[0,653,928,1238,1302,1427]
[0,653,846,1427]
[0,939,1238,1427]
[0,653,939,1208,1284,1327,1427]
[0,928,1284,1427]
[0,653,928,1238,1427]
[0,653,846,1241,1427]
[0,1208,1284,1427]
[0,653,928,1284,1427]
[0,653,939,1208,1284,1427]
[0,653,939,1238,1427]
[0,653,846,1302,1427]
