[0,60,200,323,545,923,1046]
[0,60,200,323,545,695,884,1046]
[0,155,323,446,545,790,923,1046]
[0,60,323,545,591,923,1046]
[0,323,554,1046]
[0,200,323,446,626,842,1046]
[0,545,626,923,1046]
[0,326,586,1046]
[0,323,545,626,923,1046]
[0,323,545,605,1046]
[0,60,323,446,1046]
[0,200,323,446,1046]
[0,60,323,545,1046]
[0,200,323,545,1046]
[0,323,446,554,626,842,1046]
[0,200,323,545,605,884,1046]
[0,60,545,695,884,1046]
[0,60,200,323,446,1046]
[0,200,323,545,605,1046]
[0,200,323,446,554,626,842,1046]
[0,545,605,1046]
[0,155,323,545,790,923,1046]
[0,60,200,323,446,554,923,1046]
[0,60,200,323,545,692,923,1046]
[0,60,545,1046]
[0,200,323,446,554,923,1046]
[0,60,326,586,1046]
[0,200,326,586,1046]
[0,323,545,884,1046]
[0,60,200,323,545,605,1046]
[0,60,545,591,1046]
[0,446,626,842,1046]
[0,586,1046]
[0,323,545,605,884,1046]
[0,323,545,695,884,1046]
[0,545,884,1046]
[0,200,326,586,884,1046]
[0,60,323,545,591,692,923,1046]
[0,60,545,626,1046]
[0,60,200,323,554,626,842,1046]
[0,60,200,323,446,923,1046]
[0,60,200,326,586,884,1046]
[0,200,323,545,695,884,1046]
[0,323,545,923,1046]
[0,323,446,626,842,1046]
[0,323,554,842,1046]
[0,60,323,545,626,923,1046]
[0,626,842,1046]
[0,60,323,545,923,1046]
[0,586,884,1046]
[0,200,323,545,923,1046]
[0,545,923,1046]
[0,323,446,554,923,1046]
[0,554,842,1046]
[0,323,545,692,923,1046]
[0,200,323,554,626,842,1046]
[0,60,323,446,545,790,923,1046]
[0,323,554,626,842,1046]
[0,554,1046]
[0,842,1046]
[0,554,626,1046]
[0,591,1046]
[0,60,155,323,446,545,790,923,1046]
[0,323,446,1046]
[0,323,586,884,1046]
[0,323,545,1046]
[0,60,323,545,605,1046]
[0,60,545,605,1046]
[0,60,545,695,1046]
[0,60,323,545,692,923,1046]
[0,323,545,790,1046]
[0,60,323,545,790,923,1046]
[0,60,446,1046]
[0,923,1046]
[0,60,323,554,626,842,1046]
[0,323,545,695,1046]
[0,60,200,323,545,1046]
[0,626,1046]
[0,545,790,1046]
[0,200,323,545,692,923,1046]
[0,323,446,545,790,923,1046]
[0,323,586,1046]
[0,323,446,842,1046]
[0,60,200,323,446,554,626,842,1046]
[0,99,586,884,1046]
[0,545,695,1046]
[0,200,323,545,884,1046]
[0,884,1046]
[0,60,200,323,545,591,695,884,1046]
[0,60,323,545,695,884,1046]
[0,60,1046]
[0,545,695,884,1046]
[0,446,842,1046]
[0,99,884,1046]
[0,155,323,545,1046]
[0,60,323,545,591,1046]
[0,323,446,923,1046]
[0,155,323,545,923,1046]
[0,323,545,790,923,1046]
[0,60,545,692,1046]
[0,545,591,1046]
[0,60,200,323,545,591,923,1046]
[0,155,545,1046]
[0,323,545,626,1046]
[0,323,545,692,1046]
[0,99,323,586,884,1046]
[0,60,200,323,545,591,1046]
[0,200,323,446,923,1046]
[0,446,923,1046]
[0,60,586,1046]
[0,545,626,1046]
[0,554,884,1046]
[0,545,692,1046]
[0,60,200,323,545,591,692,923,1046]
[0,545,692,923,1046]
[0,60,200,326,586,1046]
[0,155,323,545,790,1046]
[0,554,626,842,1046]
[0,60,545,626,923,1046]
[0,60,545,692,923,1046]
[0,326,586,884,1046]
[0,200,323,554,842,1046]
[0,446,1046]
[0,60,200,323,545,605,884,1046]
[0,60,554,626,842,1046]
[0,545,1046]
