[0,130,205,324,419,469,618,895,1046]
[0,130,205,469,618,1046]
[0,130,205,250,324,614,895,1046]
[0,205,250,895,1046]
[0,324,614,1046]
[0,205,716,1046]
[0,130,205,250,324,1046]
[0,130,324,895,1046]
[0,130,205,469,618,895,1046]
[0,205,250,419,722,895,1046]
[0,205,250,419,614,895,1046]
[0,130,324,614,895,1046]
[0,205,469,614,1046]
[0,419,1046]
[0,130,324,469,614,895,1046]
[0,205,614,895,1046]
[0,250,324,1046]
[0,130,324,469,618,1046]
[0,130,205,419,469,618,895,1046]
[0,205,722,895,1046]
[0,205,250,419,469,614,1046]
[0,205,469,614,895,1046]
[0,324,1046]
[0,324,469,614,895,1046]
[0,618,895,1046]
[0,205,895,1046]
[0,205,419,614,1046]
[0,324,895,1046]
[0,130,205,250,324,618,1046]
[0,205,250,618,895,1046]
[0,722,1046]
[0,419,469,614,1046]
[0,614,1046]
[0,130,205,324,419,469,618,1046]
[0,205,250,1046]
[0,130,324,469,618,895,1046]
[0,205,618,895,1046]
[0,130,205,895,1046]
[0,205,469,618,895,1046]
[0,130,205,614,895,1046]
[0,419,469,618,895,1046]
[0,130,205,469,614,1046]
[0,205,419,469,618,1046]
[0,205,419,469,618,895,1046]
[0,419,614,1046]
[0,130,324,618,1046]
[0,419,469,614,895,1046]
[0,205,250,614,1046]
[0,130,205,419,469,618,1046]
[0,130,205,419,469,614,895,1046]
[0,205,722,1046]
[0,419,722,1046]
[0,469,618,1046]
[0,895,1046]
[0,130,205,324,469,618,895,1046]
[0,205,250,614,895,1046]
[0,205,250,716,895,1046]
[0,419,614,895,1046]
[0,205,250,618,1046]
[0,205,419,614,895,1046]
[0,716,1046]
[0,205,614,1046]
[0,130,205,1046]
[0,205,419,722,895,1046]
[0,205,419,469,614,895,1046]
[0,130,205,324,1046]
[0,324,469,618,895,1046]
[0,205,618,1046]
[0,469,895,1046]
[0,205,419,722,1046]
[0,205,469,618,1046]
[0,205,250,419,469,618,895,1046]
[0,324,618,1046]
[0,130,324,1046]
[0,324,614,895,1046]
[0,130,205,324,419,469,614,895,1046]
[0,205,1046]
[0,130,205,469,614,895,1046]
[0,130,205,250,324,419,469,618,895,1046]
[0,130,205,614,1046]
[0,130,205,250,324,419,469,618,1046]
[0,205,250,419,469,614,895,1046]
[0,205,250,419,614,1046]
[0,130,205,324,469,618,1046]
[0,205,250,716,1046]
[0,130,205,618,1046]
[0,130,205,250,324,469,614,895,1046]
[0,469,1046]
[0,324,853,1046]
[0,205,419,895,1046]
[0,130,205,250,618,1046]
[0,130,205,419,469,614,1046]
[0,205,250,469,618,1046]
[0,205,250,419,469,618,1046]
[0,130,205,250,324,419,469,614,895,1046]
[0,130,205,250,324,469,618,1046]
[0,205,419,469,614,1046]
[0,130,205,324,618,1046]
[0,614,895,1046]
[0,205,250,324,1046]
[0,716,895,1046]
[0,469,618,895,1046]
[0,130,205,250,324,895,1046]
[0,130,205,324,469,614,895,1046]
[0,205,419,1046]
[0,205,716,895,1046]
[0,419,469,618,1046]
[0,324,469,618,1046]
[0,618,1046]
[0,205,250,419,895,1046]
[0,130,205,324,895,1046]
[0,130,205,324,614,895,1046]
