[0,197,308,419,508,1589,1785,1911]
[0,201,419,526,1589,1911]
[0,201,419,526,1589,1785,1911]
[0,201,429,1589,1911]
[0,419,1589,1911]
[0,201,419,1589,1911]
[0,1589,1911]
[0,197,308,419,539,1589,1785,1911]
[0,197,419,526,1589,1911]
[0,429,1911]
[0,197,419,1589,1785,1911]
[0,197,308,419,526,1589,1785,1911]
[0,197,419,526,1589,1785,1911]
[0,419,1911]
[0,197,241,308,419,508,1589,1785,1911]
[0,197,308,419,1589,1785,1911]
[0,197,419,1589,1911]
[0,197,241,308,419,539,1589,1785,1911]
[0,197,419,539,1589,1785,1911]
[0,201,419,1589,1785,1911]
[0,429,1589,1911]
[0,197,241,308,419,526,1589,1785,1911]
[0,197,419,508,1589,1785,1911]
