[0,219,426,732,1051,1182,1419]
[0,159,430,734,1133,1419]
[0,134,426,732,843,1051,1182,1419]
[0,190,430,732,843,1051,1176,1419]
[0,732,1051,1182,1419]
[0,159,430,734,1051,1176,1419]
[0,134,732,1051,1182,1419]
[0,734,1051,1419]
[0,430,734,1133,1419]
[0,426,732,1051,1419]
[0,159,734,1051,1176,1419]
[0,190,732,1051,1182,1419]
[0,134,732,1419]
[0,430,732,1051,1419]
[0,159,430,734,1051,1419]
[0,134,426,732,1051,1182,1419]
[0,430,734,1419]
[0,134,426,732,1419]
[0,430,734,1051,1419]
[0,134,732,1051,1419]
[0,190,732,1051,1419]
[0,190,430,732,795,1051,1176,1419]
[0,190,430,732,1051,1419]
[0,219,732,1051,1182,1419]
[0,426,732,1182,1419]
[0,134,1419]
[0,159,734,1133,1419]
[0,219,1051,1419]
[0,159,430,734,843,1051,1176,1419]
[0,190,430,732,795,1051,1182,1419]
[0,190,430,732,1051,1176,1419]
[0,732,1051,1176,1419]
[0,134,426,732,1051,1419]
[0,426,732,1419]
[0,734,1133,1419]
[0,219,732,1051,1419]
[0,219,1419]
[0,219,426,732,843,1051,1182,1419]
[0,734,1051,1176,1419]
[0,159,734,1051,1419]
[0,219,734,1133,1419]
[0,732,1419]
[0,426,1419]
[0,1051,1419]
[0,219,426,732,1051,1419]
[0,734,1419]
[0,190,430,732,1051,1182,1419]
[0,732,1051,1419]
[0,190,732,1051,1176,1419]
