[0,461,789,949,1146,1327]
[0,316,516,1146,1327]
[0,126,316,516,789,949,1146,1327]
[0,316,522,1146,1327]
[0,126,316,516,1327]
[0,316,522,1327]
[0,499,949,1146,1327]
[0,949,1146,1327]
[0,316,949,1327]
[0,148,506,949,1146,1327]
[0,148,506,789,949,1146,1327]
[0,789,949,1146,1327]
[0,126,316,516,949,1146,1327]
[0,148,390,506,789,949,1146,1327]
[0,148,461,789,949,1146,1327]
[0,148,390,506,949,1146,1327]
[0,148,499,1146,1327]
[0,148,499,1327]
[0,148,499,928,1146,1327]
[0,148,461,1146,1327]
[0,148,316,461,1327]
[0,148,316,516,1327]
[0,148,316,516,789,949,1146,1327]
[0,410,949,1327]
[0,461,949,1327]
[0,148,316,516,1146,1214,1327]
[0,148,461,1327]
[0,148,516,1327]
[0,126,316,516,1146,1327]
[0,148,316,522,1327]
[0,316,522,949,1146,1327]
[0,148,499,789,949,1146,1327]
[0,506,949,1146,1327]
[0,148,522,1327]
[0,499,789,949,1146,1327]
[0,506,1146,1327]
[0,461,949,1146,1327]
[0,126,316,516,789,949,1146,1214,1327]
[0,148,316,461,949,1146,1327]
[0,148,316,522,949,1146,1327]
[0,148,390,506,1327]
[0,461,1146,1327]
[0,148,506,1146,1327]
[0,505,1327]
[0,516,1327]
[0,148,1327]
[0,148,506,1327]
[0,148,316,461,1146,1327]
[0,126,316,516,1146,1214,1327]
[0,506,789,949,1146,1327]
[0,148,316,516,949,1146,1327]
[0,126,316,516,949,1146,1214,1327]
[0,316,516,789,949,1146,1327]
[0,410,1327]
[0,499,949,1327]
[0,522,1327]
[0,949,1327]
[0,316,516,949,1146,1327]
[0,148,505,1327]
[0,148,461,949,1146,1327]
[0,148,316,461,789,949,1146,1327]
[0,148,316,522,789,949,1146,1214,1327]
[0,506,949,1327]
[0,506,1327]
[0,148,316,516,789,949,1146,1214,1327]
[0,316,516,949,1327]
[0,148,499,949,1146,1327]
[0,316,522,789,949,1146,1327]
[0,316,522,949,1327]
[0,499,1327]
[0,148,316,516,1146,1327]
[0,499,1146,1327]
[0,499,928,1146,1327]
[0,148,316,522,1146,1327]
[0,499,928,1327]
[0,148,316,522,789,949,1146,1327]
[0,316,1327]
[0,316,461,1327]
[0,316,516,1327]
[0,461,1327]
[0,148,316,516,949,1146,1214,1327]
[0,148,390,506,1146,1327]
