[0,1358,2067,2824]
[0,1370,1940,2067,2684,2824]
[0,1370,2067,2824]
[0,1179,2067,2228,2630,2824]
[0,1179,1370,2067,2228,2824]
[0,1179,1286,1370,1940,2067,2228,2630,2684,2824]
[0,1179,1370,2684,2824]
[0,1179,2824]
[0,1179,1370,2067,2228,2684,2824]
[0,1370,2824]
[0,1068,1370,2067,2630,2824]
[0,1179,1370,1940,2067,2228,2630,2824]
[0,1370,2630,2824]
[0,1179,1370,2824]
[0,1179,2684,2824]
[0,1179,1370,1940,2067,2684,2824]
[0,1179,2067,2630,2824]
[0,1370,2067,2684,2824]
[0,1179,1370,2067,2630,2824]
[0,1179,2096,2824]
[0,1179,1370,2096,2684,2824]
[0,1179,1370,2096,2824]
[0,1068,1370,1940,2067,2228,2630,2824]
[0,1068,1370,2067,2824]
[0,1068,1370,2824]
[0,1358,2067,2684,2824]
[0,1179,2067,2824]
[0,1179,2067,2228,2684,2824]
[0,1358,2684,2824]
[0,1179,1370,2067,2824]
[0,1068,1370,1940,2067,2228,2630,2684,2824]
[0,1068,1370,2630,2824]
[0,1358,2824]
[0,1179,1286,1370,1940,2067,2228,2630,2824]
[0,1179,1370,2067,2228,2630,2824]
[0,1179,1370,1940,2067,2228,2684,2824]
[0,1370,2684,2824]
[0,1179,2630,2824]
[0,1179,2067,2684,2824]
[0,1068,1370,2067,2228,2630,2824]
[0,1179,1370,2067,2684,2824]
[0,1179,1370,2630,2824]
[0,1179,2067,2228,2824]
