[0,602,845,2388,2956]
[0,602,823,1218,2479,2956]
[0,602,823,1218,2479,2725,2956]
[0,602,823,2479,2725,2956]
[0,602,1218,2479,2956]
[0,602,1633,2479,2956]
[0,1353,2479,2956]
[0,602,2479,2725,2956]
[0,756,1379,2956]
[0,602,823,1218,1379,2107,2388,2480,2725,2956]
[0,186,756,1353,1633,2480,2956]
[0,186,1353,1633,2956]
[0,602,845,1218,2107,2388,2956]
[0,602,823,2956]
[0,602,845,2956]
[0,602,1633,2956]
[0,602,1633,2479,2725,2956]
[0,186,602,845,1218,1379,2107,2388,2479,2725,2956]
[0,602,823,1353,1633,2479,2956]
[0,602,823,1353,1633,2956]
[0,602,823,1353,2956]
[0,845,2479,2956]
[0,602,823,1218,1379,2479,2725,2956]
[0,602,1353,1633,2956]
[0,186,602,823,1218,1379,2107,2388,2725,2956]
[0,756,1633,2480,2956]
[0,756,1353,1633,2479,2725,2956]
[0,756,1379,2107,2480,2956]
[0,602,823,1218,1379,2107,2388,2956]
[0,186,1353,1633,2479,2725,2956]
[0,186,1353,1633,2480,2956]
[0,602,823,2107,2388,2725,2956]
[0,1353,1633,2479,2725,2956]
[0,1353,1633,2479,2956]
[0,756,1379,2480,2956]
[0,602,823,1218,2956]
[0,1353,1633,2956]
[0,602,823,1353,1633,2479,2725,2956]
[0,1353,2480,2956]
[0,186,756,1353,1633,2479,2725,2956]
[0,186,756,2956]
[0,1633,2956]
[0,602,1379,2956]
[0,186,602,823,1218,2107,2388,2725,2956]
[0,186,602,823,1218,2479,2725,2956]
[0,602,1218,2956]
[0,186,1353,1633,2479,2956]
[0,602,823,1218,1379,2107,2388,2725,2956]
[0,602,823,1218,2107,2388,2725,2956]
[0,186,756,1379,2956]
[0,845,2956]
[0,756,1353,1633,2479,2956]
[0,186,602,823,1353,1633,2479,2725,2956]
[0,602,823,1218,1379,2479,2956]
[0,602,2107,2388,2725,2956]
[0,756,1633,2956]
[0,186,602,845,1218,1379,2107,2388,2725,2956]
[0,602,845,1218,2107,2388,2725,2956]
[0,602,845,2107,2388,2956]
[0,186,2956]
[0,602,823,2388,2956]
[0,602,1379,2388,2956]
[0,602,1218,2479,2725,2956]
[0,602,1353,1633,2479,2725,2956]
[0,186,602,1379,2107,2388,2956]
[0,602,1353,1633,2479,2956]
[0,602,2956]
[0,1379,2956]
[0,602,823,1218,2107,2388,2480,2956]
[0,602,1218,2107,2388,2956]
[0,602,1379,2107,2388,2956]
[0,1218,2956]
[0,756,2956]
[0,2479,2956]
[0,602,1379,2107,2388,2725,2956]
[0,602,2388,2956]
[0,602,845,2107,2388,2725,2956]
[0,602,823,1218,1379,2107,2388,2480,2956]
[0,756,1633,2479,2725,2956]
[0,602,1218,2388,2956]
[0,602,2107,2388,2956]
[0,756,1353,1633,2480,2956]
[0,186,1353,2956]
[0,186,602,845,2107,2388,2725,2956]
[0,186,756,1379,2479,2956]
[0,186,602,823,1218,1379,2107,2388,2480,2725,2956]
[0,602,823,1218,2107,2388,2956]
[0,602,823,2107,2388,2956]
[0,602,1353,2956]
[0,602,823,2479,2956]
[0,186,602,823,1218,1379,2479,2725,2956]
[0,602,823,2107,2388,2480,2956]
[0,756,1633,2479,2956]
[0,602,823,1218,1379,2956]
[0,186,602,823,2479,2725,2956]
[0,186,756,1379,2107,2480,2956]
[0,186,602,1379,2107,2388,2725,2956]
[0,602,2479,2956]
[0,602,1218,2107,2388,2725,2956]
[0,186,602,845,1218,2107,2388,2725,2956]
[0,1353,2956]
[0,1353,1633,2480,2956]
[0,186,756,1379,2480,2956]
[0,602,845,1218,1379,2107,2388,2725,2956]
[0,186,602,1379,2388,2956]
[0,756,1379,2479,2956]
