[0,1954,2211]
[0,384,2058,2211]
[0,486,1609,2211]
[0,94,534,737,2058,2211]
[0,1364,2211]
[0,94,534,737,1364,2058,2211]
[0,384,724,923,1117,1364,2211]
[0,534,1364,2211]
[0,262,1954,2211]
[0,384,680,2211]
[0,534,737,2211]
[0,94,534,2058,2211]
[0,534,2211]
[0,384,680,923,2211]
[0,148,2058,2211]
[0,384,680,923,1117,1364,1954,2058,2211]
[0,384,1188,1364,2211]
[0,384,724,1117,1364,2211]
[0,384,680,923,1117,1364,2211]
[0,534,737,1188,1364,2058,2211]
[0,384,724,2211]
[0,384,1188,2211]
[0,384,724,1364,2211]
[0,94,384,724,923,2058,2211]
[0,188,2211]
[0,384,2211]
[0,384,724,923,1117,2211]
[0,384,680,1117,1364,2211]
[0,384,1188,1364,2058,2211]
[0,384,680,923,2058,2211]
[0,94,384,680,923,1117,1364,1954,2058,2211]
[0,94,384,680,923,2058,2211]
[0,534,737,1188,1364,2211]
[0,94,384,680,2058,2211]
[0,384,724,923,2211]
[0,94,384,680,923,1117,1364,2058,2211]
[0,384,1364,2211]
[0,384,724,923,1117,1364,2058,2211]
[0,534,737,2058,2211]
[0,384,680,2058,2211]
[0,94,2058,2211]
[0,384,724,923,2058,2211]
[0,94,384,724,923,1117,2058,2211]
[0,262,2211]
[0,94,534,737,1188,1364,2058,2211]
[0,1609,2211]
[0,2058,2211]
[0,94,384,2058,2211]
[0,384,724,923,1117,2058,2211]
[0,188,2058,2211]
[0,94,384,1188,2058,2211]
[0,384,724,2058,2211]
[0,384,680,923,1117,1364,2058,2211]
[0,94,384,680,923,1117,2058,2211]
[0,384,680,1364,2211]
[0,534,2058,2211]
[0,94,384,724,2058,2211]
[0,94,384,1188,1364,1954,2058,2211]
[0,534,737,1364,2211]
[0,384,1188,1364,1954,2058,2211]
[0,384,1188,2058,2211]
[0,94,384,724,923,1117,1364,2058,2211]
[0,94,384,1188,1364,2058,2211]
[0,1188,2211]
[0,384,680,923,1117,2211]
[0,534,737,1364,2058,2211]
[0,384,680,923,1117,2058,2211]
