[0,105,447,953,1193,1465]
[0,196,447,1200,1465]
[0,196,306,447,760,953,1207,1465]
[0,1200,1465]
[0,447,1119,1465]
[0,196,447,760,953,1207,1465]
[0,105,447,1193,1465]
[0,105,447,1021,1207,1465]
[0,1193,1465]
[0,447,977,1200,1465]
[0,196,447,953,1193,1465]
[0,447,953,1193,1465]
[0,447,1465]
[0,196,447,1193,1465]
[0,447,1207,1465]
[0,196,271,447,563,760,953,1193,1465]
[0,447,1001,1193,1465]
[0,1098,1465]
[0,447,1021,1207,1465]
[0,196,447,563,760,953,1193,1465]
[0,105,196,271,447,563,760,953,1060,1193,1465]
[0,447,1200,1465]
[0,196,447,977,1200,1465]
[0,105,196,447,563,760,953,1193,1465]
[0,105,196,447,563,760,953,1060,1193,1465]
[0,196,447,563,760,953,1060,1193,1465]
[0,105,447,953,1207,1465]
[0,105,447,1207,1465]
[0,360,1098,1465]
[0,196,447,760,953,1193,1465]
[0,447,1193,1465]
[0,105,196,271,447,563,760,953,1193,1465]
[0,196,447,953,1207,1465]
[0,447,953,1207,1465]
[0,105,447,1001,1193,1465]
[0,196,447,1021,1207,1465]
[0,1119,1465]
[0,1207,1465]
[0,196,447,1119,1465]
[0,196,447,1207,1465]
