[0,496,2020]
[0,241,1018,1557,2020]
[0,241,487,689,1244,1557,2020]
[0,119,241,355,487,1244,1461,1557,2020]
[0,119,241,487,1244,1557,1823,2020]
[0,241,355,634,1244,1557,2020]
[0,241,487,689,1244,1557,1823,2020]
[0,119,241,355,487,1244,1461,2020]
[0,1244,2020]
[0,241,487,1018,1244,1557,2020]
[0,119,241,355,487,689,1244,1557,1823,2020]
[0,241,355,634,1244,1461,1557,1823,2020]
[0,119,241,634,1244,1557,2020]
[0,119,241,355,487,1244,1557,1823,2020]
[0,241,689,1244,1557,1823,2020]
[0,496,1061,1557,2020]
[0,241,487,1244,1461,2020]
[0,689,1461,2020]
[0,119,241,634,1244,1461,1557,2020]
[0,689,2020]
[0,1061,2020]
[0,119,241,355,487,1244,1557,2020]
[0,241,634,1244,1557,1823,2020]
[0,487,1461,2020]
[0,241,689,1244,1461,2020]
[0,119,241,487,689,1244,1557,1823,2020]
[0,241,689,1557,2020]
[0,689,1557,2020]
[0,1461,2020]
[0,1244,1557,2020]
[0,119,241,487,1244,1461,2020]
[0,119,241,487,1018,1244,1557,1823,2020]
[0,487,1244,1557,2020]
[0,241,634,1244,1557,2020]
[0,241,487,1244,1557,1823,2020]
[0,241,689,1244,1461,1557,1823,2020]
[0,241,487,1244,1557,2020]
[0,241,496,1244,1557,2020]
[0,634,1557,2020]
[0,119,241,355,487,1018,1244,1461,1557,1823,2020]
[0,119,241,634,1244,1461,2020]
[0,241,487,1461,2020]
[0,1018,2020]
[0,1557,2020]
[0,241,634,1461,2020]
[0,487,2020]
[0,241,1244,1557,2020]
[0,241,689,1244,1557,2020]
[0,241,1557,2020]
[0,119,241,487,1244,1557,2020]
[0,1018,1557,2020]
[0,496,1557,2020]
[0,241,355,487,1244,1461,2020]
[0,634,2020]
[0,241,689,1461,2020]
[0,119,241,355,487,1244,1461,1557,1823,2020]
[0,119,241,689,1244,1557,1823,2020]
[0,241,634,2020]
[0,634,1244,1557,2020]
[0,241,689,2020]
[0,241,634,1244,1461,2020]
[0,241,487,1018,1244,1557,1823,2020]
[0,119,241,689,1244,1461,2020]
[0,241,355,634,1244,1557,1823,2020]
[0,634,1461,2020]
[0,496,1061,2020]
[0,689,1244,1557,2020]
[0,119,241,355,487,689,1244,1461,1557,1823,2020]
[0,241,1061,1557,2020]
[0,119,241,355,487,1018,1244,1557,1823,2020]
[0,1061,1557,2020]
[0,119,241,689,1244,1461,1557,2020]
[0,241,355,487,1244,1557,2020]
[0,241,496,1061,1557,2020]
[0,241,1461,2020]
[0,119,241,689,1244,1461,1557,1823,2020]
[0,241,1244,1461,2020]
[0,241,355,634,1244,1461,1557,2020]
[0,241,689,1244,1461,1557,2020]
[0,496,1244,1557,2020]
[0,119,241,634,1244,1557,1823,2020]
[0,241,355,634,1244,1461,2020]
[0,119,241,634,1244,1461,1557,1823,2020]
[0,487,1557,2020]
[0,119,241,689,1244,1557,2020]
[0,241,2020]
