[0,224,299,1104,1469,2812]
[0,139,1104,1632,2812]
[0,224,274,1104,1518,1632,2010,2331,2752,2812]
[0,657,1104,2215,2752,2812]
[0,139,427,1104,1518,1632,2010,2812]
[0,427,1104,2331,2812]
[0,224,427,1104,2331,2752,2812]
[0,139,224,427,1104,1518,1632,2010,2331,2812]
[0,274,2812]
[0,1104,2752,2812]
[0,139,224,1104,2812]
[0,139,224,427,1104,2752,2812]
[0,139,427,1104,1632,2812]
[0,139,224,427,1104,1518,1632,2010,2812]
[0,657,1104,2812]
[0,628,1104,1632,2010,2331,2812]
[0,274,628,1104,1518,1632,2010,2331,2752,2812]
[0,1456,2812]
[0,628,1104,2331,2752,2812]
[0,139,427,1104,1469,2812]
[0,274,1104,1632,2010,2331,2812]
[0,139,224,427,1104,2812]
[0,139,427,1104,1632,2010,2812]
[0,1104,2331,2752,2812]
[0,274,1104,2812]
[0,274,1104,1632,2331,2752,2812]
[0,1104,1469,2812]
[0,224,274,1104,1632,2752,2812]
[0,139,427,1104,1518,1632,2812]
[0,657,1104,2331,2812]
[0,299,1104,2812]
[0,427,1104,1632,2010,2812]
[0,139,224,427,1104,1469,2752,2812]
[0,299,1104,1469,2812]
[0,139,427,1104,1632,2010,2331,2812]
[0,274,1104,1518,1632,2010,2331,2812]
[0,427,1104,1632,2010,2331,2812]
[0,274,1104,1632,2752,2812]
[0,427,1104,1632,2331,2812]
[0,274,1104,1518,1632,2010,2812]
[0,657,1104,2331,2752,2812]
[0,224,427,1104,2812]
[0,427,1104,1632,2812]
[0,427,1104,1469,2331,2812]
[0,274,1104,1632,2010,2331,2752,2812]
[0,139,224,427,1104,1469,2331,2812]
[0,1104,1632,2331,2812]
[0,139,224,427,1104,1469,2331,2752,2812]
[0,427,1104,2812]
[0,274,628,1104,1632,2812]
[0,139,1104,1518,1632,2812]
[0,224,427,628,1104,2331,2812]
[0,628,1104,2812]
[0,274,1104,1632,2331,2812]
[0,139,427,1104,1518,1632,2010,2331,2812]
[0,1518,2812]
[0,427,1104,2331,2752,2812]
[0,628,1104,1632,2812]
[0,224,274,1104,2812]
[0,224,299,1104,2752,2812]
[0,1104,1632,2812]
[0,139,224,427,1104,1632,2812]
[0,274,1104,1632,2812]
[0,657,1104,2215,2812]
[0,1104,2812]
[0,1104,2215,2812]
[0,139,1104,1469,2812]
[0,139,224,427,1104,1469,2812]
[0,139,224,427,1104,1632,2752,2812]
[0,274,628,1104,1518,1632,2010,2331,2812]
[0,274,1104,2215,2812]
[0,274,1518,2812]
[0,139,224,427,1104,1632,2331,2752,2812]
[0,224,299,1104,2812]
[0,628,1104,2752,2812]
[0,224,274,1104,1632,2331,2752,2812]
[0,274,628,1104,1518,1632,2010,2812]
[0,274,1456,2812]
[0,274,1104,2752,2812]
[0,628,1104,2331,2812]
[0,139,224,427,1104,1632,2010,2812]
[0,139,427,1104,1469,2331,2812]
[0,139,224,427,1104,1518,1632,2010,2331,2752,2812]
[0,628,1104,1632,2010,2812]
[0,139,224,427,1104,1632,2331,2812]
[0,139,427,1104,1632,2331,2812]
[0,139,224,427,1104,1518,1632,2812]
[0,139,224,427,1104,1632,2010,2331,2752,2812]
[0,1104,2331,2812]
[0,1518,2331,2812]
[0,139,224,427,1104,1632,2010,2331,2812]
[0,1104,1632,2010,2812]
[0,274,628,1104,1632,2010,2812]
[0,1104,2215,2752,2812]
[0,224,274,1104,2752,2812]
[0,274,628,1104,1632,2010,2331,2812]
[0,274,1104,2215,2752,2812]
[0,224,299,1104,1469,2752,2812]
[0,139,427,1104,2812]
[0,274,628,1104,1518,1632,2812]
[0,427,1104,1469,2812]
[0,224,274,628,1104,1518,1632,2010,2331,2752,2812]
[0,427,1104,2752,2812]
[0,224,427,1104,2331,2812]
[0,274,1104,1632,2010,2812]
[0,224,427,628,1104,2331,2752,2812]
[0,224,274,1104,1632,2010,2331,2752,2812]
[0,1104,1632,2010,2331,2812]
[0,274,1104,1518,1632,2812]
[0,274,1104,1518,1632,2010,2331,2752,2812]
[0,139,1104,2812]
