[0,661,1474,2092,3142,4204,4758]
[0,661,3089,4332,4758]
[0,661,1474,3142,4758]
[0,661,1474,2058,3089,4332,4758]
[0,661,1543,3089,4237,4758]
[0,661,1474,3089,4758]
[0,3647,4758]
[0,661,1474,3142,3647,4204,4758]
[0,189,661,3089,4237,4758]
[0,189,661,1474,2058,3142,3647,4204,4758]
[0,1543,3089,4758]
[0,1531,3089,4758]
[0,661,3089,4237,4758]
[0,661,3142,4758]
[0,189,661,3142,4758]
[0,189,661,1474,3142,4204,4758]
[0,189,4758]
[0,189,661,3089,4332,4758]
[0,661,1474,3089,4332,4758]
[0,189,661,1474,3142,4237,4758]
[0,3142,4758]
[0,661,3089,4758]
[0,189,661,1531,3089,4237,4758]
[0,189,3089,4237,4758]
[0,189,3089,4204,4758]
[0,189,661,1735,2058,3089,4332,4758]
[0,661,1474,2092,3142,4758]
[0,661,1474,2058,3142,4758]
[0,661,1474,2058,3089,4758]
[0,3089,4332,4758]
[0,3228,4758]
[0,3142,4204,4758]
[0,3142,4237,4758]
[0,189,661,3089,4758]
[0,189,661,1735,3089,4332,4758]
[0,661,1474,3142,4204,4758]
[0,189,661,1474,2058,3089,4332,4758]
[0,3089,4758]
[0,661,3142,4204,4758]
[0,661,3142,4237,4758]
[0,1474,3142,4758]
[0,661,1474,2058,3142,4237,4758]
[0,661,1474,2058,3142,4204,4758]
[0,3089,4237,4758]
[0,3089,3647,4237,4758]
[0,189,3089,4758]
[0,189,661,1474,2092,3142,3647,4204,4758]
[0,661,1531,3089,4758]
[0,3089,3647,4758]
[0,3089,4204,4758]
[0,189,661,1474,3142,3647,4204,4758]
[0,661,1474,3142,4237,4758]
[0,1474,3089,4758]
[0,189,661,4758]
[0,661,1735,3089,4332,4758]
[0,661,1735,2058,3089,4332,4758]
[0,661,1531,3089,4237,4758]
[0,1735,3089,4758]
[0,661,4758]
[0,661,1543,3089,4758]
[0,661,1474,2058,3142,3647,4204,4758]
[0,189,661,1474,3089,4332,4758]
[0,661,1735,3089,4758]
[0,189,661,1543,3089,4237,4758]
[0,189,661,1474,2058,3142,4204,4758]
[0,189,661,1474,2058,3142,4237,4758]
[0,189,661,3142,4237,4758]
[0,189,661,3142,4204,4758]
[0,661,1474,2092,3142,3647,4204,4758]
[0,189,3089,3647,4237,4758]
[0,189,3089,4332,4758]
[0,189,3647,4758]
