[0,1092,3018,3277,3353]
[0,1085,1490,3353]
[0,1104,1490,3277,3353]
[0,1104,3018,3353]
[0,1092,1490,3018,3353]
[0,1092,3353]
[0,1104,1490,3353]
[0,1092,1490,1683,3018,3353]
[0,1092,1508,3018,3353]
[0,1104,1490,1683,3018,3277,3353]
[0,1092,1508,3018,3277,3353]
[0,1490,3277,3353]
[0,1490,3353]
[0,1085,3353]
[0,1104,3277,3353]
[0,1092,1490,3018,3277,3353]
[0,1104,1490,1683,3353]
[0,1373,3353]
[0,1104,1490,1683,3018,3353]
[0,1092,3018,3353]
[0,1085,1490,3277,3353]
[0,1092,1508,3353]
[0,1092,1490,1683,3353]
[0,1296,3353]
[0,1104,1490,3018,3277,3353]
[0,1104,3018,3277,3353]
[0,1092,1508,3277,3353]
[0,1104,1490,3018,3353]
[0,1092,3277,3353]
[0,1092,1490,3353]
[0,1296,3277,3353]
[0,1104,3353]
[0,1092,1490,1683,3018,3277,3353]
