[0,346,1400,2120]
[0,97,347,676,1419,2120]
[0,1419,1768,2120]
[0,217,346,676,1186,1419,1628,1768,2120]
[0,335,653,1400,2120]
[0,346,1419,1768,2120]
[0,346,676,1419,1768,2120]
[0,172,346,1419,2120]
[0,172,346,653,1419,1768,2120]
[0,217,346,1419,2120]
[0,346,653,1419,2120]
[0,172,347,676,1186,1419,1628,1768,2120]
[0,346,676,1186,1419,1768,2120]
[0,347,676,1419,1628,1768,2120]
[0,346,1419,2120]
[0,172,347,676,1419,1628,1768,2120]
[0,346,653,1419,1628,1768,2120]
[0,346,676,1419,1628,1768,2120]
[0,1506,2120]
[0,347,676,1186,1419,1628,1768,2120]
[0,172,347,676,1419,1768,2120]
[0,347,676,1419,2120]
[0,217,346,653,1419,2120]
[0,347,676,1186,1419,1768,2120]
[0,172,346,653,1186,1419,1768,2120]
[0,335,653,1419,2120]
[0,172,347,676,1186,1419,1768,2120]
[0,97,347,676,1186,1419,1628,1768,2120]
[0,97,347,1419,2120]
[0,217,346,676,1419,1768,2120]
[0,97,217,346,653,1186,1419,1628,1768,2120]
[0,1400,2120]
[0,346,676,1419,2120]
[0,335,1400,2120]
[0,97,347,676,1419,1768,2120]
[0,97,347,676,1186,1419,1768,2120]
[0,217,346,653,1419,1628,1768,2120]
[0,172,346,653,1186,1419,1628,1768,2120]
[0,217,346,653,1419,1768,2120]
[0,97,217,346,676,1186,1419,1628,1768,2120]
[0,172,346,653,1419,2120]
[0,172,346,653,1419,1628,1768,2120]
[0,217,346,676,1419,1628,1768,2120]
[0,346,653,1186,1419,1628,1768,2120]
[0,97,347,676,1419,1628,1768,2120]
[0,346,676,1186,1419,1628,1768,2120]
[0,346,653,1419,1768,2120]
[0,347,676,1419,1768,2120]
[0,346,1506,2120]
[0,217,346,653,1186,1419,1628,1768,2120]
[0,97,217,346,676,1419,1628,1768,2120]
[0,1419,2120]
[0,172,347,676,1419,2120]
[0,172,347,1419,2120]
[0,346,653,1186,1419,1768,2120]
[0,97,217,346,653,1419,1628,1768,2120]
[0,347,1419,2120]
[0,217,346,676,1419,2120]
[0,347,1419,1768,2120]
[0,335,1419,2120]
