[0,304,1197]
[0,506,1046,1197]
[0,145,506,624,1128,1197]
[0,242,506,1197]
[0,242,506,667,1046,1197]
[0,242,506,592,1046,1128,1197]
[0,513,1197]
[0,145,506,1197]
[0,242,513,667,1046,1128,1197]
[0,145,242,506,592,1197]
[0,145,506,1046,1128,1197]
[0,145,592,1128,1197]
[0,242,506,1046,1197]
[0,145,506,1046,1197]
[0,242,506,624,1046,1197]
[0,590,1197]
[0,242,506,592,1046,1197]
[0,592,1197]
[0,145,242,506,592,1046,1197]
[0,242,304,513,667,1046,1128,1197]
[0,506,1197]
[0,242,513,667,1128,1197]
[0,242,506,667,1197]
[0,145,506,592,1046,1128,1197]
[0,253,590,1197]
[0,242,304,506,667,1046,1128,1197]
[0,242,506,667,1046,1128,1197]
[0,242,304,506,592,1046,1128,1197]
[0,145,506,624,1046,1197]
[0,242,506,592,1197]
[0,145,506,592,1197]
[0,304,1128,1197]
[0,242,513,667,1197]
[0,145,242,506,592,1046,1128,1197]
[0,304,1046,1197]
[0,242,513,667,1046,1197]
[0,242,506,1046,1128,1197]
[0,1128,1197]
[0,242,304,506,624,1046,1128,1197]
[0,1046,1197]
[0,242,506,667,1128,1197]
[0,145,242,506,1046,1197]
[0,242,506,624,1046,1128,1197]
[0,145,506,624,1197]
[0,145,506,592,1046,1197]
[0,145,242,506,1197]
[0,242,304,506,1128,1197]
[0,145,592,1197]
[0,242,506,1128,1197]
[0,242,304,506,1046,1128,1197]
[0,242,506,624,1197]
[0,145,506,1128,1197]
[0,304,506,1197]
[0,242,513,1197]
[0,145,242,304,506,592,1046,1128,1197]
[0,145,506,624,1046,1128,1197]
