[0,287,1132,1354,1695,1833,2254,2554]
[0,1695,2554]
[0,287,1354,2254,2554]
[0,287,986,1132,1354,1695,1833,2080,2254,2554]
[0,287,1132,1354,1695,2080,2254,2554]
[0,756,1354,1695,2554]
[0,711,1833,2554]
[0,1132,1833,2554]
[0,711,2033,2554]
[0,756,1354,2554]
[0,711,2554]
[0,287,986,1132,1354,1695,2080,2254,2554]
[0,287,1132,1354,1833,2254,2554]
[0,756,1354,1695,2254,2554]
[0,287,1695,1833,2254,2554]
[0,287,1132,1354,2254,2554]
[0,2004,2554]
[0,1354,2254,2554]
[0,1132,1833,2254,2554]
[0,287,1354,1695,1833,2080,2254,2554]
[0,287,1833,2254,2554]
[0,756,2554]
[0,711,2254,2554]
[0,287,756,1132,1354,1695,2080,2254,2554]
[0,1132,2254,2554]
[0,1132,2554]
[0,287,986,1132,1354,1695,2254,2554]
[0,1354,2554]
[0,2254,2554]
[0,287,1354,1695,2080,2254,2554]
[0,287,1132,1354,2080,2254,2554]
[0,287,756,986,1132,1354,1695,2254,2554]
[0,756,1354,2254,2554]
[0,287,756,1354,1695,2254,2554]
[0,287,1354,1695,1833,2254,2554]
[0,287,1132,1354,1695,1833,2080,2254,2554]
[0,1695,2254,2554]
[0,711,2218,2554]
[0,287,1354,1695,2254,2554]
[0,776,2004,2554]
[0,287,2254,2554]
[0,756,2254,2554]
[0,287,756,1132,1354,1695,2254,2554]
[0,1833,2254,2554]
[0,1833,2554]
[0,2218,2554]
[0,287,756,986,1132,1354,1695,1833,2080,2254,2554]
[0,2033,2554]
[0,287,1132,1354,1695,2254,2554]
[0,776,2554]
[0,287,756,986,1132,1354,1695,2080,2254,2554]
[0,1354,1695,2254,2554]
[0,287,2218,2554]
[0,287,1132,1354,1833,2080,2254,2554]
[0,1354,1695,2554]
[0,287,1132,1833,2254,2554]
