[0,1276,1427]
[0,353,678,1057,1276,1355,1427]
[0,353,678,1062,1276,1427]
[0,678,1057,1276,1355,1427]
[0,599,678,1062,1217,1276,1362,1427]
[0,599,678,1057,1134,1217,1276,1355,1427]
[0,599,678,1276,1427]
[0,599,1276,1427]
[0,1062,1276,1362,1427]
[0,678,1062,1276,1427]
[0,1062,1427]
[0,599,678,1057,1276,1427]
[0,1062,1276,1427]
[0,599,678,1062,1276,1362,1427]
[0,599,678,1057,1276,1362,1427]
[0,678,1057,1276,1427]
[0,599,678,1276,1362,1427]
[0,599,678,1057,1134,1276,1362,1427]
[0,353,678,1062,1276,1362,1427]
[0,353,678,1062,1427]
[0,599,678,1276,1355,1427]
[0,353,678,1057,1276,1427]
[0,1057,1276,1355,1427]
[0,678,1062,1427]
[0,1276,1362,1427]
[0,599,678,1057,1134,1217,1276,1362,1427]
[0,1276,1355,1427]
[0,1057,1427]
[0,599,1276,1362,1427]
[0,353,678,1057,1427]
[0,599,678,1057,1276,1355,1427]
[0,599,1427]
[0,599,678,1057,1134,1276,1355,1427]
[0,1057,1276,1427]
[0,599,678,1057,1217,1276,1355,1427]
[0,678,1427]
[0,599,678,1062,1276,1427]
[0,678,1057,1427]
[0,599,678,1057,1134,1276,1427]
[0,678,1062,1276,1362,1427]
