[0,922,1367,1810]
[0,443,1810]
[0,443,998,1212,1367,1810]
[0,111,443,998,1212,1367,1696,1810]
[0,111,443,914,1082,1212,1367,1696,1810]
[0,443,749,998,1212,1367,1696,1810]
[0,156,443,749,998,1212,1367,1810]
[0,111,443,998,1367,1696,1810]
[0,1367,1810]
[0,443,922,1696,1810]
[0,156,443,749,914,998,1212,1367,1696,1810]
[0,922,1810]
[0,111,443,749,914,1367,1696,1810]
[0,111,443,998,1696,1810]
[0,443,914,1212,1367,1810]
[0,111,443,914,1696,1810]
[0,443,914,1810]
[0,443,914,1082,1212,1367,1696,1810]
[0,156,443,1082,1810]
[0,156,443,749,914,1367,1810]
[0,156,443,998,1367,1696,1810]
[0,111,443,922,1810]
[0,111,443,922,1696,1810]
[0,111,443,914,1212,1367,1696,1810]
[0,443,749,914,1810]
[0,443,749,914,1082,1212,1367,1696,1810]
[0,443,749,914,1082,1212,1367,1810]
[0,443,998,1367,1696,1810]
[0,156,443,749,914,1367,1696,1810]
[0,111,443,749,914,998,1212,1367,1696,1810]
[0,111,443,749,914,998,1367,1696,1810]
[0,443,922,1810]
[0,156,443,749,998,1367,1810]
[0,443,914,1367,1810]
[0,443,922,1367,1696,1810]
[0,156,443,1082,1696,1810]
[0,156,443,749,998,1212,1367,1696,1810]
[0,443,749,998,1367,1810]
[0,156,443,998,1696,1810]
[0,914,1810]
[0,443,749,914,1367,1810]
[0,156,443,749,998,1810]
[0,156,443,749,914,1810]
[0,156,443,998,1212,1367,1696,1810]
[0,443,1082,1810]
[0,156,443,914,1367,1810]
[0,111,443,914,1810]
[0,443,998,1810]
[0,111,443,922,1367,1696,1810]
[0,413,922,1810]
[0,156,443,998,1212,1367,1810]
[0,156,443,749,914,998,1367,1696,1810]
[0,156,443,998,1367,1810]
[0,443,914,1696,1810]
[0,443,998,1696,1810]
[0,111,443,749,914,1082,1212,1367,1696,1810]
[0,156,443,914,1696,1810]
[0,443,749,998,1810]
[0,443,914,1212,1367,1696,1810]
[0,111,443,914,1367,1696,1810]
[0,443,914,1367,1696,1810]
[0,413,1810]
[0,443,998,1212,1367,1696,1810]
[0,156,443,998,1810]
[0,443,749,998,1212,1367,1810]
[0,443,749,914,1367,1696,1810]
[0,914,1367,1810]
[0,1082,1810]
[0,156,443,914,1810]
[0,443,922,1367,1810]
[0,443,914,1082,1212,1367,1810]
[0,443,998,1367,1810]
[0,998,1810]
[0,156,443,914,1367,1696,1810]
[0,443,749,914,1212,1367,1810]
[0,111,443,749,998,1212,1367,1696,1810]
[0,111,443,998,1810]
