[0,498,950,1180]
[0,128,886,950,1026,1180]
[0,498,886,1180]
[0,950,1180]
[0,127,886,950,1026,1122,1180]
[0,128,886,950,1026,1122,1180]
[0,127,498,950,1026,1180]
[0,128,498,586,886,950,1026,1122,1180]
[0,128,498,886,950,1026,1180]
[0,127,498,586,886,950,1026,1122,1180]
[0,886,1180]
[0,127,950,1180]
[0,52,127,498,886,950,1026,1122,1180]
[0,127,886,1180]
[0,127,498,586,950,1026,1180]
[0,128,950,1180]
[0,128,886,1180]
[0,127,950,1026,1122,1180]
[0,128,886,1122,1180]
[0,128,886,950,1122,1180]
[0,52,127,886,950,1026,1122,1180]
[0,128,886,950,1180]
[0,128,498,886,950,1180]
[0,127,886,1122,1180]
[0,127,498,586,950,1180]
[0,128,498,950,1026,1180]
[0,52,128,498,586,886,950,1026,1122,1180]
[0,128,498,586,950,1180]
[0,980,1180]
[0,498,1180]
[0,52,128,498,886,950,1026,1122,1180]
[0,128,950,1026,1180]
[0,52,128,886,950,1026,1122,1180]
[0,128,498,586,886,950,1026,1180]
[0,128,498,886,950,1122,1180]
[0,127,980,1180]
[0,128,950,1026,1122,1180]
[0,128,980,1180]
[0,128,498,586,950,1026,1180]
[0,127,498,886,950,1026,1122,1180]
[0,127,950,1026,1180]
[0,128,498,950,1180]
[0,128,498,886,1180]
[0,127,498,586,886,950,1026,1180]
[0,127,498,886,950,1026,1180]
[0,127,886,950,1026,1180]
[0,127,498,950,1180]
[0,128,498,886,950,1026,1122,1180]
[0,52,127,498,586,886,950,1026,1122,1180]
