[0,328,686,822,1183,2056,2590,2824]
[0,328,661,815,1183,2122,2590,2824]
[0,1522,2056,2824]
[0,1522,2122,2824]
[0,686,1183,2056,2824]
[0,328,1183,2056,2590,2824]
[0,753,2056,2824]
[0,753,2122,2824]
[0,661,815,1183,2122,2590,2824]
[0,2024,2824]
[0,328,1522,2824]
[0,1183,2056,2824]
[0,328,460,661,815,2122,2590,2824]
[0,1522,2824]
[0,460,2024,2824]
[0,91,328,460,686,822,1183,2056,2590,2824]
[0,178,339,661,2056,2590,2824]
[0,328,686,2056,2590,2824]
[0,328,1522,2590,2824]
[0,178,661,2056,2590,2824]
[0,661,815,1183,2056,2590,2824]
[0,328,753,2122,2824]
[0,661,2122,2590,2824]
[0,178,661,1183,2056,2590,2824]
[0,328,460,661,815,1183,2122,2590,2824]
[0,328,1183,2056,2824]
[0,328,460,661,2122,2590,2824]
[0,1522,2590,2824]
[0,328,460,686,822,2056,2590,2824]
[0,328,460,686,822,1183,2056,2590,2824]
[0,661,2056,2824]
[0,661,2122,2824]
[0,328,2056,2824]
[0,328,661,815,2056,2590,2824]
[0,328,686,1183,2056,2824]
[0,328,460,661,815,1183,1978,2122,2590,2824]
[0,2056,2824]
[0,661,815,2122,2590,2824]
[0,2122,2824]
[0,91,328,686,822,2056,2590,2824]
[0,328,686,1183,2056,2590,2824]
[0,753,2824]
[0,328,661,2056,2824]
[0,686,822,1183,2056,2590,2824]
[0,661,815,1183,1978,2122,2590,2824]
[0,328,661,1183,2056,2824]
[0,328,460,661,815,2056,2590,2824]
[0,460,1522,2122,2824]
[0,686,2056,2590,2824]
[0,339,753,2056,2824]
[0,178,339,661,815,1183,2056,2590,2824]
[0,753,2056,2590,2824]
[0,328,1522,2056,2590,2824]
[0,686,822,2056,2590,2824]
[0,328,661,815,1183,1978,2122,2590,2824]
[0,328,661,815,1183,2056,2590,2824]
[0,661,1183,2122,2590,2824]
[0,91,328,2056,2590,2824]
[0,328,661,1183,2056,2590,2824]
[0,328,661,2122,2590,2824]
[0,686,2056,2824]
[0,328,753,2056,2590,2824]
[0,328,661,815,2122,2590,2824]
[0,661,815,2056,2590,2824]
[0,328,686,822,2056,2590,2824]
[0,1183,2824]
[0,661,1183,2056,2590,2824]
[0,328,2056,2590,2824]
[0,91,328,2056,2824]
[0,328,661,2056,2590,2824]
[0,178,661,815,1183,2056,2590,2824]
[0,328,460,661,815,1183,2056,2590,2824]
[0,328,753,2056,2824]
[0,661,2056,2590,2824]
[0,328,2122,2824]
[0,91,686,822,2056,2590,2824]
[0,91,328,1183,2056,2590,2824]
[0,91,328,460,686,822,2056,2590,2824]
[0,339,753,2056,2590,2824]
[0,91,686,2056,2590,2824]
[0,178,339,661,1183,2056,2590,2824]
[0,661,1183,2056,2824]
[0,661,1183,2122,2824]
[0,460,2122,2824]
[0,328,460,661,2056,2590,2824]
[0,328,661,2122,2824]
[0,178,339,753,2056,2590,2824]
[0,328,661,1183,2122,2824]
[0,91,328,686,822,1183,2056,2590,2824]
[0,328,661,1183,2122,2590,2824]
[0,328,1522,2056,2824]
[0,328,686,2056,2824]
[0,686,1183,2056,2590,2824]
