[0,298,361,566,667,818,1046]
[0,298,566,666,1046]
[0,298,566,666,842,1046]
[0,298,361,566,666,842,1046]
[0,298,361,566,667,842,1046]
[0,233,298,361,566,666,842,962,1046]
[0,244,310,566,667,1046]
[0,298,566,666,842,962,1046]
[0,233,298,566,666,842,962,1046]
[0,244,310,566,667,842,1046]
[0,298,666,1046]
[0,298,666,842,1046]
[0,298,1046]
[0,298,667,842,1046]
[0,298,667,818,1046]
[0,233,298,566,667,818,1046]
[0,233,298,361,566,610,667,818,962,1046]
[0,310,566,667,842,1046]
[0,667,1046]
[0,233,298,361,566,667,818,1046]
[0,233,298,361,566,667,842,1046]
[0,298,361,566,667,1046]
[0,233,298,566,667,842,1046]
[0,298,566,667,1046]
[0,310,566,1046]
[0,233,298,361,566,610,666,842,962,1046]
[0,298,667,1046]
[0,310,566,667,1046]
[0,233,298,361,566,667,818,962,1046]
[0,298,566,667,818,1046]
[0,233,298,566,666,842,1046]
[0,310,667,1046]
[0,298,566,667,818,962,1046]
[0,233,298,566,667,818,962,1046]
[0,310,1046]
[0,233,298,361,566,666,842,1046]
[0,298,361,566,666,1046]
[0,666,1046]
[0,298,566,667,842,1046]
[0,310,667,842,1046]
