[0,667,1252,1651]
[0,493,667,1027,1252,1455,1651]
[0,461,667,1054,1381,1651]
[0,1016,1339,1651]
[0,493,1027,1651]
[0,493,1016,1651]
[0,1455,1651]
[0,565,980,1339,1651]
[0,565,980,1651]
[0,493,1651]
[0,503,667,813,1054,1252,1381,1651]
[0,461,667,1651]
[0,503,667,1027,1252,1381,1651]
[0,1054,1651]
[0,461,1054,1381,1651]
[0,493,1016,1252,1651]
[0,461,1455,1651]
[0,503,667,813,1054,1381,1651]
[0,461,667,1054,1455,1651]
[0,461,1054,1651]
[0,1016,1252,1651]
[0,484,667,1016,1339,1651]
[0,484,1016,1252,1455,1651]
[0,484,1252,1651]
[0,1027,1651]
[0,503,667,1054,1381,1651]
[0,461,1054,1455,1651]
[0,1054,1455,1651]
[0,461,667,813,1054,1252,1381,1651]
[0,503,667,1054,1252,1381,1651]
[0,493,1027,1252,1651]
[0,461,667,1054,1193,1252,1381,1651]
[0,493,1016,1252,1455,1651]
[0,503,667,1054,1193,1252,1381,1651]
[0,484,667,1016,1455,1651]
[0,461,1381,1651]
[0,493,667,1027,1193,1252,1381,1651]
[0,461,667,1054,1252,1381,1651]
[0,461,667,813,1054,1193,1252,1381,1651]
[0,461,667,813,1054,1455,1651]
[0,484,1016,1455,1651]
[0,493,667,1027,1381,1651]
[0,980,1651]
[0,493,667,1016,1455,1651]
[0,503,667,813,1054,1193,1252,1381,1651]
[0,667,1651]
[0,503,1054,1651]
[0,493,1016,1455,1651]
[0,503,1027,1381,1651]
[0,503,1054,1381,1651]
[0,980,1339,1651]
[0,493,1027,1381,1651]
[0,484,1016,1252,1651]
[0,484,1455,1651]
[0,484,667,1016,1252,1455,1651]
[0,484,1651]
[0,493,667,1027,1455,1651]
[0,461,667,1054,1651]
[0,493,1027,1455,1651]
[0,667,1455,1651]
[0,565,1651]
[0,493,667,1027,1252,1381,1651]
[0,503,1027,1651]
[0,461,667,813,1054,1381,1651]
[0,503,1651]
[0,1027,1252,1651]
[0,461,1651]
[0,484,1016,1339,1651]
[0,503,1381,1651]
[0,503,667,1027,1381,1651]
[0,493,1455,1651]
[0,503,667,1027,1193,1252,1381,1651]
[0,1016,1651]
[0,493,667,1016,1252,1455,1651]
[0,484,1016,1651]
[0,493,1252,1651]
[0,1027,1381,1651]
[0,493,1027,1252,1455,1651]
