[0,135,803,1327]
[0,651,1088,1327]
[0,646,1327]
[0,135,651,1192,1327]
[0,68,348,502,651,1088,1327]
[0,1088,1327]
[0,68,651,1249,1327]
[0,68,1088,1327]
[0,348,803,1249,1327]
[0,646,803,1327]
[0,68,651,1088,1327]
[0,135,1192,1327]
[0,348,1249,1327]
[0,68,348,505,651,1140,1327]
[0,135,646,803,1232,1327]
[0,348,1088,1327]
[0,68,348,1140,1327]
[0,348,505,651,1088,1327]
[0,68,651,803,1249,1327]
[0,135,646,803,1327]
[0,135,646,1327]
[0,68,348,803,1249,1327]
[0,651,803,1249,1327]
[0,135,646,1232,1327]
[0,348,505,1088,1327]
[0,348,1327]
[0,68,651,1327]
[0,651,1232,1327]
[0,651,803,1327]
[0,348,505,651,1140,1327]
[0,348,502,1088,1327]
[0,348,1140,1327]
[0,68,348,1249,1327]
[0,803,1327]
[0,348,502,651,1088,1327]
[0,651,1327]
[0,651,1249,1327]
[0,651,1192,1327]
[0,68,651,1232,1327]
[0,348,505,1140,1327]
[0,1192,1327]
[0,348,803,1327]
[0,68,348,505,651,1088,1327]
