[0,45,773,1832,2554]
[0,1427,2554]
[0,315,1251,2232,2554]
[0,773,2554]
[0,2232,2554]
[0,966,1832,2554]
[0,1427,2232,2554]
[0,45,298,1431,1832,2330,2554]
[0,45,303,984,2232,2554]
[0,303,773,984,2008,2232,2554]
[0,984,2232,2554]
[0,984,2554]
[0,315,1161,2232,2554]
[0,298,1832,2554]
[0,45,298,1431,1832,2554]
[0,298,1431,1832,2554]
[0,315,1161,2008,2232,2554]
[0,298,1251,1829,2554]
[0,298,773,966,1832,2330,2554]
[0,45,315,1829,2554]
[0,45,315,1251,2232,2554]
[0,315,1251,1829,2554]
[0,45,298,966,1832,2554]
[0,45,315,1251,1829,2554]
[0,315,2232,2554]
[0,45,298,966,1832,2330,2554]
[0,1829,2554]
[0,298,1832,2330,2554]
[0,298,1431,1832,2330,2554]
[0,1251,2554]
[0,303,2232,2554]
[0,298,1251,1832,2330,2554]
[0,45,298,1832,2554]
[0,45,303,773,984,2008,2232,2554]
[0,1251,1832,2554]
[0,45,315,1251,2008,2232,2554]
[0,315,1427,2008,2232,2554]
[0,45,315,1427,2008,2232,2554]
[0,298,966,1832,2330,2554]
[0,45,298,1832,2330,2554]
[0,298,1829,2554]
[0,966,2554]
[0,315,1829,2554]
[0,1251,2232,2554]
[0,315,1251,2008,2232,2554]
[0,1251,1829,2554]
[0,303,773,984,2232,2554]
[0,45,303,773,984,2232,2554]
[0,45,773,1431,1832,2554]
[0,773,1832,2554]
[0,1161,2232,2554]
[0,303,984,2232,2554]
[0,45,315,1161,2232,2554]
[0,1431,1832,2554]
[0,45,298,773,966,1832,2330,2554]
[0,45,1832,2554]
[0,298,1251,1832,2554]
[0,298,966,1832,2554]
[0,773,1431,1832,2554]
[0,1161,2554]
[0,45,298,1251,1832,2330,2554]
[0,315,1427,2232,2554]
[0,45,315,1427,2232,2554]
[0,45,315,1161,2008,2232,2554]
[0,1832,2554]
[0,303,984,2008,2232,2554]
