[0,41,254,674,818,949,1080,1180]
[0,818,1180]
[0,254,674,949,1180]
[0,41,254,818,949,1080,1180]
[0,41,1080,1180]
[0,254,818,949,1180]
[0,677,1180]
[0,254,674,1180]
[0,221,1180]
[0,254,1180]
[0,41,254,674,949,1080,1180]
[0,167,949,1180]
[0,949,1080,1180]
[0,818,949,1080,1180]
[0,674,1180]
[0,221,674,949,1180]
[0,674,949,1180]
[0,254,674,818,949,1180]
[0,254,818,949,1080,1180]
[0,949,1180]
[0,167,674,949,1180]
[0,221,818,949,1080,1180]
[0,221,674,818,949,1080,1180]
[0,221,818,1180]
[0,818,949,1180]
[0,221,674,818,949,1180]
[0,674,949,1080,1180]
[0,221,818,949,1180]
[0,41,221,818,949,1080,1180]
[0,167,1080,1180]
[0,254,674,949,1080,1180]
[0,254,674,818,949,1080,1180]
[0,167,674,949,1080,1180]
[0,167,1180]
[0,167,677,1180]
[0,41,221,674,818,949,1080,1180]
[0,221,674,1180]
[0,167,677,1080,1180]
[0,254,818,1180]
[0,1080,1180]
