[0,1378,1666,1940,2007,2053]
[0,1430,1666,1943,2053]
[0,1210,1666,1943,2053]
[0,1210,1582,1666,1848,1940,2053]
[0,1582,1666,1941,2007,2053]
[0,1582,1895,2053]
[0,1210,1582,1666,1769,1848,1895,1941,2007,2053]
[0,1210,1582,1666,1848,1895,1943,2053]
[0,1430,1582,1666,1940,2007,2053]
[0,1430,1582,1666,1895,2053]
[0,1582,1941,2053]
[0,1210,1582,1666,1769,1848,1895,1943,2053]
[0,1430,1666,1940,2053]
[0,1210,1666,1940,2053]
[0,1210,1666,1848,1941,2053]
[0,1582,1666,1895,2053]
[0,1378,1582,1666,1940,2007,2053]
[0,1666,2053]
[0,1430,1582,1666,1848,1943,2007,2053]
[0,1582,1666,1943,2053]
[0,1210,1582,1666,1940,2053]
[0,1430,1666,2053]
[0,1666,1940,2053]
[0,1378,1666,2053]
[0,1378,1666,1943,2053]
[0,1430,1582,1666,1940,2053]
[0,1210,1582,1666,1943,2007,2053]
[0,1378,1582,1666,1848,1943,2053]
[0,1378,1666,1848,1943,2053]
[0,1210,1582,1666,1769,1848,1943,2053]
[0,1378,1666,1940,2053]
[0,1378,1582,1666,1848,1943,2007,2053]
[0,1210,1582,1666,1848,1940,2007,2053]
[0,1582,1666,1940,2053]
[0,1210,1582,1666,1848,1895,1941,2007,2053]
[0,1582,1666,2053]
[0,1378,1582,1666,1943,2053]
[0,1582,1943,2053]
[0,1210,1582,1666,1941,2053]
[0,1378,1666,1943,2007,2053]
[0,1210,1582,1666,1769,1848,1943,2007,2053]
[0,1210,1582,1666,1941,2007,2053]
[0,1582,1666,1943,2007,2053]
[0,1210,1582,1666,1848,1895,1943,2007,2053]
[0,1210,1582,1666,1769,1848,1940,2007,2053]
[0,1210,1666,2053]
[0,1210,1582,1666,1848,1941,2007,2053]
[0,1210,1582,1666,1769,1848,1941,2007,2053]
[0,1378,1582,1666,1943,2007,2053]
[0,1210,1582,1666,1943,2053]
[0,1210,1582,1666,1769,1848,1940,2053]
[0,1210,1582,1666,1848,1941,2053]
[0,1430,1582,1666,1943,2053]
[0,1582,1666,1940,2007,2053]
[0,1210,1666,1848,1943,2053]
[0,1210,1582,1666,1848,1943,2007,2053]
[0,1378,1582,1666,1940,2053]
[0,1582,1940,2053]
[0,1210,1582,1666,1848,1943,2053]
[0,1582,1666,1941,2053]
[0,1430,1666,1848,1943,2053]
[0,1430,1582,1666,1943,2007,2053]
[0,1210,1582,1666,1940,2007,2053]
[0,1430,1582,1666,1848,1943,2053]
[0,1210,1582,1666,1769,1848,1941,2053]
[0,1210,2053]
[0,1582,2053]
[0,1210,1666,1941,2053]
[0,1210,1582,1666,1769,1848,1895,1943,2007,2053]
[0,1430,1582,1666,1895,2007,2053]
[0,1430,1666,1895,2053]
[0,1210,1666,1848,1940,2053]
