[0,98,1137,1195,1333,1634,1816,1945,2189]
[0,1816,2077,2189]
[0,98,1195,1634,1816,1945,2189]
[0,1195,1634,2189]
[0,98,1195,1634,1816,2077,2189]
[0,377,1191,1333,1634,1816,2189]
[0,98,377,1634,1816,2034,2189]
[0,98,377,1191,1816,2034,2189]
[0,1634,1816,2189]
[0,1634,1816,2034,2189]
[0,377,1191,1634,1945,2189]
[0,98,377,1195,1333,1634,1816,2077,2189]
[0,1191,1333,1634,1945,2189]
[0,98,1634,1816,2034,2189]
[0,815,1195,1634,2189]
[0,98,377,1195,1816,2077,2189]
[0,1945,2189]
[0,377,1191,1333,1634,1816,1945,2077,2189]
[0,377,1191,1634,1816,1945,2189]
[0,377,1191,1634,2189]
[0,1195,1634,1816,2189]
[0,377,1191,1333,1634,1945,2189]
[0,1195,1333,1634,1816,2189]
[0,1195,1816,2189]
[0,98,377,1195,1333,1634,1816,1945,2077,2189]
[0,1195,1816,1945,2189]
[0,1634,1945,2189]
[0,98,377,1191,1634,1816,2077,2189]
[0,1195,1333,1634,1816,1945,2189]
[0,98,377,1634,1816,2077,2189]
[0,1191,1634,1816,1945,2077,2189]
[0,98,1137,1195,1634,1816,2077,2189]
[0,377,1191,1333,1634,1816,2077,2189]
[0,1191,1634,2189]
[0,98,1195,1634,1816,1945,2034,2189]
[0,1195,1634,1816,1945,2189]
[0,1191,1333,1634,1816,1945,2189]
[0,1191,1634,1816,2077,2189]
[0,1191,1333,1634,1816,2077,2189]
[0,1634,1816,1945,2189]
[0,1634,2189]
[0,1191,1634,1945,2189]
[0,377,1191,1816,2034,2189]
[0,377,1634,1816,2077,2189]
[0,377,2189]
[0,1191,1816,2034,2189]
[0,1195,1333,1634,1945,2189]
[0,98,377,815,1195,1333,1634,1816,1945,2077,2189]
[0,98,1195,1333,1634,1816,1945,2189]
[0,377,1195,1333,1634,1816,1945,2189]
[0,1191,1816,2189]
[0,377,815,1195,1634,2189]
[0,98,377,1195,1634,1816,2077,2189]
[0,377,1195,1816,2077,2189]
[0,377,1195,1333,1634,1816,2077,2189]
[0,1191,1333,1634,1816,1945,2077,2189]
[0,98,377,815,1137,1195,1333,1634,1816,1945,2077,2189]
[0,98,377,1191,1634,1816,2034,2189]
[0,98,1195,1333,1634,1816,1945,2034,2189]
[0,1191,2189]
[0,377,1195,1634,1816,2189]
[0,377,1195,1333,1634,1945,2189]
[0,1818,2189]
[0,1195,2189]
[0,377,1195,1816,2189]
[0,1191,1634,1816,2034,2189]
[0,377,1195,1333,1634,1816,1945,2077,2189]
[0,98,377,1191,1634,1816,1945,2077,2189]
[0,98,377,1137,1195,1333,1634,1816,1945,2077,2189]
[0,1137,1195,1816,2077,2189]
[0,377,1634,1816,2034,2189]
[0,1191,1634,1816,2189]
[0,377,815,1195,1634,1945,2189]
[0,1137,1195,1333,1634,1816,1945,2189]
[0,1195,1816,2077,2189]
[0,377,1191,1333,1634,1816,1945,2189]
[0,1137,1195,1816,1945,2189]
[0,377,1191,1634,1816,1945,2077,2189]
[0,377,1195,1634,1945,2189]
[0,377,1195,1634,1816,2077,2189]
[0,1137,1195,1634,1816,1945,2189]
[0,1191,1634,1816,1945,2189]
[0,377,1191,1634,1816,2077,2189]
[0,98,377,1137,1195,1634,1816,2077,2189]
[0,98,377,1191,1333,1634,1816,1945,2077,2189]
[0,377,815,1195,1333,1634,1816,1945,2077,2189]
[0,377,1195,1333,1634,1816,2189]
[0,1195,1333,1634,1816,1945,2077,2189]
[0,1137,1195,1634,1816,2077,2189]
[0,1195,1333,1634,1816,2077,2189]
[0,377,1816,2189]
[0,377,815,1195,1333,1634,1945,2189]
[0,1634,1816,2077,2189]
[0,1816,2034,2189]
[0,377,1191,2189]
[0,377,1634,1816,2189]
[0,377,1191,1634,1816,2189]
[0,98,1634,1816,2077,2189]
[0,1195,1634,1945,2189]
[0,377,1191,1816,2189]
[0,377,815,1195,1333,1634,1816,1945,2189]
[0,377,1195,2189]
[0,98,377,1191,1333,1634,1816,2077,2189]
[0,1195,1634,1816,2077,2189]
[0,1195,1945,2189]
[0,377,1191,1634,1816,2034,2189]
[0,377,1195,1634,2189]
[0,1191,1333,1634,1816,2189]
[0,98,377,1137,1195,1333,1634,1816,2077,2189]
[0,1816,2189]
[0,1816,1945,2189]
