[0,248,350,449,602,703,864,1046]
[0,167,248,350,602,864,1046]
[0,248,350,602,703,864,1046]
[0,864,1046]
[0,167,248,350,602,703,864,1046]
[0,248,350,602,864,1046]
[0,602,1046]
[0,557,703,864,1046]
[0,350,565,1046]
[0,197,248,350,565,703,864,1046]
[0,350,565,864,1046]
[0,248,350,565,703,864,1046]
[0,350,864,1046]
[0,352,565,1046]
[0,557,869,1046]
[0,565,864,1046]
[0,350,602,1046]
[0,248,671,1046]
[0,248,352,565,703,864,1046]
[0,602,869,1046]
[0,557,1046]
[0,350,602,864,1046]
[0,557,864,1046]
[0,565,703,864,1046]
[0,197,248,350,602,703,864,1046]
[0,248,352,864,1046]
[0,602,864,1046]
[0,248,1046]
[0,350,1046]
[0,671,1046]
[0,350,565,703,864,1046]
[0,352,1046]
[0,167,248,350,449,602,703,864,1046]
[0,248,352,565,864,1046]
[0,352,565,864,1046]
[0,197,248,350,449,556,602,703,864,1046]
[0,352,864,1046]
[0,352,565,703,864,1046]
[0,869,1046]
[0,167,248,350,864,1046]
[0,197,248,350,449,602,703,864,1046]
[0,248,350,864,1046]
[0,602,703,864,1046]
[0,557,703,869,1046]
[0,565,1046]
[0,350,602,703,864,1046]
[0,247,350,565,703,864,1046]
