[0,646,1030,1298,2211]
[0,1298,2211]
[0,155,646,1039,1298,2211]
[0,155,646,1030,1132,1298,1947,2087,2211]
[0,155,646,1030,1298,2087,2211]
[0,155,646,1030,1298,1652,1947,2087,2211]
[0,155,646,1030,1298,1947,2211]
[0,646,1030,1298,1947,2211]
[0,646,1030,1298,1652,2211]
[0,155,646,1030,1132,1298,1652,1947,2087,2211]
[0,155,646,1030,1298,1652,1947,2211]
[0,155,646,1030,1298,2211]
[0,646,2211]
[0,155,646,1030,1298,1652,2211]
[0,155,646,1030,1298,1947,2087,2211]
[0,646,1030,1298,1652,1947,2211]
[0,646,1298,1652,2211]
[0,646,1298,2211]
[0,155,646,1030,1132,1298,2211]
[0,646,1039,1298,2211]
[0,155,646,1030,1132,1298,2087,2211]
