[0,106,1264]
[0,420,983,1264]
[0,612,1264]
[0,106,218,612,1264]
[0,984,1264]
[0,106,218,984,1264]
[0,218,452,612,1264]
[0,190,420,612,1264]
[0,106,218,420,934,984,1264]
[0,452,612,934,1057,1264]
[0,106,218,934,984,1264]
[0,218,452,612,983,1264]
[0,106,452,612,1264]
[0,218,1264]
[0,106,218,348,452,612,934,983,1057,1183,1264]
[0,106,218,348,452,612,845,934,1057,1183,1264]
[0,420,612,983,1264]
[0,218,452,1264]
[0,106,218,348,452,612,845,934,1057,1264]
[0,106,218,452,612,934,1057,1183,1264]
[0,334,1264]
[0,106,218,452,612,983,1264]
[0,106,218,452,612,1057,1183,1264]
[0,452,1057,1264]
[0,452,612,1057,1264]
[0,218,420,612,1264]
[0,106,218,420,612,984,1264]
[0,420,612,1264]
[0,106,218,348,452,612,934,1057,1264]
[0,190,1264]
[0,218,984,1264]
[0,106,218,420,612,934,984,1264]
[0,420,612,984,1264]
[0,218,452,1057,1264]
[0,334,983,1264]
[0,106,218,420,612,934,984,1183,1264]
[0,106,218,452,612,934,983,1057,1183,1264]
[0,106,218,348,452,612,934,1057,1183,1264]
[0,106,218,348,452,612,1057,1264]
[0,420,1264]
[0,106,218,1264]
[0,106,612,1264]
[0,452,983,1264]
[0,452,612,983,1264]
[0,106,218,420,612,984,1183,1264]
[0,190,612,1264]
[0,218,420,612,984,1264]
[0,218,452,983,1264]
[0,106,984,1264]
[0,106,218,348,452,612,1264]
[0,106,218,452,612,1264]
[0,106,218,452,612,934,983,1264]
[0,218,452,612,1057,1264]
[0,983,1264]
[0,612,983,1264]
[0,218,420,984,1264]
[0,106,218,348,452,612,983,1183,1264]
[0,420,984,1264]
[0,190,983,1264]
[0,106,218,348,452,612,1057,1183,1264]
[0,106,218,420,984,1264]
[0,934,1264]
[0,190,612,983,1264]
[0,106,218,348,452,612,983,1264]
[0,452,612,1264]
[0,218,612,1264]
[0,106,218,348,452,612,845,934,983,1057,1183,1264]
[0,218,452,612,934,1057,1264]
[0,106,218,420,612,1264]
[0,106,218,452,612,1057,1264]
[0,452,1264]
[0,190,420,612,983,1264]
[0,106,218,452,612,934,1057,1264]
[0,1057,1264]
