[0,90,380,586,1173,1750,2189]
[0,90,225,586,1173,1377,1750,1884,2189]
[0,1173,2189]
[0,380,586,1173,1377,1750,1884,2189]
[0,586,1173,1377,1750,1921,2189]
[0,90,1173,1750,2189]
[0,225,586,1173,1377,1750,1884,2189]
[0,90,2189]
[0,380,1173,1750,2189]
[0,380,586,1173,1377,1750,1921,2189]
[0,361,586,1173,1750,2189]
[0,90,225,586,1173,1377,1750,1921,2189]
[0,90,586,1173,1750,2189]
[0,225,586,1173,1377,1750,1921,2189]
[0,225,586,1173,1750,2189]
[0,90,1173,2189]
[0,586,1173,1377,1750,2189]
[0,90,380,586,1173,1377,1750,2189]
[0,586,1173,1750,2189]
[0,90,380,586,1173,1377,1750,1884,2189]
[0,380,586,1173,1377,1750,2189]
[0,1173,1750,2189]
[0,90,380,586,1173,1377,1750,1921,2189]
[0,90,225,586,1173,1750,2189]
[0,1174,2189]
[0,135,1173,1750,2189]
[0,90,361,586,1173,1750,2189]
[0,90,225,586,1173,1377,1750,2189]
[0,586,2189]
[0,380,586,1173,1750,2189]
[0,225,2189]
[0,225,586,1173,1377,1750,2189]
[0,586,1173,1377,1750,1884,2189]
[0,586,1173,2189]
[0,225,1174,2189]
[0,1750,2189]
[0,90,380,1173,1750,2189]
