[0,440,905,1430,1863,2189]
[0,91,308,440,905,1430,1863,2189]
[0,440,1430,2189]
[0,91,308,440,607,905,1430,1863,2105,2189]
[0,308,607,1863,2189]
[0,308,446,607,905,1368,1863,2189]
[0,446,905,2189]
[0,446,905,1368,1863,2189]
[0,308,446,607,905,1863,2189]
[0,308,440,905,1368,1430,1863,2105,2189]
[0,264,446,905,1368,1863,2189]
[0,607,1430,2189]
[0,446,1992,2189]
[0,264,446,1992,2189]
[0,446,1430,1863,2189]
[0,905,1430,2105,2189]
[0,91,308,440,905,1368,1430,1863,2105,2189]
[0,446,2189]
[0,440,1918,2189]
[0,308,446,1430,1863,2105,2189]
[0,308,440,1430,1863,2105,2189]
[0,440,905,2189]
[0,264,446,1863,2105,2189]
[0,607,905,1430,1863,2189]
[0,308,607,1430,1863,2189]
[0,607,1863,2189]
[0,264,446,905,1430,1992,2189]
[0,446,1430,2189]
[0,91,308,440,607,905,1430,1863,2189]
[0,440,1992,2189]
[0,308,607,1368,1863,2189]
[0,308,440,905,2105,2189]
[0,308,440,905,2189]
[0,905,2189]
[0,308,446,1863,2189]
[0,308,446,905,1863,2105,2189]
[0,308,446,905,1368,1863,2189]
[0,264,446,905,1368,1863,2105,2189]
[0,905,2105,2189]
[0,91,308,440,905,1430,1863,2105,2189]
[0,264,446,1863,2189]
[0,607,905,2189]
[0,607,1430,1863,2189]
[0,308,446,2189]
[0,264,446,905,1863,2189]
[0,308,440,905,1430,1863,2189]
[0,308,446,905,1430,1863,2189]
[0,91,308,440,607,905,1368,1430,1863,2105,2189]
[0,607,1368,1863,2189]
[0,91,308,446,607,905,1863,2189]
[0,91,308,446,905,1863,2189]
[0,91,308,446,607,905,1863,2105,2189]
[0,91,308,446,607,905,1368,1430,1863,2105,2189]
[0,308,446,607,905,1430,1863,2189]
[0,446,905,1430,2189]
[0,440,1863,2189]
[0,440,2189]
[0,1430,2189]
[0,607,2189]
[0,446,905,1368,2189]
[0,308,440,1863,2189]
[0,264,446,905,1992,2189]
[0,264,446,2189]
[0,91,308,446,905,1368,1863,2189]
[0,91,308,446,607,905,1430,1863,2189]
[0,91,308,446,607,905,1430,1863,2105,2189]
[0,1368,2189]
[0,308,446,1430,1863,2189]
[0,308,446,905,1430,1863,2105,2189]
[0,91,308,446,607,905,1368,1863,2189]
[0,440,905,1430,1992,2189]
[0,308,440,1863,2105,2189]
[0,91,308,446,905,1430,1863,2189]
[0,308,440,1430,1863,2189]
[0,440,1430,1863,2189]
[0,264,446,905,1863,2105,2189]
[0,446,905,1863,2189]
[0,607,1368,2189]
[0,91,308,446,905,1863,2105,2189]
[0,1863,2189]
[0,308,440,905,1430,1863,2105,2189]
[0,308,440,607,905,1430,1863,2189]
[0,308,607,905,1430,1863,2189]
[0,308,446,1863,2105,2189]
[0,308,440,2189]
[0,440,905,1992,2189]
[0,446,905,1430,1863,2189]
[0,1430,1863,2189]
[0,607,905,1863,2189]
[0,91,308,446,607,905,1368,1863,2105,2189]
[0,905,1430,2189]
[0,308,607,905,1368,1863,2189]
[0,2105,2189]
[0,905,1368,2189]
[0,308,607,905,1863,2189]
[0,91,308,446,905,1368,1863,2105,2189]
[0,446,905,1992,2189]
[0,91,308,446,905,1368,1430,1863,2105,2189]
[0,446,1863,2189]
[0,446,905,1430,1992,2189]
[0,440,905,1430,2189]
[0,308,446,905,1368,1430,1863,2105,2189]
[0,308,446,905,1863,2189]
[0,91,308,446,905,1430,1863,2105,2189]
