[0,301,498,801,1000,1240,1545,1892,2020]
[0,251,333,801,1000,1240,1362,1545,1892,2020]
[0,301,498,801,1000,1240,1545,2020]
[0,251,1240,1362,1892,2020]
[0,301,1000,1240,1545,1892,2020]
[0,301,1000,1240,1545,2020]
[0,120,301,498,801,1000,1240,1545,1892,2020]
[0,1000,1545,2020]
[0,251,1240,2020]
[0,251,1240,1545,2020]
[0,301,1240,1362,1892,2020]
[0,251,1651,2020]
[0,251,1000,1240,1362,1545,1892,2020]
[0,251,333,1000,1240,1362,1545,1892,2020]
[0,301,1240,1545,2020]
[0,1240,1545,2020]
[0,251,801,1000,1240,1545,1892,2020]
[0,1651,2020]
[0,301,1240,1362,2020]
[0,301,1545,2020]
[0,251,1240,1362,2020]
[0,301,801,1000,1240,1545,1892,2020]
[0,251,361,1000,1240,1362,1545,1892,2020]
[0,1545,2020]
[0,251,1240,1545,1892,2020]
[0,251,2020]
[0,251,1240,1892,2020]
[0,251,361,1240,1362,1545,1892,2020]
[0,251,1240,1362,1545,1892,2020]
[0,251,1362,2020]
[0,251,1000,1545,1892,2020]
[0,251,801,1000,1240,1545,2020]
[0,301,1362,2020]
[0,301,1240,1892,2020]
[0,251,801,1000,1240,1362,1545,1892,2020]
[0,251,1545,2020]
[0,301,1892,2020]
[0,1362,2020]
[0,301,498,801,1000,1240,1362,1545,1892,2020]
[0,301,1000,1240,1362,1545,1892,2020]
[0,301,1240,1545,1892,2020]
[0,301,2020]
[0,301,801,1000,1240,1362,1545,1892,2020]
[0,251,1000,1240,1545,2020]
[0,251,1000,1651,2020]
[0,301,1240,1362,1545,1892,2020]
[0,251,333,1240,1362,1545,1892,2020]
[0,251,1000,1545,2020]
[0,251,1892,2020]
[0,120,301,498,801,1000,1240,1362,1545,1892,2020]
[0,301,801,1000,1240,1545,2020]
[0,1000,1651,2020]
[0,251,1000,1240,1545,1892,2020]
[0,301,1240,2020]
[0,1240,2020]
[0,1000,2020]
