[0,165,828,922,1211,1465]
[0,165,652,828,922,1211,1465]
[0,775,1211,1465]
[0,165,652,775,922,1211,1465]
[0,165,762,922,1211,1465]
[0,672,1465]
[0,165,775,922,1211,1465]
[0,762,1465]
[0,817,1465]
[0,1211,1465]
[0,652,1465]
[0,828,1465]
[0,652,1211,1465]
[0,775,1465]
[0,165,762,828,922,1211,1465]
[0,817,1211,1465]
[0,828,1211,1465]
[0,652,828,1211,1465]
[0,165,828,1211,1465]
[0,762,1211,1465]
[0,672,1211,1465]
[0,165,762,1211,1465]
[0,165,775,1211,1465]
[0,165,652,775,922,1211,1415,1465]
[0,165,652,828,1211,1465]
[0,828,922,1211,1465]
[0,775,922,1211,1465]
[0,165,672,1211,1465]
[0,165,652,1211,1465]
