[0,50,488,877,1181,1419]
[0,488,877,1419]
[0,50,202,509,896,1181,1419]
[0,50,896,1179,1419]
[0,488,877,1181,1419]
[0,202,570,753,896,1181,1419]
[0,202,570,896,1419]
[0,857,1419]
[0,202,509,753,896,1181,1419]
[0,570,896,1179,1419]
[0,202,509,877,1181,1419]
[0,202,534,896,1181,1419]
[0,570,896,1181,1419]
[0,50,202,570,753,896,1181,1419]
[0,877,1181,1419]
[0,896,1419]
[0,509,896,1181,1419]
[0,509,877,1419]
[0,202,534,753,896,1181,1419]
[0,50,201,570,896,1179,1419]
[0,50,877,1181,1419]
[0,202,509,896,1181,1419]
[0,50,202,509,753,896,1181,1419]
[0,534,896,1419]
[0,509,877,1181,1419]
[0,50,202,509,877,1181,1419]
[0,570,896,1419]
[0,201,570,896,1419]
[0,201,570,896,1179,1419]
[0,201,570,753,896,1179,1419]
[0,50,896,1419]
[0,202,509,896,1419]
[0,50,202,534,753,896,1181,1419]
[0,202,877,1181,1419]
[0,50,202,534,896,1181,1419]
[0,202,534,896,1419]
[0,509,896,1419]
[0,202,570,896,1181,1419]
[0,534,896,1181,1419]
[0,896,1181,1419]
[0,50,570,896,1179,1419]
[0,50,201,570,753,896,1179,1419]
[0,896,1179,1419]
[0,50,570,896,1419]
[0,857,1181,1419]
[0,877,1419]
[0,50,202,570,896,1181,1419]
