[0,415,1696,2053]
[0,1696,2053]
[0,129,415,1696,2053]
[0,129,415,1696,1792,2053]
[0,129,453,1696,1918,2053]
[0,129,415,1479,1696,1792,2053]
[0,129,1696,1918,2053]
[0,129,415,1479,1696,1918,2053]
[0,1696,1850,2053]
[0,129,453,1479,1696,1850,2053]
[0,453,1696,1850,2053]
[0,129,415,1479,1696,1792,1918,2053]
[0,1479,1696,1850,2053]
[0,1696,1918,2053]
[0,1479,1696,1918,2053]
[0,415,1479,1696,2053]
[0,1479,1704,2053]
[0,129,1696,1850,2053]
[0,453,1704,2053]
[0,129,453,1696,1792,2053]
[0,129,1479,1696,2053]
[0,1704,2053]
[0,129,415,1479,1696,2053]
[0,415,1479,1696,1850,2053]
[0,453,1696,1918,2053]
[0,129,193,453,1479,1696,1792,1918,2053]
[0,453,1479,1696,2053]
[0,129,453,1479,1696,1918,2053]
[0,1479,1696,2053]
[0,1696,1792,2053]
[0,129,453,1479,1696,1792,2053]
[0,453,1479,1696,1850,2053]
[0,415,1479,1696,1918,2053]
[0,415,1696,1850,2053]
[0,453,1479,1696,1918,2053]
[0,129,453,1479,1696,2053]
[0,129,1696,1792,2053]
[0,415,1696,1918,2053]
[0,453,2053]
[0,129,1479,1704,2053]
[0,129,415,1696,1850,2053]
[0,129,453,1696,2053]
[0,129,453,1479,1704,2053]
[0,453,1479,1704,2053]
[0,129,415,1696,1918,2053]
[0,129,415,1479,1696,1850,2053]
[0,129,1696,2053]
[0,453,1696,2053]
[0,415,2053]
[0,129,453,1696,1850,2053]
[0,129,453,1479,1696,1792,1918,2053]
