[0,1570,2017]
[0,303,694,1198,1570,2017]
[0,303,694,1249,1570,2017]
[0,694,1249,1570,2017]
[0,303,462,694,1022,1249,1570,2017]
[0,303,691,1022,1249,1570,2017]
[0,303,462,694,1022,1249,1570,1852,2017]
[0,694,2017]
[0,303,691,1570,2017]
[0,1528,2017]
[0,303,1570,2017]
[0,303,2017]
[0,303,691,1249,1570,2017]
[0,303,694,1570,2017]
[0,462,1528,2017]
[0,201,303,694,1022,1249,1570,2017]
[0,694,1570,2017]
[0,691,1249,1570,2017]
[0,303,694,1022,1249,1570,1852,2017]
[0,201,303,462,694,888,1022,1249,1570,2017]
[0,201,303,694,1022,1249,1570,1852,2017]
[0,462,2017]
[0,691,2017]
[0,694,1198,1570,2017]
[0,303,462,694,888,1022,1249,1570,2017]
[0,691,1570,2017]
[0,201,303,462,694,1022,1249,1570,2017]
[0,303,694,1022,1249,1570,2017]
