[0,87,534,1343]
[0,155,534,838,1343]
[0,155,838,1343]
[0,254,534,838,1208,1343]
[0,254,534,838,1343]
[0,254,534,838,1067,1343]
[0,254,838,1343]
[0,87,534,838,1343]
[0,155,534,838,1208,1343]
[0,155,534,838,1067,1343]
[0,103,1343]
[0,254,838,1208,1343]
[0,155,703,838,1343]
[0,838,1343]
[0,534,1343]
[0,534,838,1343]
[0,87,254,534,838,1208,1343]
[0,87,534,838,1208,1343]
[0,155,254,534,838,1208,1343]
[0,534,838,1208,1343]
[0,103,254,534,838,1208,1343]
[0,103,534,838,1208,1343]
[0,155,254,534,838,1067,1343]
[0,534,838,1067,1343]
[0,87,1343]
[0,103,534,1343]
[0,103,254,534,838,1343]
[0,254,1343]
[0,103,254,534,838,1067,1343]
[0,155,1343]
[0,103,534,838,1343]
