[0,236,511,681,1003,1651]
[0,368,1003,1651]
[0,236,511,681,920,1003,1093,1256,1484,1651]
[0,93,236,511,681,1003,1651]
[0,55,236,511,681,920,1003,1093,1256,1484,1651]
[0,55,236,511,681,1003,1651]
[0,511,1003,1256,1651]
[0,236,511,1003,1651]
[0,236,511,681,1003,1256,1651]
[0,236,511,681,1003,1093,1484,1651]
[0,236,511,681,920,1003,1093,1484,1651]
[0,236,368,511,681,1003,1093,1256,1484,1651]
[0,236,511,681,1003,1256,1484,1651]
[0,55,236,511,681,920,1003,1484,1651]
[0,236,511,1003,1484,1651]
[0,55,236,511,681,1003,1484,1651]
[0,93,236,1003,1651]
[0,93,236,511,681,920,1003,1484,1651]
[0,236,368,511,681,920,1003,1093,1256,1484,1651]
[0,93,236,511,1003,1484,1651]
[0,93,236,511,1003,1651]
[0,236,368,511,681,1003,1484,1651]
[0,236,511,681,920,1003,1484,1651]
[0,55,236,511,1003,1651]
[0,55,236,511,1003,1484,1651]
[0,236,511,681,1003,1093,1256,1484,1651]
[0,511,1003,1651]
[0,1003,1651]
[0,236,511,681,1003,1484,1651]
[0,1003,1256,1651]
[0,93,236,511,681,1003,1484,1651]
[0,55,236,1003,1651]
[0,55,236,511,681,920,1003,1093,1484,1651]
[0,236,368,511,681,1003,1256,1484,1651]
[0,236,1003,1651]
[0,236,511,1003,1256,1651]
[0,55,236,368,511,681,920,1003,1093,1256,1484,1651]
