[0,53,1223,1294,2554]
[0,669,780,2554]
[0,733,780,1223,2554]
[0,1154,2554]
[0,733,1223,1294,2554]
[0,53,733,780,1223,1294,2554]
[0,53,733,1223,1294,2554]
[0,53,733,1223,2554]
[0,1223,2554]
[0,733,2554]
[0,53,733,1223,1936,2554]
[0,53,1154,2554]
[0,53,733,1223,1621,2554]
[0,669,1223,2554]
[0,669,780,1223,1294,2554]
[0,733,780,2554]
[0,53,1223,2554]
[0,53,669,780,1223,2554]
[0,53,669,780,1223,1294,2554]
[0,53,733,2554]
[0,733,1223,1936,2554]
[0,53,733,1223,1666,1936,2554]
[0,733,1223,1621,1936,2554]
[0,733,1223,1666,1936,2554]
[0,53,733,1223,1621,1936,2554]
[0,733,1223,1621,2554]
[0,1223,1294,2554]
[0,669,780,1223,2554]
[0,53,733,780,1223,2554]
[0,669,2554]
[0,733,1223,2554]
[0,733,1936,2554]
