[0,304,911,1465]
[0,235,343,915,1133,1272,1465]
[0,235,379,919,1133,1272,1465]
[0,304,939,1272,1465]
[0,235,304,939,1136,1272,1465]
[0,1136,1465]
[0,235,379,919,1272,1465]
[0,919,1133,1272,1465]
[0,939,1136,1272,1465]
[0,343,915,1465]
[0,1272,1465]
[0,911,1465]
[0,915,1133,1272,1465]
[0,235,343,919,1133,1272,1465]
[0,919,1272,1465]
[0,379,919,1272,1465]
[0,235,379,919,1133,1272,1317,1465]
[0,379,939,1465]
[0,343,919,1465]
[0,343,919,1133,1272,1465]
[0,304,939,1465]
[0,379,939,1272,1465]
[0,915,1272,1465]
[0,304,939,1136,1272,1465]
[0,915,1465]
[0,343,919,1272,1465]
[0,304,911,1272,1465]
[0,379,919,1465]
[0,939,1465]
[0,235,379,844,919,1133,1272,1317,1465]
[0,235,379,844,919,1133,1272,1465]
[0,235,379,939,1136,1272,1465]
[0,939,1272,1465]
[0,235,379,939,1272,1465]
[0,911,1272,1465]
[0,343,915,1133,1272,1465]
[0,343,915,1272,1465]
[0,911,1133,1272,1465]
[0,235,343,844,919,1133,1272,1465]
[0,919,1465]
[0,235,379,939,1136,1272,1317,1465]
