[0,532,815,969]
[0,532,969]
[0,117,329,815,969]
[0,390,532,815,969]
[0,329,532,969]
[0,329,441,532,815,969]
[0,117,329,406,483,532,815,969]
[0,117,329,441,532,815,969]
[0,117,329,436,532,815,969]
[0,483,532,815,969]
[0,117,329,390,441,483,532,815,969]
[0,329,390,483,532,815,969]
[0,390,483,532,815,969]
[0,406,483,532,815,969]
[0,329,969]
[0,483,969]
[0,329,815,969]
[0,117,329,483,815,969]
[0,117,329,483,532,815,969]
[0,441,532,815,969]
[0,329,390,532,815,969]
[0,406,532,815,969]
[0,815,969]
[0,117,329,390,532,815,969]
[0,329,483,815,969]
[0,483,532,969]
[0,329,532,815,969]
[0,329,406,532,815,969]
[0,117,329,390,483,532,815,969]
[0,329,406,483,532,815,969]
[0,329,483,532,815,969]
[0,117,329,532,815,969]
[0,117,329,406,532,815,969]
