[0,1480,2509,3309,4029,4758]
[0,122,802,2509,3309,4029,4758]
[0,122,802,2509,3309,4758]
[0,1480,2509,3312,4758]
[0,1480,2509,3228,4758]
[0,408,650,2509,3309,4758]
[0,3312,4758]
[0,122,802,1480,2509,3309,4029,4758]
[0,802,1480,2509,3228,4758]
[0,122,2509,3228,4758]
[0,1480,3228,4029,4758]
[0,802,2509,3228,4758]
[0,408,2509,3309,4029,4758]
[0,1481,3309,4758]
[0,122,802,1480,2509,3228,4758]
[0,1481,2509,3309,4029,4758]
[0,122,650,2509,3309,4029,4758]
[0,802,2509,3309,4758]
[0,2509,3228,4029,4758]
[0,2509,4758]
[0,802,1480,2509,3228,4029,4758]
[0,122,802,1481,2509,3309,4029,4758]
[0,408,2509,4758]
[0,408,650,2509,3309,4029,4758]
[0,3228,4758]
[0,1480,2509,3309,4758]
[0,122,2509,3228,4029,4758]
[0,1480,3228,4758]
[0,802,1480,2509,3309,4758]
[0,122,2509,3309,4758]
[0,523,4758]
[0,2509,3309,4029,4758]
[0,3309,4758]
[0,122,802,1480,2509,3309,4758]
[0,802,1480,2509,3309,4029,4758]
[0,802,3228,4758]
[0,122,408,650,1481,2509,3309,4029,4758]
[0,650,1481,2509,3309,4029,4758]
[0,650,2509,3309,4029,4758]
[0,802,1481,2509,3309,4029,4758]
[0,2509,3312,4758]
[0,122,2509,3309,4029,4758]
[0,2509,3228,4758]
[0,3130,4758]
[0,2150,3312,4758]
[0,3228,4029,4758]
[0,1481,2509,3309,4758]
[0,408,2509,3309,4758]
[0,523,3130,4758]
[0,1480,2509,3228,4029,4758]
[0,802,3309,4758]
[0,122,408,650,2509,3309,4029,4758]
[0,2509,3309,4758]
[0,122,802,2509,3228,4758]
[0,802,2509,3309,4029,4758]
[0,1480,2509,4758]
[0,122,802,1480,2509,3228,4029,4758]
[0,1481,4758]
[0,408,650,1481,2509,3309,4029,4758]
