[0,266,761,1126,1343]
[0,266,701,761,1343]
[0,301,701,1126,1343]
[0,78,301,701,1126,1343]
[0,78,461,741,1126,1343]
[0,78,266,461,761,1126,1343]
[0,78,701,1343]
[0,78,266,461,701,761,1126,1343]
[0,461,761,1126,1343]
[0,78,301,701,761,1126,1343]
[0,266,461,761,1126,1343]
[0,266,701,761,1126,1343]
[0,301,761,1126,1343]
[0,78,301,761,1126,1343]
[0,266,741,1126,1343]
[0,266,1343]
[0,301,701,1343]
[0,266,761,1343]
[0,190,741,1126,1343]
[0,78,266,761,1126,1343]
[0,301,761,1343]
[0,301,701,761,1126,1343]
[0,301,461,701,1126,1343]
[0,266,741,1343]
[0,461,741,1126,1343]
[0,301,741,1343]
[0,301,1343]
[0,741,1126,1343]
[0,761,1343]
[0,78,266,701,761,1126,1343]
[0,1126,1343]
[0,741,1343]
[0,301,741,1126,1343]
[0,266,1126,1343]
[0,301,701,761,1343]
[0,78,461,761,1126,1343]
[0,78,301,1126,1343]
[0,301,1126,1343]
[0,461,1343]
[0,78,301,1343]
[0,78,301,461,701,1126,1343]
[0,78,266,461,741,1126,1343]
[0,461,761,1343]
[0,701,1343]
[0,461,741,1343]
[0,78,1343]
[0,266,461,741,1126,1343]
[0,78,1126,1343]
[0,190,1343]
[0,190,1126,1343]
[0,78,301,741,1126,1343]
