[0,108,289,1139,1896,2017]
[0,289,870,1139,1722,1896,2017]
[0,108,289,357,1139,1896,2017]
[0,289,554,870,1139,1722,2017]
[0,289,2017]
[0,108,289,1139,2017]
[0,870,1139,1860,2017]
[0,289,1139,1860,2017]
[0,289,1860,2017]
[0,108,289,554,870,1139,1860,2017]
[0,108,289,357,2017]
[0,289,554,870,1139,1860,2017]
[0,289,775,1139,2017]
[0,108,289,907,1139,2017]
[0,289,907,1139,2017]
[0,1139,1722,2017]
[0,1139,1834,2017]
[0,289,870,1139,1722,2017]
[0,289,870,1139,2017]
[0,289,554,870,1139,2017]
[0,108,289,2017]
[0,907,1139,1896,2017]
[0,289,554,870,1139,1722,1896,2017]
[0,775,1139,2017]
[0,108,289,870,1139,1722,1896,2017]
[0,108,289,357,554,870,1139,1860,2017]
[0,289,1126,1778,2017]
[0,108,289,357,554,870,1139,1722,1896,2017]
[0,289,870,1139,1860,2017]
[0,289,775,1139,1834,2017]
[0,108,289,357,870,1139,1896,2017]
[0,108,289,870,1139,1860,2017]
[0,870,1139,1896,2017]
[0,289,357,2017]
[0,289,1139,1722,2017]
[0,289,1139,1834,2017]
[0,108,289,554,870,1139,1722,1896,2017]
[0,289,554,870,1139,1896,2017]
[0,108,289,1139,1834,2017]
[0,108,2017]
[0,108,289,357,907,1139,1896,2017]
[0,108,289,1139,1860,2017]
[0,108,289,1896,2017]
[0,1139,1896,2017]
[0,108,289,357,870,1139,1860,2017]
[0,108,289,907,1139,1896,2017]
[0,108,289,775,1139,1834,2017]
[0,108,289,357,1139,2017]
[0,108,289,357,1139,1860,2017]
[0,289,907,1139,1896,2017]
[0,108,289,1860,2017]
[0,108,289,357,554,870,1139,1896,2017]
[0,289,870,1139,1896,2017]
[0,870,1139,2017]
[0,108,289,870,1139,1896,2017]
[0,289,1139,2017]
[0,289,1126,2017]
[0,1126,2017]
[0,1139,1860,2017]
[0,108,289,870,1139,2017]
[0,289,1139,1896,2017]
[0,289,1896,2017]
[0,1896,2017]
[0,1139,2017]
[0,108,289,554,870,1139,1896,2017]
[0,907,1139,2017]
