[0,632,1221,1797,2153,2824]
[0,632,1221,1970,2153,2654,2824]
[0,632,1221,1797,2137,2824]
[0,632,1221,1970,2137,2824]
[0,467,632,1221,1523,1797,1970,2137,2824]
[0,632,1221,1797,2153,2654,2824]
[0,632,1221,1947,2228,2824]
[0,632,1221,1947,2153,2824]
[0,632,1221,2137,2824]
[0,632,1221,2824]
[0,632,1221,1523,1797,2137,2824]
[0,632,1221,1797,1970,2137,2824]
[0,1209,2153,2824]
[0,1221,2228,2824]
[0,1221,2153,2824]
[0,1209,2824]
[0,632,1209,1947,2153,2824]
[0,1221,2137,2824]
[0,632,1209,2824]
[0,632,1221,1970,2153,2824]
[0,467,632,1221,1523,1797,1970,2153,2654,2824]
[0,632,1221,2153,2824]
[0,632,1221,1523,1797,1970,2153,2824]
[0,632,1221,1523,1797,2153,2654,2824]
[0,632,1221,1523,1797,1970,2153,2654,2824]
[0,632,1221,2228,2824]
[0,1142,2824]
[0,632,1209,2153,2824]
[0,632,1221,1523,1797,2153,2824]
[0,632,1221,1523,1797,1970,2137,2824]
[0,1221,2824]
