[0,137,409,881,1107,1343]
[0,881,1343]
[0,137,1343]
[0,137,409,881,948,1107,1343]
[0,137,189,881,1107,1343]
[0,71,137,409,881,1107,1343]
[0,71,137,189,881,1107,1343]
[0,409,881,1343]
[0,71,137,189,409,881,948,1107,1299,1343]
[0,71,137,189,409,881,948,1013,1107,1299,1343]
[0,71,137,189,409,881,948,1013,1107,1343]
[0,71,137,881,1107,1343]
[0,71,137,409,881,1107,1299,1343]
[0,71,137,189,409,881,1107,1299,1343]
[0,71,137,881,948,1107,1343]
[0,71,137,189,881,948,1107,1343]
[0,71,137,189,881,948,1013,1107,1343]
[0,881,1107,1343]
[0,137,881,1343]
[0,137,881,948,1107,1343]
[0,71,137,189,409,881,948,1107,1343]
[0,409,881,1107,1343]
[0,71,137,189,409,881,1107,1343]
[0,71,137,409,881,948,1013,1107,1343]
[0,71,137,409,881,948,1107,1343]
[0,71,137,881,948,1013,1107,1343]
[0,137,881,1107,1343]
