[0,1593,3220,3353]
[0,1605,2046,3353]
[0,104,1250,1593,2972,3223,3353]
[0,613,1261,1424,2972,3353]
[0,613,1424,2046,2222,2972,3353]
[0,1250,1593,3220,3353]
[0,1605,2972,3223,3353]
[0,613,1250,1605,3353]
[0,1261,1424,2046,3353]
[0,613,2241,3353]
[0,613,1250,1593,3223,3353]
[0,104,613,1250,1593,3220,3353]
[0,613,1261,1424,1605,2046,2222,2972,3353]
[0,104,613,1250,1593,2972,3223,3353]
[0,613,1250,1424,1605,2046,2222,2972,3353]
[0,1250,1605,2046,3353]
[0,104,460,613,1250,1605,2046,2222,2972,3223,3353]
[0,1250,1605,2046,2222,2972,3353]
[0,1250,1593,2046,3353]
[0,487,613,1261,1424,1605,2046,2222,2972,3223,3353]
[0,104,613,1261,1424,1605,2046,2222,2972,3223,3353]
[0,1424,2046,2222,2972,3353]
[0,613,1424,3353]
[0,613,1250,1593,3353]
[0,613,1261,1605,3353]
[0,1261,1424,2046,2222,2972,3353]
[0,1424,2046,2222,2972,3223,3353]
[0,613,1261,1605,2046,2222,3353]
[0,1250,1593,2046,2972,3353]
[0,1250,1593,2972,3353]
[0,104,1261,1605,2046,2222,2972,3223,3353]
[0,104,1593,2972,3223,3353]
[0,613,1250,1593,2046,2972,3223,3353]
[0,1261,1605,2046,2222,2972,3223,3353]
[0,613,1250,1605,2046,2222,3353]
[0,104,1261,1424,2972,3223,3353]
[0,1424,2046,2972,3223,3353]
[0,1250,1593,2046,2222,2972,3353]
[0,1261,1424,3353]
[0,613,1261,1424,2046,3223,3353]
[0,104,1605,2046,2972,3223,3353]
[0,613,1250,1605,2046,2222,2972,3353]
[0,613,1261,1424,2046,2972,3353]
[0,460,613,1250,1605,3223,3353]
[0,460,613,1250,1605,2972,3353]
[0,487,613,1261,1605,3223,3353]
[0,104,460,613,1605,3223,3353]
[0,613,1250,1424,1605,2046,2222,3353]
[0,613,1261,1605,2046,2972,3223,3353]
[0,1250,1593,3353]
[0,1261,1424,2046,3223,3353]
[0,104,1250,1593,3220,3353]
[0,1261,1424,2046,2972,3353]
[0,613,1424,2046,2972,3353]
[0,613,3353]
[0,613,1250,1593,2046,2222,2972,3353]
[0,1593,2046,2222,2972,3223,3353]
[0,613,1261,1424,2046,2222,2972,3223,3353]
[0,613,1424,2046,3353]
[0,1593,2046,2222,3353]
[0,104,613,1250,1605,2046,2222,2972,3223,3353]
[0,104,460,613,1250,1605,2972,3223,3353]
[0,460,613,1250,1605,2046,2222,3353]
[0,104,487,613,1261,1424,1605,2046,2222,2972,3223,3353]
[0,460,613,1250,1605,2046,2222,2972,3353]
[0,1261,1605,2046,2972,3353]
[0,613,1605,3353]
[0,613,1250,1593,2057,3353]
[0,460,613,1250,1424,1605,2046,2222,2972,3223,3353]
[0,1605,3223,3353]
[0,1605,2972,3353]
[0,104,1593,3223,3353]
[0,104,487,613,1605,3223,3353]
[0,1250,1593,2046,2222,3353]
[0,613,1250,1593,2972,3353]
[0,1593,2046,2222,2972,3353]
[0,1593,2972,3223,3353]
[0,104,1424,3353]
[0,104,613,1250,1424,1605,2046,2222,2972,3223,3353]
[0,1261,1424,2972,3353]
[0,104,460,613,1250,1424,1605,2046,2222,2972,3223,3353]
[0,613,1605,2046,2972,3353]
[0,487,613,1261,1605,2046,2222,2972,3223,3353]
[0,613,1250,1424,1605,2046,2222,2972,3223,3353]
[0,104,613,1261,1424,2972,3223,3353]
[0,1424,2972,3223,3353]
[0,104,1605,2972,3223,3353]
[0,1261,1605,2046,3353]
[0,104,1424,2972,3223,3353]
[0,1593,2046,3353]
[0,1250,1605,2046,2222,2972,3223,3353]
[0,104,1605,2046,2222,2972,3223,3353]
[0,1261,1605,3353]
[0,104,460,613,1250,1605,2046,2972,3223,3353]
[0,613,1261,1424,2046,2972,3223,3353]
[0,1261,1424,2046,2222,2972,3223,3353]
[0,613,1250,1605,2046,2972,3223,3353]
[0,487,613,1261,1605,2046,2972,3223,3353]
[0,1605,2046,2972,3353]
[0,104,1605,3223,3353]
[0,104,613,1250,1593,2057,3220,3353]
[0,104,613,1261,1424,3353]
[0,613,1250,1593,2046,2972,3353]
[0,104,460,613,1250,1605,3223,3353]
[0,104,1261,1424,3353]
[0,1593,2046,2972,3223,3353]
[0,460,613,1250,1424,1605,2046,2222,3353]
[0,104,1424,2057,3220,3353]
[0,613,1261,1605,2046,3353]
[0,1424,2046,3353]
[0,1424,2057,3353]
[0,104,1261,1424,2046,2972,3223,3353]
[0,613,1250,1605,2972,3223,3353]
[0,613,1593,2046,3353]
[0,104,1593,2046,2972,3223,3353]
[0,104,487,613,1261,1605,2972,3223,3353]
[0,2241,3353]
[0,1261,1605,2046,2222,2972,3353]
[0,104,1261,1424,2046,2222,2972,3223,3353]
[0,1593,2046,2972,3353]
[0,460,613,1250,1605,2046,2972,3353]
[0,613,1424,2972,3353]
[0,1424,2046,3223,3353]
[0,1424,2046,2972,3353]
[0,104,1250,1593,2046,2222,2972,3223,3353]
[0,1605,2046,2222,2972,3223,3353]
[0,613,1593,2046,2972,3353]
[0,460,613,1250,1605,2046,2222,2972,3223,3353]
[0,460,613,1605,3353]
[0,1424,3353]
[0,460,613,1250,1605,2972,3223,3353]
[0,104,487,613,1261,1605,2046,2222,2972,3223,3353]
[0,1605,2046,2222,3353]
[0,613,1250,1605,2972,3353]
[0,613,1593,3220,3353]
[0,613,1424,2046,2222,3353]
[0,613,1593,3353]
[0,613,1250,1593,3220,3353]
[0,104,1250,1605,2046,2222,2972,3223,3353]
[0,1593,3223,3353]
[0,1593,2972,3353]
[0,487,613,1605,3223,3353]
[0,1250,1605,2046,2972,3353]
[0,613,1250,1605,2046,2972,3353]
[0,460,613,1250,1424,1605,2046,2222,2972,3353]
[0,1605,2046,2222,2972,3353]
[0,1261,1605,2046,2222,3353]
[0,1250,1593,2972,3223,3353]
[0,1261,1424,2046,2222,3353]
[0,613,1261,1424,1605,2046,2222,3353]
[0,1424,2046,2222,3353]
[0,104,487,613,1261,1605,3223,3353]
[0,613,1593,2057,3353]
[0,613,1250,1593,2057,3220,3353]
[0,613,2972,3353]
[0,613,1250,1593,2046,3353]
[0,104,1593,2046,2222,2972,3223,3353]
[0,613,1250,1593,2046,2222,2972,3223,3353]
[0,104,613,1250,1593,2046,2222,2972,3223,3353]
[0,613,1605,2046,3353]
[0,1250,1593,2046,2222,2972,3223,3353]
[0,104,613,1261,1605,2046,2222,2972,3223,3353]
[0,613,1261,1605,2972,3223,3353]
[0,104,1424,2046,3223,3353]
[0,1605,3353]
[0,613,1261,1605,2046,2222,2972,3223,3353]
[0,613,1261,1605,3223,3353]
[0,1424,3223,3353]
[0,613,1261,1424,2046,2222,2972,3353]
[0,613,1261,1605,2972,3353]
[0,613,1605,3223,3353]
[0,1261,1424,2972,3223,3353]
[0,1424,2972,3353]
[0,613,1605,2972,3353]
[0,613,1261,1424,1605,2046,2222,2972,3223,3353]
[0,104,613,1261,1424,2046,2222,2972,3223,3353]
[0,613,1593,3223,3353]
[0,613,1593,2972,3353]
[0,1250,1605,2046,2222,3353]
[0,1250,1605,3353]
[0,460,613,1250,1605,3353]
[0,613,1250,1593,2046,2222,3353]
[0,104,487,613,1261,1605,2046,2972,3223,3353]
[0,1593,3353]
[0,460,613,1250,1605,2046,3353]
[0,613,1261,1424,2046,2222,3353]
[0,487,613,1261,1605,2972,3223,3353]
[0,613,1250,1593,2972,3223,3353]
[0,1605,2046,2972,3223,3353]
[0,460,613,1605,3223,3353]
[0,613,1250,1605,2046,3353]
[0,613,1261,1605,2046,2222,2972,3353]
[0,613,1261,1424,3353]
[0,1261,1424,2046,2972,3223,3353]
[0,104,1593,3220,3353]
[0,613,1250,1605,2046,2222,2972,3223,3353]
[0,613,1261,1424,2046,3353]
[0,460,613,1250,1605,2046,2972,3223,3353]
[0,613,1250,1605,3223,3353]
[0,104,1261,1424,2046,3223,3353]
[0,613,1261,1424,2972,3223,3353]
[0,613,1261,1605,2046,2972,3353]
[0,1424,2057,3220,3353]
