[0,583,1617,2017]
[0,360,531,864,1239,1617,2017]
[0,1636,2017]
[0,1286,2017]
[0,360,531,1007,1400,1617,2017]
[0,360,531,992,1617,2017]
[0,531,864,2017]
[0,360,531,1239,1400,2017]
[0,360,531,864,1007,1239,1400,1617,1759,2017]
[0,531,992,1400,2017]
[0,360,531,1007,1617,2017]
[0,360,531,1239,1400,1617,1759,2017]
[0,531,864,1007,1617,1759,2017]
[0,360,531,864,1239,1617,1759,2017]
[0,531,1007,1400,2017]
[0,360,531,864,992,1239,1400,1617,1759,2017]
[0,360,531,864,1239,1400,1617,2017]
[0,583,2017]
[0,360,531,1239,1617,2017]
[0,360,531,1617,1759,2017]
[0,531,864,1400,2017]
[0,864,1617,1759,2017]
[0,1617,2017]
[0,360,531,864,1007,1617,2017]
[0,531,864,1007,1617,2017]
[0,864,2017]
[0,1617,1759,2017]
[0,360,531,864,992,1617,1759,2017]
[0,531,1617,2017]
[0,360,531,864,992,1239,1617,1759,2017]
[0,531,1007,1400,1617,2017]
[0,531,2017]
[0,531,1007,2017]
[0,360,531,1007,1617,1759,2017]
[0,360,531,864,1007,1400,1617,2017]
[0,531,992,1617,1759,2017]
[0,360,531,864,1007,1400,1617,1759,2017]
[0,360,531,992,1617,1759,2017]
[0,360,531,1400,2017]
[0,1400,2017]
[0,864,1617,2017]
[0,531,864,1239,1617,2017]
[0,360,531,864,1007,1617,1759,2017]
[0,531,1636,2017]
[0,531,1286,2017]
[0,360,531,864,992,1239,1400,2017]
[0,360,531,864,1007,1400,2017]
[0,360,531,1239,1617,1759,2017]
[0,531,864,992,1617,1759,2017]
[0,531,1400,2017]
[0,360,531,864,1400,2017]
[0,864,1007,1617,2017]
[0,360,531,864,1239,1400,2017]
[0,531,1239,1617,2017]
[0,360,531,864,1007,1239,1400,2017]
[0,360,531,1239,1400,1617,2017]
[0,360,531,864,992,1400,2017]
[0,360,531,864,1239,1400,1617,1759,2017]
[0,531,992,1617,2017]
[0,360,531,1007,1400,2017]
[0,360,531,864,1007,1239,1400,1617,2017]
[0,531,1617,1759,2017]
[0,360,531,1617,2017]
[0,360,531,992,1400,2017]
[0,531,1007,1617,2017]
[0,864,992,1617,1759,2017]
[0,531,992,2017]
[0,864,1007,1617,1759,2017]
