[0,273,596,929,1210,1399,1465]
[0,226,596,1210,1465]
[0,273,596,929,1399,1465]
[0,226,596,673,1465]
[0,273,596,649,929,1399,1465]
[0,226,596,1399,1465]
[0,273,596,1465]
[0,273,596,673,929,1399,1465]
[0,226,596,929,1210,1465]
[0,273,596,929,1465]
[0,226,596,929,1399,1465]
[0,929,1465]
[0,273,1465]
[0,226,596,649,929,1465]
[0,596,929,1465]
[0,226,544,596,649,929,1210,1399,1465]
[0,226,648,929,1465]
[0,273,596,673,1210,1465]
[0,226,596,1465]
[0,273,596,1210,1465]
[0,226,648,929,1399,1465]
[0,596,929,1210,1465]
[0,596,1465]
[0,273,596,673,929,1210,1399,1465]
[0,226,596,929,1210,1399,1465]
[0,273,596,673,1465]
[0,226,1399,1465]
[0,1210,1465]
[0,673,1465]
[0,226,1465]
[0,1399,1465]
[0,226,544,596,673,929,1399,1465]
[0,226,596,649,929,1210,1399,1465]
[0,596,1210,1465]
[0,226,596,673,929,1465]
[0,596,673,1465]
[0,226,596,673,929,1210,1399,1465]
[0,226,648,1399,1465]
[0,226,544,596,649,929,1399,1465]
[0,226,596,929,1465]
[0,273,544,596,649,929,1210,1399,1465]
[0,226,544,596,673,929,1210,1399,1465]
[0,273,596,929,1210,1465]
[0,273,596,649,929,1210,1399,1465]
[0,273,596,649,929,1465]
[0,273,544,596,673,929,1399,1465]
[0,273,544,596,649,929,1399,1465]
[0,648,929,1465]
[0,226,596,649,929,1399,1465]
[0,226,596,673,929,1210,1465]
[0,226,648,1465]
[0,273,544,596,673,929,1210,1399,1465]
[0,648,1465]
[0,273,596,673,929,1465]
[0,226,596,673,1210,1465]
[0,226,596,673,929,1399,1465]
[0,273,596,673,929,1210,1465]
