[0,488,614,696,762,969]
[0,80,488,614,696,762,969]
[0,488,696,833,969]
[0,80,488,614,969]
[0,80,488,969]
[0,488,969]
[0,380,969]
[0,80,488,614,696,969]
[0,380,696,969]
[0,43,488,614,696,969]
[0,380,488,532,614,696,762,969]
[0,380,488,532,614,696,762,833,969]
[0,488,532,614,696,833,888,969]
[0,43,380,488,532,614,696,762,833,969]
[0,380,488,696,833,969]
[0,43,488,614,696,833,888,969]
[0,43,488,532,614,696,833,888,969]
[0,380,488,614,696,762,833,969]
[0,380,488,614,696,833,969]
[0,80,380,488,614,696,969]
[0,43,488,532,614,696,762,969]
[0,488,532,614,696,762,969]
[0,43,488,614,696,833,969]
[0,488,614,696,833,888,969]
[0,80,380,488,614,696,833,969]
[0,380,488,614,696,833,888,969]
[0,488,696,969]
[0,380,488,532,614,696,833,888,969]
[0,80,969]
[0,488,614,696,969]
[0,43,380,488,532,614,696,762,969]
[0,380,488,614,696,762,969]
[0,43,380,488,532,614,696,833,888,969]
[0,380,488,614,696,762,833,888,969]
[0,80,488,696,969]
[0,43,488,614,696,762,969]
[0,80,380,488,614,696,762,969]
[0,380,488,696,969]
[0,380,488,614,696,969]
[0,488,614,696,833,969]
[0,80,488,614,696,833,969]
[0,488,614,969]
[0,614,969]
[0,80,614,969]
[0,43,380,488,614,696,762,969]
[0,380,696,833,969]
[0,43,380,488,532,614,696,762,833,888,969]
[0,380,488,532,614,696,762,833,888,969]
