[0,262,596,1195,1520,2020]
[0,271,604,1281,1520,2020]
[0,262,596,1273,1520,2020]
[0,271,470,604,1272,1520,1798,2020]
[0,271,604,1272,1520,1798,2020]
[0,262,596,1195,2020]
[0,596,1273,2020]
[0,271,470,596,1273,1520,1798,2020]
[0,271,596,1281,2020]
[0,470,1520,2020]
[0,262,596,1195,1520,1798,2020]
[0,271,596,1273,1520,1798,2020]
[0,271,596,1272,2020]
[0,470,1496,2020]
[0,604,1281,2020]
[0,470,1195,1520,2020]
[0,604,1272,2020]
[0,271,596,1272,1520,1798,2020]
[0,271,604,1281,1520,1798,2020]
[0,470,1272,1536,2020]
[0,1281,2020]
[0,271,470,604,1281,1520,1798,2020]
[0,1195,2020]
[0,271,596,1281,1520,1798,2020]
[0,1272,2020]
[0,271,596,1272,1520,2020]
[0,262,470,596,1195,1520,1798,2020]
[0,596,1281,2020]
[0,596,1195,2020]
[0,271,596,1273,1520,2020]
[0,596,1272,2020]
[0,262,596,1273,2020]
[0,262,470,1195,1520,2020]
[0,262,596,1273,1520,1798,2020]
[0,1496,2020]
[0,262,470,1520,2020]
[0,470,1520,1798,2020]
[0,271,470,596,1281,1520,1798,2020]
[0,271,604,1281,2020]
[0,596,1195,1520,2020]
[0,271,604,1272,2020]
[0,271,596,1281,1520,2020]
[0,271,596,1273,2020]
[0,271,604,1272,1520,2020]
[0,1520,2020]
[0,470,1195,1520,1798,2020]
[0,470,1272,2020]
[0,262,470,596,1273,1520,1798,2020]
[0,470,1195,2020]
[0,1273,2020]
[0,262,470,1195,1520,1798,2020]
[0,262,470,1520,1798,2020]
