[0,558,869,1046]
[0,442,824,930,1046]
[0,530,607,712,869,930,1046]
[0,215,530,1046]
[0,215,287,442,530,607,869,930,1046]
[0,215,287,530,607,712,869,930,1046]
[0,287,869,1046]
[0,287,607,1046]
[0,442,869,1046]
[0,215,442,530,607,712,930,1046]
[0,215,442,607,930,1046]
[0,558,930,1046]
[0,530,607,712,930,1046]
[0,59,442,607,712,869,930,1046]
[0,530,607,1046]
[0,530,607,930,1046]
[0,215,530,712,1046]
[0,215,287,442,530,607,712,930,1046]
[0,442,1046]
[0,442,530,607,712,869,930,1046]
[0,215,442,607,712,930,1046]
[0,215,530,712,930,1046]
[0,59,287,607,869,1046]
[0,215,287,530,607,824,869,930,1046]
[0,530,712,1046]
[0,530,712,930,1046]
[0,558,1046]
[0,287,607,869,1046]
[0,215,442,1046]
[0,442,607,712,869,930,1046]
[0,442,607,712,930,1046]
[0,215,530,607,930,1046]
[0,442,558,712,869,930,1046]
[0,251,824,1046]
[0,287,1046]
[0,215,287,442,530,607,824,869,930,1046]
[0,215,287,442,530,607,930,1046]
[0,287,558,1046]
[0,215,287,530,607,712,930,1046]
[0,558,712,1046]
[0,442,558,712,930,1046]
[0,558,712,930,1046]
[0,215,287,530,607,869,930,1046]
[0,824,1046]
[0,287,558,869,1046]
[0,442,607,1046]
[0,215,287,442,530,607,712,869,930,1046]
[0,442,530,607,712,930,1046]
[0,442,607,869,1046]
[0,215,530,930,1046]
[0,215,287,530,607,930,1046]
[0,215,442,607,1046]
[0,442,930,1046]
[0,251,1046]
[0,530,930,1046]
[0,215,442,530,607,930,1046]
[0,442,530,607,930,1046]
[0,215,530,607,712,930,1046]
[0,59,442,530,607,712,869,930,1046]
[0,442,607,930,1046]
[0,869,1046]
[0,530,1046]
[0,607,1046]
[0,930,1046]
