[0,104,204,482,696,844,1046]
[0,54,204,482,696,844,1046]
[0,180,482,696,844,1046]
[0,320,482,696,844,1046]
[0,54,204,1046]
[0,54,204,482,696,1046]
[0,104,204,482,696,870,1046]
[0,54,180,1046]
[0,136,204,482,1046]
[0,54,482,696,844,1046]
[0,54,136,320,482,535,696,844,1046]
[0,54,180,482,1046]
[0,136,204,1046]
[0,54,204,482,1046]
[0,204,482,696,1046]
[0,54,180,482,535,696,844,1046]
[0,136,320,482,696,1046]
[0,136,320,482,535,696,844,1046]
[0,136,320,482,696,844,1046]
[0,482,1046]
[0,54,180,482,696,1046]
[0,180,482,1046]
[0,320,482,696,1046]
[0,482,696,844,1046]
[0,535,1046]
[0,180,482,696,1046]
[0,204,482,1046]
[0,54,180,482,696,844,1046]
[0,54,482,1046]
[0,136,204,482,696,844,1046]
[0,136,204,482,535,696,844,1046]
[0,482,696,1046]
[0,204,482,696,844,1046]
[0,482,696,870,1046]
[0,54,136,320,482,696,844,1046]
[0,180,1046]
[0,204,482,696,870,1046]
[0,54,482,696,1046]
[0,204,1046]
[0,136,204,482,696,1046]
