[0,325,997]
[0,265,394,997]
[0,41,997]
[0,633,997]
[0,41,325,394,546,633,997]
[0,41,265,394,633,997]
[0,41,265,394,864,997]
[0,265,394,546,633,997]
[0,265,546,864,997]
[0,265,394,633,997]
[0,41,265,394,997]
[0,394,546,864,997]
[0,325,546,633,997]
[0,864,997]
[0,546,864,997]
[0,325,633,997]
[0,265,394,546,864,997]
[0,265,394,864,997]
[0,265,997]
[0,265,633,997]
[0,265,864,997]
[0,41,265,394,546,633,997]
[0,41,864,997]
[0,41,394,546,864,997]
[0,325,394,546,633,997]
[0,41,394,546,997]
[0,394,864,997]
[0,41,265,394,850,997]
[0,41,265,394,546,864,997]
[0,850,997]
[0,546,997]
[0,265,546,850,997]
[0,337,997]
[0,41,546,864,997]
[0,265,394,546,850,997]
[0,265,394,850,997]
[0,265,850,997]
[0,41,850,997]
[0,41,394,997]
[0,97,997]
[0,337,850,997]
[0,394,997]
[0,625,997]
[0,41,265,394,546,850,997]
[0,394,546,997]
[0,265,546,997]
[0,325,394,997]
[0,41,337,850,997]
[0,325,394,633,997]
[0,41,625,997]
