[0,360,1466,1875]
[0,360,503,1494,1806,1875]
[0,373,924,1875]
[0,360,924,1466,1875]
[0,307,496,924,1324,1495,1875]
[0,203,373,924,1324,1495,1806,1875]
[0,307,503,1494,1806,1875]
[0,373,496,924,1324,1495,1806,1875]
[0,924,1495,1875]
[0,1494,1875]
[0,307,373,924,1494,1806,1875]
[0,307,373,924,1324,1494,1806,1875]
[0,207,373,924,1494,1806,1875]
[0,307,503,1494,1875]
[0,203,373,924,1324,1495,1875]
[0,373,1806,1875]
[0,360,503,924,1466,1806,1875]
[0,360,1494,1875]
[0,307,1495,1875]
[0,307,1494,1806,1875]
[0,373,924,1495,1875]
[0,360,924,1494,1875]
[0,307,1875]
[0,360,1875]
[0,924,1494,1875]
[0,307,503,924,1494,1875]
[0,307,373,1495,1806,1875]
[0,307,373,496,924,1324,1494,1806,1875]
[0,360,503,1466,1806,1875]
[0,207,373,924,1324,1494,1806,1875]
[0,307,496,1494,1875]
[0,373,496,924,1495,1875]
[0,307,373,496,924,1324,1495,1806,1875]
[0,1495,1875]
[0,373,924,1494,1806,1875]
[0,207,373,924,1494,1875]
[0,307,503,924,1494,1806,1875]
[0,373,1466,1875]
[0,373,1495,1806,1875]
[0,360,503,924,1466,1875]
[0,307,924,1494,1875]
[0,203,373,496,924,1324,1495,1806,1875]
[0,373,924,1806,1875]
[0,360,1466,1806,1875]
[0,307,496,924,1495,1806,1875]
[0,373,1494,1875]
[0,207,307,373,496,924,1324,1494,1806,1875]
[0,360,503,924,1494,1875]
[0,373,924,1324,1494,1875]
[0,307,496,1495,1875]
[0,203,373,924,1495,1806,1875]
[0,360,1324,1494,1875]
[0,360,1494,1806,1875]
[0,203,373,1495,1875]
[0,924,1875]
[0,360,503,924,1494,1806,1875]
[0,373,1494,1806,1875]
[0,307,496,924,1494,1806,1875]
[0,360,503,924,1324,1494,1806,1875]
[0,307,496,1495,1806,1875]
[0,203,373,924,1495,1875]
[0,203,373,1495,1806,1875]
[0,207,373,496,924,1324,1494,1806,1875]
[0,373,924,1324,1495,1806,1875]
[0,307,373,1494,1806,1875]
[0,924,1466,1875]
[0,360,503,1494,1875]
[0,373,924,1495,1806,1875]
[0,360,924,1324,1494,1875]
[0,307,924,1495,1875]
[0,307,496,924,1494,1875]
[0,207,373,496,924,1324,1494,1875]
[0,373,1875]
[0,307,496,1494,1806,1875]
[0,307,496,924,1324,1495,1806,1875]
[0,373,496,924,1324,1495,1875]
[0,360,503,924,1324,1494,1875]
[0,373,1495,1875]
[0,207,373,924,1324,1494,1875]
[0,373,924,1324,1494,1806,1875]
[0,307,496,924,1324,1494,1875]
[0,307,373,503,924,1324,1494,1806,1875]
[0,373,924,1324,1495,1875]
[0,203,373,496,924,1324,1495,1875]
[0,207,373,1494,1806,1875]
[0,373,496,924,1495,1806,1875]
[0,307,1494,1875]
[0,307,373,924,1324,1495,1806,1875]
[0,373,924,1494,1875]
[0,307,503,924,1324,1494,1806,1875]
[0,1466,1875]
[0,207,373,1494,1875]
[0,307,496,924,1324,1494,1806,1875]
[0,307,503,924,1324,1494,1875]
[0,307,373,924,1495,1806,1875]
[0,360,503,1466,1875]
[0,203,307,373,496,924,1324,1495,1806,1875]
[0,307,496,924,1495,1875]
