[0,282,363,424,650,891,1016,1280,1327]
[0,282,363,574,891,1016,1327]
[0,424,533,891,1016,1327]
[0,282,574,891,1016,1327]
[0,282,363,424,650,891,1327]
[0,282,424,891,1016,1327]
[0,75,282,363,574,650,891,1016,1327]
[0,128,309,458,891,1280,1327]
[0,282,363,424,533,891,1327]
[0,458,752,930,1327]
[0,282,363,574,650,891,1016,1327]
[0,309,458,752,930,1327]
[0,424,553,891,1016,1327]
[0,282,363,891,1016,1327]
[0,947,1327]
[0,363,947,1327]
[0,282,650,891,1327]
[0,282,891,1280,1327]
[0,216,424,891,1280,1327]
[0,458,1327]
[0,282,363,424,533,891,1280,1327]
[0,363,424,1280,1327]
[0,75,282,363,891,1016,1327]
[0,282,363,424,533,891,1016,1327]
[0,424,891,1016,1327]
[0,282,363,424,650,891,1016,1327]
[0,424,533,891,1016,1280,1327]
[0,282,574,650,891,1016,1280,1327]
[0,282,574,891,1327]
[0,282,891,1016,1280,1327]
[0,282,363,424,891,1327]
[0,128,309,458,752,930,1280,1327]
[0,128,458,1327]
[0,75,282,891,1016,1280,1327]
[0,363,891,1327]
[0,282,363,424,650,891,1280,1327]
[0,128,458,752,930,1327]
[0,309,458,891,1327]
[0,216,424,947,1327]
[0,458,891,1280,1327]
[0,282,363,424,533,891,1016,1280,1327]
[0,282,424,891,1327]
[0,282,574,650,891,1016,1327]
[0,216,424,1327]
[0,424,533,891,1280,1327]
[0,424,1327]
[0,282,424,533,891,1327]
[0,363,424,1327]
[0,424,553,891,1327]
[0,128,458,891,1280,1327]
[0,282,650,891,1016,1327]
[0,282,363,574,650,891,1016,1280,1327]
[0,128,309,458,752,930,1327]
[0,424,650,891,1327]
[0,216,424,891,1327]
[0,458,891,1327]
[0,363,424,650,891,1280,1327]
[0,282,650,891,1016,1280,1327]
[0,75,282,363,574,650,891,1016,1280,1327]
[0,424,553,891,1016,1280,1327]
[0,363,424,891,1327]
[0,424,553,891,1280,1327]
[0,282,574,650,891,1327]
[0,424,533,891,1327]
[0,128,458,891,1327]
[0,282,363,891,1280,1327]
[0,363,424,650,891,1327]
[0,458,1280,1327]
[0,216,424,1280,1327]
[0,424,1280,1327]
[0,282,891,1016,1327]
[0,458,930,1327]
[0,75,282,363,574,891,1016,1280,1327]
[0,75,282,891,1016,1327]
[0,282,424,650,891,1327]
[0,128,458,930,1280,1327]
[0,282,891,1327]
[0,282,424,533,891,1016,1327]
[0,282,363,891,1327]
[0,128,458,1280,1327]
[0,128,458,930,1327]
[0,75,282,363,574,891,1016,1327]
[0,128,309,458,891,1327]
[0,424,947,1327]
[0,75,282,363,891,1016,1280,1327]
[0,282,424,1327]
[0,424,650,891,1016,1327]
[0,891,1327]
[0,282,363,424,1327]
[0,128,458,752,930,1280,1327]
[0,282,424,650,891,1016,1327]
[0,574,891,1327]
[0,424,891,1327]
