[0,1678,3353]
[0,765,1678,2095,2725,3271,3353]
[0,826,2725,3091,3353]
[0,657,1722,1968,3353]
[0,765,1678,2095,2725,3353]
[0,2725,3091,3353]
[0,1282,1930,3353]
[0,765,1678,2095,3353]
[0,826,1722,2095,2725,3091,3353]
[0,1364,2725,3271,3353]
[0,826,1678,2095,3353]
[0,2725,3353]
[0,657,1722,2725,3353]
[0,826,2725,3091,3271,3353]
[0,657,3271,3353]
[0,826,1678,2725,3271,3353]
[0,657,2725,3353]
[0,826,1678,2999,3353]
[0,657,1678,1968,2725,3353]
[0,765,1678,1968,2725,2999,3271,3353]
[0,657,1722,2725,3091,3353]
[0,657,1722,2095,2725,3091,3271,3353]
[0,1364,3271,3353]
[0,657,1722,2095,2725,3091,3353]
[0,826,1722,2725,3353]
[0,765,1678,3353]
[0,826,1678,2095,2725,2999,3353]
[0,826,1722,2095,3353]
[0,657,1722,2725,3271,3353]
[0,826,1678,2095,2725,2999,3271,3353]
[0,1364,3353]
[0,657,2725,3271,3353]
[0,657,1678,1968,2725,3271,3353]
[0,765,1678,1968,2725,3271,3353]
[0,826,1722,3353]
[0,1364,2725,3353]
[0,765,2725,3353]
[0,826,1678,2725,2999,3353]
[0,765,3353]
[0,765,1678,2725,3353]
[0,826,1678,3353]
[0,1282,3353]
[0,765,1678,1968,3353]
[0,826,1678,2095,2725,3271,3353]
[0,657,3353]
[0,1282,2725,3353]
[0,657,1678,2725,3353]
[0,657,1722,1968,2725,3353]
[0,826,2725,2999,3353]
[0,765,1678,1968,2725,3353]
[0,657,1722,3353]
[0,826,1678,2725,3353]
[0,826,1722,2725,3091,3271,3353]
[0,1722,3353]
[0,826,2725,3353]
[0,826,2725,3271,3353]
[0,657,1678,2725,3271,3353]
[0,765,1678,2725,3271,3353]
[0,2725,3271,3353]
[0,826,3353]
[0,826,1678,2095,2725,3353]
[0,657,1722,1968,2725,3091,3271,3353]
[0,765,1678,1968,2725,2999,3353]
[0,3271,3353]
[0,765,2725,3271,3353]
[0,765,1678,2999,3353]
[0,1282,2725,3271,3353]
[0,826,1722,2095,2725,3353]
[0,657,1722,2095,3353]
[0,826,1722,2095,2725,3091,3271,3353]
[0,1930,2941,3353]
[0,765,1678,1968,2999,3353]
[0,657,1722,2095,2725,3353]
[0,1930,3353]
[0,765,3271,3353]
[0,657,2725,3091,3353]
[0,765,1678,2095,2725,2999,3353]
[0,657,1722,1968,2725,3091,3353]
[0,765,1678,2095,2725,2999,3271,3353]
[0,765,1678,2725,2999,3353]
[0,657,1678,1968,3353]
[0,1282,1930,2941,3353]
[0,657,2725,3091,3271,3353]
[0,765,2725,2999,3353]
[0,826,1722,2725,3091,3353]
[0,657,1722,2725,3091,3271,3353]
[0,657,1722,1968,2725,3271,3353]
[0,657,1678,3353]
[0,826,3271,3353]
