[0,204,325,611,752,997]
[0,325,997]
[0,752,997]
[0,204,997]
[0,204,325,514,611,997]
[0,204,611,997]
[0,512,997]
[0,204,514,997]
[0,512,611,997]
[0,204,325,442,542,611,997]
[0,325,442,536,997]
[0,611,997]
[0,514,997]
[0,536,997]
[0,325,611,997]
[0,325,542,611,997]
[0,204,542,997]
[0,204,325,442,536,997]
[0,325,536,611,997]
[0,325,514,611,997]
[0,204,542,752,997]
[0,204,514,752,997]
[0,325,442,542,997]
[0,325,611,752,997]
[0,204,514,611,997]
[0,542,997]
[0,325,442,542,611,997]
[0,204,442,611,997]
[0,325,442,536,611,997]
[0,204,325,442,997]
[0,325,442,514,611,997]
[0,204,325,442,542,997]
[0,542,752,997]
[0,542,611,997]
[0,536,611,997]
[0,514,611,997]
[0,204,512,611,997]
[0,204,325,611,997]
[0,204,325,997]
[0,325,442,997]
[0,204,512,997]
[0,204,325,442,536,611,997]
[0,514,752,997]
[0,204,325,442,514,611,997]
[0,204,752,997]
