[0,466,560,655,757,879,1083,1249]
[0,466,560,757,879,1083,1249]
[0,757,1249]
[0,466,560,655,757,879,1083,1164,1249]
[0,55,309,466,559,655,757,879,1083,1249]
[0,466,757,1083,1249]
[0,309,863,1249]
[0,55,466,757,1083,1249]
[0,466,757,1249]
[0,55,655,1249]
[0,466,757,879,1083,1249]
[0,55,203,466,560,655,757,879,1083,1164,1249]
[0,559,757,1249]
[0,655,1249]
[0,666,1249]
[0,309,466,559,655,757,879,1083,1249]
[0,203,466,655,757,879,1083,1249]
[0,55,466,757,1249]
[0,203,466,559,655,757,879,1083,1249]
[0,203,466,559,655,757,879,1083,1164,1249]
[0,203,466,757,879,1083,1249]
[0,203,466,560,757,879,1083,1249]
[0,55,203,466,560,655,757,879,1083,1249]
[0,55,655,879,1249]
[0,757,1083,1249]
[0,55,466,560,757,879,1083,1249]
[0,55,309,466,655,757,879,1083,1249]
[0,655,879,1249]
[0,863,1249]
[0,203,466,757,1249]
[0,466,559,655,757,879,1083,1164,1249]
[0,55,203,466,757,1249]
[0,55,655,879,1083,1249]
[0,203,466,757,1083,1249]
[0,55,203,466,655,757,879,1083,1249]
[0,560,757,1083,1249]
[0,55,203,466,559,655,757,879,1083,1164,1249]
[0,55,757,1249]
[0,309,466,560,655,757,879,1083,1249]
[0,55,757,879,1083,1249]
[0,309,466,655,757,879,1083,1249]
[0,55,203,466,757,879,1083,1249]
[0,55,203,466,559,655,757,879,1083,1249]
[0,559,757,879,1083,1249]
[0,559,757,1083,1249]
[0,655,757,879,1083,1249]
[0,466,559,655,757,879,1083,1249]
[0,55,559,757,879,1083,1249]
[0,55,466,560,655,757,879,1083,1249]
[0,55,655,757,879,1083,1249]
[0,55,757,1083,1249]
[0,466,655,757,879,1083,1249]
[0,55,203,466,757,1083,1249]
[0,203,466,560,655,757,879,1083,1164,1249]
[0,55,203,466,560,757,879,1083,1249]
[0,55,309,466,560,655,757,879,1083,1249]
[0,55,466,757,879,1083,1249]
[0,55,309,466,757,879,1083,1249]
[0,757,879,1083,1249]
[0,203,466,560,655,757,879,1083,1249]
[0,655,879,1083,1249]
[0,309,466,757,879,1083,1249]
[0,309,466,757,1083,1249]
[0,560,757,1249]
