[0,212,510,1037,1349,1641,2503,3086,3445,3678,4260,4758]
[0,510,2503,3086,4758]
[0,252,4260,4758]
[0,510,3025,4260,4758]
[0,510,2503,3025,4260,4758]
[0,3086,4260,4758]
[0,510,1037,2503,3086,4758]
[0,510,1037,1349,1641,2503,3025,3392,3678,4260,4758]
[0,510,1037,2503,3025,4260,4758]
[0,1037,2503,3025,4758]
[0,212,2503,3086,4260,4758]
[0,510,4260,4758]
[0,510,1037,1349,1641,2503,3025,4260,4758]
[0,3678,4260,4758]
[0,510,1037,2503,3086,3445,3678,4260,4758]
[0,2876,4176,4758]
[0,580,4758]
[0,510,1037,1349,1641,2503,3086,3445,3678,4260,4758]
[0,252,4758]
[0,510,1037,1349,2503,3025,4260,4758]
[0,212,510,2503,3025,4260,4758]
[0,212,4758]
[0,212,510,2503,3086,3445,3678,4260,4758]
[0,4176,4758]
[0,3025,4758]
[0,510,2503,3086,4260,4758]
[0,510,1037,1349,2503,3086,3445,3678,4260,4758]
[0,510,1037,1349,1641,2503,3025,3392,4260,4758]
[0,1037,2503,3086,4758]
[0,580,2876,4176,4758]
[0,510,1037,1349,2503,3086,3445,4260,4758]
[0,510,2503,3025,3392,3678,4260,4758]
[0,510,3086,4758]
[0,510,1037,1349,1641,2503,3086,4260,4758]
[0,3086,4758]
[0,510,2503,3086,3445,3678,4260,4758]
[0,2936,4758]
[0,4241,4758]
[0,510,1037,2503,3086,3445,4260,4758]
[0,212,3086,4758]
[0,1037,3025,4758]
[0,510,3086,4260,4758]
[0,252,2503,3025,4260,4758]
[0,510,1037,1349,2503,3025,3392,3678,4260,4758]
[0,510,1037,2503,3025,3392,4260,4758]
[0,2876,4758]
[0,2503,3086,4758]
[0,510,1037,2503,3025,4758]
[0,212,3086,3678,4758]
[0,510,1037,1349,2503,3025,3392,4260,4758]
[0,580,4176,4758]
[0,212,510,1037,1349,1641,2503,3025,3392,3678,4260,4758]
[0,510,4758]
[0,1037,3086,4758]
[0,252,2936,4241,4758]
[0,510,3025,4758]
[0,212,510,1037,2503,3025,3392,3678,4260,4758]
[0,2502,3025,4758]
[0,4260,4758]
[0,212,510,2503,3086,4260,4758]
[0,212,510,1037,1349,2503,3025,3392,3678,4260,4758]
[0,510,1037,1349,1641,2503,3086,3445,4260,4758]
[0,510,1037,1349,2503,3086,4260,4758]
[0,2503,3086,4260,4758]
[0,510,1037,2503,3086,4260,4758]
[0,212,4260,4758]
[0,212,510,1037,1349,2503,3086,3445,3678,4260,4758]
[0,252,3025,4260,4758]
[0,510,2503,4758]
[0,510,2503,3086,3445,4260,4758]
[0,212,510,1037,2503,3086,3445,3678,4260,4758]
[0,510,2503,3025,3392,4260,4758]
[0,510,1037,2503,3025,3392,3678,4260,4758]
[0,3086,3678,4758]
[0,212,3086,4260,4758]
[0,2503,4758]
[0,252,4241,4758]
[0,2936,4241,4758]
[0,252,2502,3025,4260,4758]
[0,252,3678,4260,4758]
[0,212,510,2503,3025,3392,3678,4260,4758]
[0,510,2503,3025,4758]
[0,2502,3025,4260,4758]
[0,700,4758]
[0,3678,4758]
[0,2503,3025,4758]
[0,3025,4260,4758]
[0,2503,3025,4260,4758]
