[0,224,593,1105,1219,1336,1632]
[0,593,944,1336,1632]
[0,224,286,344,398,593,944,991,1105,1219,1336,1632]
[0,224,286,593,1105,1219,1336,1632]
[0,593,1632]
[0,593,944,991,1219,1336,1632]
[0,224,593,1105,1336,1632]
[0,344,1105,1632]
[0,344,1632]
[0,593,1105,1336,1632]
[0,224,286,593,944,1105,1219,1336,1632]
[0,593,944,1219,1336,1632]
[0,593,944,1105,1219,1336,1632]
[0,991,1632]
[0,344,1336,1632]
[0,224,593,944,1219,1336,1632]
[0,1105,1632]
[0,224,286,344,593,944,1105,1219,1336,1632]
[0,224,286,344,593,944,991,1105,1219,1336,1632]
[0,224,286,344,398,593,944,1105,1219,1336,1632]
[0,593,991,1632]
[0,593,944,991,1336,1632]
[0,1336,1632]
[0,224,593,944,1105,1219,1336,1632]
[0,944,1632]
[0,593,991,1336,1632]
[0,593,944,991,1105,1219,1336,1632]
[0,224,593,944,1336,1632]
[0,966,1632]
[0,224,286,593,944,991,1105,1219,1336,1632]
[0,593,966,1336,1632]
[0,593,1105,1219,1336,1632]
[0,593,1336,1632]
[0,593,966,1632]
[0,224,593,944,991,1105,1219,1336,1632]
[0,224,286,593,944,1219,1336,1632]
[0,593,944,1632]
