[0,166,250,382,521,850,1085,1185,1544,2017]
[0,166,250,850,1185,1544,2017]
[0,399,1185,2017]
[0,382,1185,1544,2017]
[0,166,382,521,850,1185,1544,2017]
[0,399,1185,1544,2017]
[0,850,2017]
[0,382,850,1185,2017]
[0,166,382,850,1185,1544,2017]
[0,382,850,1185,1544,2017]
[0,166,850,1185,1544,2017]
[0,166,250,399,523,850,1085,1185,1544,2017]
[0,166,850,1185,2017]
[0,166,399,850,1185,1544,2017]
[0,1191,2017]
[0,253,1191,2017]
[0,1107,2017]
[0,850,1185,1544,2017]
[0,166,1185,2017]
[0,253,2017]
[0,178,2017]
[0,382,1185,2017]
[0,166,399,523,850,1085,1185,1544,2017]
[0,399,850,1185,2017]
[0,178,1107,2017]
[0,399,850,1185,1544,2017]
[0,382,2017]
[0,166,250,399,523,850,1185,1544,2017]
[0,850,1544,2017]
[0,850,1185,2017]
[0,166,399,523,850,1185,1544,2017]
[0,166,2017]
[0,1185,2017]
[0,166,382,521,850,1085,1185,1544,2017]
[0,399,2017]
