[0,207,792,1118,1369,1950,2382,2502,2759]
[0,792,1312,2366,2759]
[0,207,792,1118,1462,1950,2382,2502,2759]
[0,207,792,1118,1403,1950,2382,2502,2759]
[0,1403,1950,2759]
[0,1118,1462,2382,2759]
[0,207,1118,1369,1950,2382,2502,2759]
[0,1118,1369,1950,2382,2759]
[0,1118,1462,2759]
[0,207,1118,1403,1950,2382,2759]
[0,1312,2759]
[0,207,792,1118,1403,1950,2241,2382,2759]
[0,207,1118,1403,1950,2382,2502,2759]
[0,792,1403,1950,2367,2759]
[0,792,1369,1950,2759]
[0,1403,1950,2367,2759]
[0,792,1403,2759]
[0,792,1118,1403,1950,2367,2759]
[0,792,1118,2382,2759]
[0,207,1118,1462,2382,2759]
[0,1118,2759]
[0,1369,2759]
[0,207,792,1118,1369,1950,2241,2382,2502,2759]
[0,207,792,1118,1462,1950,2382,2759]
[0,207,1118,1950,2382,2502,2759]
[0,1403,1950,2382,2759]
[0,207,792,1118,1462,1950,2241,2382,2502,2759]
[0,792,1118,1462,1950,2382,2759]
[0,792,1312,2759]
[0,207,792,1118,1403,1950,2367,2759]
[0,207,1118,1462,1950,2382,2759]
[0,1118,1950,2759]
[0,207,792,1118,1369,1950,2382,2759]
[0,792,1403,1950,2382,2759]
[0,1369,1950,2382,2759]
[0,1118,1403,1950,2367,2759]
[0,792,1118,1403,1950,2382,2759]
[0,1118,1950,2367,2759]
[0,792,1369,2759]
[0,1403,2367,2759]
[0,792,1118,2759]
[0,207,792,1118,1403,1950,2367,2502,2759]
[0,207,792,1118,1403,1950,2382,2759]
[0,792,1403,1950,2759]
[0,1403,2382,2759]
[0,1118,1403,1950,2382,2759]
[0,792,1118,1950,2382,2759]
[0,207,792,1118,1462,1950,2241,2382,2759]
[0,207,792,1118,1403,1950,2241,2382,2502,2759]
[0,1369,2382,2759]
[0,207,1118,1369,1950,2382,2759]
[0,207,1118,1950,2382,2759]
[0,1118,1950,2382,2759]
[0,207,1118,1462,1950,2382,2502,2759]
[0,1403,2759]
[0,792,1369,1950,2382,2759]
[0,1118,1462,1950,2382,2759]
[0,207,1118,1462,2367,2759]
[0,1118,2367,2759]
[0,792,1118,1369,1950,2382,2759]
[0,207,1118,1403,1950,2367,2759]
[0,207,1118,1403,1950,2367,2502,2759]
[0,1118,2382,2759]
[0,1369,1950,2759]
[0,207,792,1118,1369,1950,2241,2382,2759]
[0,1118,1462,2367,2759]
