[0,695,974,1465]
[0,930,1230,1465]
[0,178,695,975,1020,1156,1230,1465]
[0,695,974,1230,1465]
[0,975,1156,1465]
[0,178,695,975,1049,1156,1230,1465]
[0,695,975,1230,1465]
[0,930,1465]
[0,975,1230,1465]
[0,975,1465]
[0,695,974,1156,1230,1465]
[0,695,975,1465]
[0,695,975,1156,1465]
[0,178,695,975,1156,1230,1465]
[0,178,695,974,1230,1465]
[0,974,1230,1465]
[0,695,1156,1465]
[0,402,1465]
[0,178,695,974,1156,1230,1465]
[0,695,975,1156,1230,1465]
[0,178,695,975,1156,1388,1465]
[0,178,695,975,1230,1465]
[0,974,1465]
[0,1230,1465]
[0,178,695,975,1156,1465]
[0,695,1465]
[0,402,1156,1465]
[0,178,695,975,1020,1156,1230,1388,1465]
[0,178,695,975,1156,1230,1388,1465]
