[0,228,282,1397,1632]
[0,282,344,593,808,1397,1632]
[0,228,282,593,914,1397,1632]
[0,228,282,344,593,914,1397,1632]
[0,121,344,593,808,1397,1632]
[0,593,1397,1632]
[0,1106,1632]
[0,593,1632]
[0,228,282,593,764,1397,1632]
[0,344,593,892,1632]
[0,344,593,914,1632]
[0,228,593,914,1397,1632]
[0,228,344,593,914,1397,1632]
[0,344,1632]
[0,892,1632]
[0,228,593,892,1397,1632]
[0,228,344,593,892,1397,1632]
[0,282,344,593,892,1397,1632]
[0,282,344,593,914,1397,1632]
[0,282,344,593,914,1397,1573,1632]
[0,201,593,808,1397,1632]
[0,282,344,593,764,1397,1632]
[0,914,1632]
[0,228,282,344,593,892,1397,1632]
[0,228,593,764,1397,1632]
[0,282,1632]
[0,228,282,593,1397,1632]
[0,344,593,892,1397,1632]
[0,593,1106,1632]
[0,344,593,808,1397,1632]
[0,593,892,1632]
[0,593,1106,1397,1632]
[0,282,1397,1632]
[0,228,593,1397,1632]
[0,344,593,914,1397,1632]
[0,1393,1632]
[0,593,808,1397,1632]
[0,344,593,1397,1632]
[0,121,282,344,593,808,1397,1573,1632]
[0,593,914,1632]
[0,593,892,1397,1632]
[0,282,344,593,892,1397,1573,1632]
[0,121,282,344,593,808,1397,1632]
[0,282,344,593,764,1397,1573,1632]
[0,344,593,764,1397,1632]
[0,1397,1632]
[0,121,593,808,1397,1632]
[0,169,282,593,764,1397,1632]
[0,344,593,1632]
[0,228,282,593,892,1397,1632]
[0,593,764,1397,1632]
[0,169,282,344,593,764,1397,1632]
[0,169,593,764,1397,1632]
[0,593,914,1397,1632]
