[0,605,858,1065,1404,1600,1782,1964,2017]
[0,858,1462,1964,2017]
[0,605,858,1065,1782,2017]
[0,605,858,1065,1410,2017]
[0,832,1462,2017]
[0,605,1600,1782,2017]
[0,1462,2017]
[0,605,1065,1404,2017]
[0,605,1410,2017]
[0,605,858,1016,1462,1600,1782,2017]
[0,605,858,1016,1462,1964,2017]
[0,605,858,1016,1462,1600,1782,1964,2017]
[0,605,1600,1782,1964,2017]
[0,1782,1964,2017]
[0,605,1404,1600,1782,2017]
[0,605,1016,1782,2017]
[0,605,1065,1410,2017]
[0,605,1214,1782,2017]
[0,605,2017]
[0,750,2017]
[0,605,858,1016,1600,1782,2017]
[0,605,1065,1659,1964,2017]
[0,1404,2017]
[0,605,1065,1214,1600,1782,1964,2017]
[0,605,1410,1964,2017]
[0,605,1016,1600,1782,2017]
[0,605,1214,1600,1782,2017]
[0,1214,2017]
[0,605,1065,2017]
[0,605,858,1016,1462,1782,1964,2017]
[0,605,858,1065,1404,1600,1782,2017]
[0,605,858,1016,1462,1782,2017]
[0,605,858,1065,1659,1964,2017]
[0,605,1016,1462,1600,1782,2017]
[0,605,1782,1964,2017]
[0,605,1065,1410,1964,2017]
[0,564,1410,1964,2017]
[0,605,858,1065,1404,1659,2017]
[0,605,1782,2017]
[0,605,1016,1462,1600,1782,1964,2017]
[0,605,1404,1600,1782,1964,2017]
[0,605,1214,2017]
[0,605,1016,1462,1964,2017]
[0,1462,1964,2017]
[0,750,1404,2017]
[0,564,2017]
[0,605,858,1016,1782,2017]
[0,605,1065,1404,1600,1782,2017]
[0,605,858,1065,1404,1782,2017]
[0,605,1016,2017]
[0,605,1065,1214,1600,1782,2017]
[0,605,1404,1782,2017]
[0,605,1065,1659,2017]
[0,858,1462,2017]
[0,605,1065,1782,2017]
[0,832,2017]
[0,605,858,1065,1404,1659,1964,2017]
[0,605,1964,2017]
[0,564,1410,2017]
[0,858,2017]
[0,605,1065,1404,1600,1782,1964,2017]
[0,605,1462,2017]
[0,605,858,1016,1782,1964,2017]
[0,605,1016,1782,1964,2017]
[0,605,1462,1600,1782,2017]
[0,605,1065,1404,1659,2017]
[0,605,1659,1964,2017]
[0,605,858,1016,1462,2017]
[0,1410,2017]
[0,1782,2017]
[0,605,1065,1404,1782,2017]
[0,605,1462,1964,2017]
[0,750,1404,1964,2017]
[0,605,1462,1600,1782,1964,2017]
[0,605,858,1065,1410,1964,2017]
[0,605,1214,1600,1782,1964,2017]
[0,605,858,1065,1659,2017]
[0,605,1016,1462,1782,2017]
[0,605,1016,1462,2017]
[0,605,1404,2017]
[0,605,1659,2017]
