[0,3124,3353]
[0,978,3353]
[0,968,2762,3124,3353]
[0,876,2401,3353]
[0,594,968,2762,3124,3281,3353]
[0,968,2401,3281,3353]
[0,531,630,978,2762,3124,3281,3353]
[0,630,968,2762,3353]
[0,531,630,978,2762,3281,3353]
[0,2762,3353]
[0,876,3353]
[0,630,978,2762,3124,3353]
[0,968,3353]
[0,968,2762,3353]
[0,968,2401,3353]
[0,2401,3353]
[0,630,968,2762,3124,3353]
[0,531,630,968,2762,3353]
[0,968,2762,3124,3281,3353]
[0,531,630,968,2762,3281,3353]
[0,978,2762,3353]
[0,531,630,978,2762,3124,3353]
[0,594,968,2762,3281,3353]
[0,630,978,2762,3353]
[0,876,2401,3281,3353]
[0,531,630,968,2762,3124,3353]
[0,594,968,2401,3281,3353]
[0,876,3124,3353]
[0,594,968,2762,3353]
[0,968,2762,3281,3353]
[0,531,630,876,968,2762,3124,3353]
[0,531,630,876,968,2762,3124,3281,3353]
[0,594,968,2762,3124,3353]
[0,531,630,968,2762,3124,3281,3353]
[0,531,630,978,2762,3353]
[0,531,630,876,968,2762,3353]
[0,594,968,2401,3353]
[0,2401,3281,3353]
