[0,67,373,418,593,657,856,991,1327]
[0,205,641,991,1327]
[0,205,373,593,856,1327]
[0,657,1327]
[0,205,374,593,846,995,1327]
[0,373,1327]
[0,846,1327]
[0,418,657,991,1327]
[0,205,506,846,1327]
[0,205,374,1327]
[0,373,657,991,1327]
[0,657,991,1327]
[0,373,593,856,991,1327]
[0,205,461,749,991,1327]
[0,373,418,593,657,991,1327]
[0,506,846,1327]
[0,205,373,506,641,846,991,1098,1327]
[0,205,506,846,995,1327]
[0,67,373,418,593,657,1327]
[0,373,856,1327]
[0,373,506,1327]
[0,205,506,641,991,1327]
[0,205,373,593,657,856,991,1327]
[0,205,418,657,991,1327]
[0,374,846,1327]
[0,205,373,506,641,991,1327]
[0,373,418,593,657,856,991,1327]
[0,205,506,641,846,995,1327]
[0,374,1327]
[0,418,1327]
[0,67,373,657,991,1327]
[0,205,846,991,1327]
[0,461,749,991,1327]
[0,67,373,657,1327]
[0,374,593,846,995,1327]
[0,641,991,1327]
[0,374,995,1327]
[0,67,373,418,657,1327]
[0,205,846,1327]
[0,374,846,995,1327]
[0,374,593,846,1327]
[0,205,657,991,1327]
[0,67,373,593,657,991,1327]
[0,205,506,846,991,1327]
[0,373,657,1327]
[0,373,593,856,1327]
[0,373,418,593,657,1327]
[0,67,373,991,1327]
[0,67,373,418,593,657,991,1327]
[0,373,593,657,991,1327]
[0,205,373,593,856,991,1327]
[0,205,506,641,1327]
[0,205,418,461,749,991,1098,1327]
[0,373,991,1327]
[0,641,1327]
[0,373,641,1327]
[0,205,641,995,1327]
[0,67,373,418,1327]
[0,205,374,593,1327]
[0,205,373,418,593,657,856,991,1327]
[0,749,1327]
[0,205,461,749,991,1098,1327]
[0,205,1327]
[0,373,856,991,1327]
[0,205,506,641,846,991,1327]
[0,67,373,593,657,856,991,1327]
[0,373,593,657,1327]
[0,373,418,657,1327]
[0,205,374,593,846,1327]
[0,461,749,1327]
[0,374,593,1327]
[0,373,418,1327]
[0,205,373,506,641,846,991,1327]
[0,205,749,991,1327]
[0,373,593,657,856,991,1327]
[0,856,1327]
[0,373,506,641,1327]
[0,205,373,506,641,846,995,1327]
[0,205,657,1327]
[0,205,418,461,749,991,1327]
[0,205,506,641,995,1327]
[0,205,373,506,641,995,1327]
[0,67,373,593,856,991,1327]
[0,67,373,856,991,1327]
[0,67,373,593,1327]
[0,749,991,1327]
[0,67,373,593,657,1327]
[0,67,373,1327]
[0,205,749,1327]
[0,205,846,995,1327]
[0,205,641,1327]
[0,373,593,1327]
[0,641,995,1327]
[0,205,373,506,641,1327]
