[0,134,908,2876,3997,4758]
[0,134,4758]
[0,134,931,2917,4758]
[0,134,908,2219,2876,3386,3997,4758]
[0,986,2791,3816,4758]
[0,908,2219,2876,3386,3997,4758]
[0,2949,4758]
[0,2876,4758]
[0,931,2219,2876,3997,4758]
[0,931,2219,2876,3386,3997,4758]
[0,134,931,4758]
[0,931,2917,3997,4758]
[0,134,986,4758]
[0,134,2876,3997,4758]
[0,908,4758]
[0,134,3997,4758]
[0,986,2791,4758]
[0,908,2876,3997,4758]
[0,908,2876,4758]
[0,134,931,2219,2917,3997,4758]
[0,134,931,2917,3997,4758]
[0,931,2876,4758]
[0,134,931,2219,2876,3386,3997,4758]
[0,2791,3816,4758]
[0,458,2949,4758]
[0,908,2219,2876,3997,4758]
[0,134,908,3386,3997,4758]
[0,2917,4758]
[0,2917,3997,4758]
[0,134,908,3997,4758]
[0,134,908,2219,2876,3997,4758]
[0,134,908,4758]
[0,134,986,2791,3816,4758]
[0,931,2876,3997,4758]
[0,134,931,2876,3997,4758]
[0,931,2917,4758]
[0,134,931,2876,4758]
[0,2876,3997,4758]
[0,134,986,2791,4758]
[0,134,908,2876,4758]
[0,134,931,2219,2876,3997,4758]
[0,931,2219,2917,3997,4758]
[0,2791,4758]
[0,3997,4758]
[0,908,3997,4758]
[0,908,3386,3997,4758]
[0,931,4758]
[0,986,4758]
