[0,148,1651]
[0,193,601,925,1050,1651]
[0,193,601,925,1195,1651]
[0,978,1651]
[0,206,601,925,1651]
[0,601,925,1155,1651]
[0,148,206,601,925,1651]
[0,253,601,925,1050,1651]
[0,148,193,1651]
[0,148,206,1651]
[0,925,1651]
[0,148,261,1651]
[0,148,253,601,925,1050,1651]
[0,148,206,925,1651]
[0,193,601,978,1651]
[0,148,253,601,925,1651]
[0,601,1651]
[0,925,1155,1651]
[0,206,601,925,1050,1651]
[0,193,601,925,1651]
[0,253,1651]
[0,253,601,925,1651]
[0,148,925,1050,1651]
[0,148,193,601,925,1050,1651]
[0,253,601,1651]
[0,148,193,925,1050,1651]
[0,148,193,925,1651]
[0,148,601,925,1651]
[0,148,206,601,925,1050,1651]
[0,261,1651]
[0,148,925,1651]
[0,261,601,1651]
[0,148,253,601,1651]
[0,601,978,1651]
[0,148,261,601,925,1651]
[0,206,1651]
[0,601,925,1050,1651]
[0,148,261,601,1651]
[0,601,925,1195,1651]
[0,925,1050,1651]
[0,261,601,925,1050,1651]
[0,261,601,925,1651]
[0,601,925,1651]
[0,148,253,1651]
[0,148,261,601,925,1050,1651]
