[0,409,1359,2044,2828,4285]
[0,409,2044,3089,4285]
[0,1359,2044,4285]
[0,1359,3409,4285]
[0,437,1359,2044,3409,3716,3877,4285]
[0,437,2044,3409,3716,4285]
[0,437,769,1359,2044,3089,3716,4285]
[0,409,769,1359,2044,2828,3251,4285]
[0,1809,3583,4285]
[0,409,769,1359,2044,3251,4285]
[0,409,1809,4285]
[0,437,1359,2044,3089,3716,4285]
[0,1359,2044,2828,3409,4285]
[0,409,2044,2908,4285]
[0,2044,4285]
[0,437,769,1359,2044,2828,4285]
[0,437,769,1359,2044,3409,3716,3877,4285]
[0,409,1359,2044,3251,3877,4285]
[0,437,2044,4285]
[0,409,1359,2044,3089,4285]
[0,409,769,1359,1809,2044,3089,3338,3583,3877,4285]
[0,409,2044,4285]
[0,1359,2044,3089,4285]
[0,409,769,1359,2044,2828,4285]
[0,437,1359,2044,3089,4285]
[0,437,2044,3409,3716,3877,4285]
[0,409,1359,2044,2908,4285]
[0,409,1809,2908,4285]
[0,1359,4285]
[0,2044,2828,4285]
[0,437,769,1359,2044,3089,4285]
[0,1359,2044,2908,4285]
[0,409,1359,2044,3251,4285]
[0,409,1359,2044,2828,3251,3877,4285]
[0,1359,2044,3251,4285]
[0,409,1809,3583,4285]
[0,409,769,1359,2044,3089,4285]
[0,409,769,1359,2044,3089,3338,3583,3877,4285]
[0,409,769,1359,2044,2828,3877,4285]
[0,2044,3089,4285]
[0,437,769,1359,2044,2828,3877,4285]
[0,1809,2908,4285]
[0,409,1359,2044,2828,3251,4285]
[0,1359,2044,3409,4285]
[0,437,769,1359,2044,3409,3716,4285]
[0,437,2044,3409,4285]
[0,409,769,1359,2044,3251,3583,3877,4285]
[0,437,769,1359,2044,2828,3409,3716,4285]
[0,437,1359,2044,2828,4285]
[0,1578,4285]
[0,1359,2044,3089,3716,4285]
[0,2044,2908,4285]
[0,2044,3251,4285]
[0,1809,4285]
[0,409,769,1359,2044,3089,3583,3877,4285]
[0,437,769,1359,2044,3409,4285]
[0,437,2044,3089,4285]
[0,437,2044,3877,4285]
[0,2044,3409,4285]
[0,437,1359,2044,2828,3877,4285]
[0,437,769,1359,2044,3089,3409,3716,3877,4285]
[0,437,1359,2044,3409,3716,4285]
[0,437,769,1359,2044,3089,3716,3877,4285]
[0,409,2044,3251,4285]
[0,437,769,1359,2044,2828,3409,4285]
[0,437,769,1359,2044,3089,3409,3716,4285]
[0,437,2044,3089,3877,4285]
[0,409,1359,2044,2828,3877,4285]
[0,409,769,1359,1809,2044,2828,3251,3583,3877,4285]
[0,437,769,1359,2044,2828,3409,3716,3877,4285]
[0,437,2044,3089,3716,3877,4285]
[0,409,2044,2828,4285]
[0,409,1359,2044,3089,3877,4285]
[0,437,1359,2044,3089,3716,3877,4285]
[0,1359,2044,2828,3251,4285]
[0,409,769,1359,2044,2828,3251,3583,3877,4285]
[0,2044,3877,4285]
[0,409,769,1359,2044,3089,3877,4285]
[0,409,769,1359,2044,2828,3251,3877,4285]
[0,1359,2044,2828,4285]
[0,437,2044,2828,4285]
[0,437,769,1359,2044,3089,3877,4285]
[0,409,769,1359,2044,3251,3877,4285]
[0,437,1359,2044,3089,3877,4285]
[0,437,1359,2044,2828,3409,4285]
[0,437,1359,2044,3409,4285]
