[0,221,617,898,957,1096,1249]
[0,85,221,617,814,957,1096,1249]
[0,221,617,898,956,1096,1249]
[0,898,957,1249]
[0,85,221,814,956,1096,1249]
[0,221,617,956,1249]
[0,1096,1249]
[0,898,1249]
[0,221,617,898,956,1249]
[0,221,617,938,1249]
[0,911,1249]
[0,814,1249]
[0,617,956,1249]
[0,85,221,617,814,898,1096,1249]
[0,85,221,617,814,898,957,1096,1249]
[0,221,617,814,1096,1249]
[0,221,617,1249]
[0,221,814,957,1096,1249]
[0,85,221,617,814,898,956,1096,1249]
[0,241,911,1249]
[0,898,956,1249]
[0,617,938,1249]
[0,221,898,956,1249]
[0,814,1096,1249]
[0,85,221,617,814,956,1096,1249]
[0,221,814,1096,1249]
[0,221,617,1096,1249]
[0,221,617,898,1249]
[0,85,221,617,898,1096,1249]
[0,85,221,814,1096,1249]
[0,221,617,814,1249]
[0,85,221,814,957,1096,1249]
[0,617,1096,1249]
[0,221,617,898,1096,1249]
[0,617,898,1249]
[0,221,814,956,1096,1249]
[0,85,221,617,898,957,1096,1249]
[0,221,898,1249]
[0,85,221,617,898,956,1096,1249]
[0,617,957,1249]
[0,617,1249]
[0,221,898,1096,1249]
[0,221,617,957,1249]
[0,221,814,1249]
[0,221,617,898,957,1249]
[0,898,1096,1249]
[0,221,617,814,956,1096,1249]
[0,221,617,814,957,1096,1249]
[0,221,898,957,1249]
