[0,1405,1823,2554]
[0,298,1225,2554]
[0,298,1104,1405,1708,2170,2554]
[0,1104,1405,2170,2554]
[0,298,1405,1708,1823,2554]
[0,1104,1708,2554]
[0,1405,1623,1823,2554]
[0,1405,1686,2554]
[0,298,1405,2554]
[0,298,984,1405,1708,1823,2554]
[0,298,984,1405,1686,1823,2554]
[0,1708,2554]
[0,298,984,1405,1623,1823,2554]
[0,298,984,1405,2554]
[0,1405,2170,2554]
[0,984,1405,1823,2554]
[0,1104,1405,1708,2170,2554]
[0,298,1104,1405,1823,2554]
[0,298,1405,1623,2554]
[0,1405,1708,2170,2554]
[0,298,984,1405,1623,2554]
[0,298,1405,1686,1823,2554]
[0,298,1405,1823,2554]
[0,298,1405,1623,1823,2554]
[0,298,984,1405,1823,2554]
[0,298,1104,1405,1708,1823,2554]
[0,1104,1405,1823,2554]
[0,1405,1686,1823,2554]
[0,984,1405,2554]
[0,1104,2554]
[0,298,1104,1405,2554]
[0,1104,1405,2554]
[0,1225,2554]
[0,298,1104,1405,2170,2554]
[0,1405,1623,2554]
[0,1405,2554]
[0,298,1405,1686,2554]
[0,298,984,1405,1686,2554]
