[0,843,1859,2017]
[0,843,1019,1967,2017]
[0,843,1702,1859,1967,2017]
[0,843,1054,1702,2017]
[0,89,313,843,993,1967,2017]
[0,1054,1571,2017]
[0,843,1019,1859,2017]
[0,323,843,1054,1571,2017]
[0,571,1054,1571,2017]
[0,89,323,843,1054,1571,1967,2017]
[0,89,843,993,1702,1859,1967,2017]
[0,89,1702,1967,2017]
[0,89,843,993,1153,1967,2017]
[0,843,993,1967,2017]
[0,1702,1859,1967,2017]
[0,843,1019,1702,1859,1967,2017]
[0,89,843,1054,1571,1967,2017]
[0,571,843,1054,1571,2017]
[0,89,571,843,1054,2017]
[0,89,843,2017]
[0,843,993,1153,1702,1859,2017]
[0,89,843,1019,1967,2017]
[0,89,843,993,2017]
[0,89,843,1019,1702,1859,1967,2017]
[0,900,2017]
[0,89,571,843,1054,1571,1967,2017]
[0,323,843,2017]
[0,313,843,2017]
[0,843,993,2017]
[0,843,1702,1859,2017]
[0,571,843,993,2017]
[0,89,571,843,993,1967,2017]
[0,1571,2017]
[0,1153,2017]
[0,843,1019,1182,2017]
[0,89,843,1967,2017]
[0,843,1054,1571,2017]
[0,89,571,843,1054,1702,1967,2017]
[0,571,1054,1702,2017]
[0,89,313,843,993,1153,1967,2017]
[0,313,843,993,1153,2017]
[0,89,571,843,1054,1571,2017]
[0,571,843,1054,1702,2017]
[0,89,313,843,993,2017]
[0,571,1054,2017]
[0,843,1054,2017]
[0,993,1153,1702,1859,2017]
[0,89,843,1054,1702,2017]
[0,89,571,843,1054,1967,2017]
[0,89,843,993,1702,1859,2017]
[0,89,843,993,1153,2017]
[0,89,843,1019,1182,1702,1859,2017]
[0,89,843,1019,1702,1859,2017]
[0,89,571,843,993,2017]
[0,1153,1702,1859,2017]
[0,843,993,1702,1859,2017]
[0,843,1019,1182,1702,1859,2017]
[0,89,2017]
[0,993,1153,1859,2017]
[0,313,993,1153,2017]
[0,843,1967,2017]
[0,843,993,1153,2017]
[0,89,843,993,1967,2017]
[0,89,843,1019,1182,2017]
[0,1702,2017]
[0,843,1019,1182,1859,2017]
[0,89,323,843,1054,1571,2017]
[0,89,843,993,1153,1702,1859,2017]
[0,89,571,843,1054,1702,2017]
[0,89,843,1054,1571,2017]
[0,843,1019,1702,1859,2017]
[0,89,900,2017]
[0,89,843,993,1153,1702,1859,1967,2017]
[0,843,2017]
[0,89,843,1054,1967,2017]
[0,89,843,1019,2017]
[0,1054,2017]
[0,89,1967,2017]
[0,571,843,1054,2017]
[0,89,843,1019,1182,1967,2017]
[0,843,1702,2017]
[0,313,1153,2017]
[0,1702,1859,2017]
[0,993,1153,2017]
[0,89,843,1019,1182,1702,1859,1967,2017]
[0,1859,1967,2017]
[0,571,993,2017]
[0,323,843,1019,2017]
[0,89,843,1054,2017]
[0,89,323,843,1019,1182,1967,2017]
[0,1967,2017]
[0,323,843,1019,1182,2017]
[0,843,1019,2017]
[0,843,993,1702,1859,1967,2017]
[0,843,1054,1967,2017]
[0,1859,2017]
[0,89,313,843,993,1153,2017]
[0,89,323,843,1019,1182,2017]
[0,89,1702,2017]
[0,1153,1859,2017]
[0,323,1054,1571,2017]
[0,571,2017]
[0,313,843,993,2017]
