[0,241,1017,1548,2020]
[0,241,1209,1460,1766,1952,2020]
[0,241,1017,1548,1952,2020]
[0,241,1548,2020]
[0,241,1766,2020]
[0,241,1460,2020]
[0,241,2020]
[0,241,1209,1460,1766,2020]
[0,241,1460,1952,2020]
[0,141,241,1017,1548,2020]
[0,141,241,1246,1460,1952,2020]
[0,241,1246,1460,1766,1952,2020]
[0,1017,2020]
[0,241,1246,1766,2020]
[0,141,241,1209,1460,1766,1952,2020]
[0,1246,2020]
[0,1246,1766,2020]
[0,1209,1460,1766,2020]
[0,1017,1548,2020]
[0,141,241,1246,1460,1766,1952,2020]
[0,241,1246,1460,1952,2020]
[0,241,1246,1460,2020]
[0,138,241,1246,1460,1766,1952,2020]
[0,141,241,1209,1460,1766,2020]
[0,241,1209,1460,1952,2020]
[0,138,241,1209,1460,1766,1952,2020]
[0,241,1209,1766,2020]
[0,241,1209,1460,2020]
[0,141,241,1209,1460,2020]
[0,241,1941,2020]
[0,241,1952,2020]
[0,1209,1460,2020]
[0,141,241,1017,1548,1952,2020]
[0,138,241,1246,1460,1766,2020]
[0,141,241,1246,1460,1766,2020]
[0,1209,1766,2020]
[0,141,241,1246,1460,2020]
[0,138,241,1209,1460,1766,2020]
[0,141,241,1209,1460,1952,2020]
[0,241,1548,1952,2020]
[0,1766,2020]
[0,241,1246,1460,1766,2020]
[0,1460,2020]
[0,1548,2020]
[0,1209,2020]
