[0,1142,1676,2554]
[0,1210,1676,2060,2554]
[0,792,1227,1676,2060,2554]
[0,1227,1676,2554]
[0,1227,1676,2060,2554]
[0,1142,1304,2554]
[0,792,1142,1676,2060,2554]
[0,792,1227,1676,2554]
[0,1210,2060,2554]
[0,1142,1304,1676,2060,2554]
[0,1142,1227,1304,1676,2060,2141,2554]
[0,1142,1304,2060,2554]
[0,1142,1304,2060,2141,2554]
[0,792,870,1142,1304,1676,2060,2554]
[0,792,1142,1227,1304,1676,2060,2554]
[0,1210,1304,1676,2060,2554]
[0,1142,1332,1676,2060,2141,2554]
[0,1217,2554]
[0,1142,1676,2060,2554]
[0,792,1142,1304,1676,2060,2141,2554]
[0,1142,2554]
[0,792,870,1142,1227,1332,1676,2060,2554]
[0,1142,1227,1332,1676,2060,2554]
[0,792,870,1142,1332,1676,2060,2554]
[0,1227,1332,2554]
[0,1210,1676,2554]
[0,1142,1304,1676,2060,2141,2554]
[0,1142,1332,2554]
[0,792,1142,1304,1676,2060,2554]
[0,792,2554]
[0,792,1332,2060,2554]
[0,1142,2060,2554]
[0,792,1227,1332,1676,2060,2554]
[0,1227,1332,2060,2554]
[0,1210,1304,2060,2554]
[0,1210,1304,2554]
[0,1210,2554]
[0,792,1142,1227,1332,1676,2060,2141,2554]
[0,792,870,1142,1304,1676,2060,2141,2554]
[0,792,1332,2554]
[0,792,870,1142,1227,1304,1676,2060,2554]
[0,1142,1332,2060,2554]
[0,792,1142,1332,1676,2060,2141,2554]
[0,792,1227,1332,2060,2554]
[0,1142,1332,1676,2060,2554]
[0,1227,2060,2554]
[0,1142,1227,1332,1676,2060,2141,2554]
[0,792,2060,2554]
[0,792,870,1142,1332,1676,2060,2141,2554]
[0,792,1142,1332,1676,2060,2554]
[0,792,870,1142,1227,1332,1676,2060,2141,2554]
[0,1142,1227,1304,1676,2060,2554]
[0,1210,1332,2554]
[0,1142,1332,2060,2141,2554]
[0,1227,2554]
[0,792,1142,1227,1304,1676,2060,2141,2554]
[0,792,870,1142,1227,1304,1676,2060,2141,2554]
[0,792,1227,2060,2554]
[0,1227,1332,1676,2060,2554]
[0,792,1142,1227,1332,1676,2060,2554]
