[0,235,348,431,571,647,723,818,899,1180]
[0,235,348,647,1180]
[0,235,348,431,647,723,852,1180]
[0,235,348,431,723,818,1180]
[0,235,348,647,723,852,1180]
[0,723,852,899,1180]
[0,235,647,723,852,1180]
[0,235,348,431,1180]
[0,647,723,852,899,1180]
[0,647,899,1180]
[0,235,348,431,723,1180]
[0,647,723,1180]
[0,235,348,647,876,1180]
[0,235,348,431,723,818,899,1180]
[0,899,1180]
[0,723,1180]
[0,235,348,647,723,818,899,1180]
[0,235,348,723,818,899,1180]
[0,348,723,1180]
[0,723,852,1180]
[0,235,348,723,818,1180]
[0,235,348,431,647,723,1180]
[0,235,647,899,1180]
[0,235,348,723,1180]
[0,235,348,647,723,852,899,1180]
[0,235,647,723,1180]
[0,235,348,431,647,723,818,899,1180]
[0,235,899,1180]
[0,235,723,1180]
[0,235,348,899,1180]
[0,235,348,431,571,647,723,852,1180]
[0,235,348,647,723,818,1180]
[0,235,348,431,647,723,852,899,1180]
[0,235,647,723,852,899,1180]
[0,235,348,431,723,852,1180]
[0,235,348,431,571,647,723,852,899,1180]
[0,235,348,431,571,647,723,1180]
[0,235,348,647,723,1180]
[0,876,1180]
[0,647,1180]
[0,235,348,1180]
[0,235,876,1180]
[0,852,899,1180]
[0,647,876,1180]
[0,235,647,1180]
[0,235,348,647,899,1180]
[0,235,647,876,1180]
[0,235,348,818,899,1180]
[0,235,348,723,852,1180]
[0,235,723,852,1180]
[0,647,723,852,1180]
[0,235,1180]
