[0,409,680,1019,1272,1810]
[0,111,1192,1751,1810]
[0,111,412,514,1019,1485,1810]
[0,111,409,530,1019,1219,1485,1810]
[0,111,412,514,625,1019,1154,1485,1810]
[0,412,537,1154,1485,1810]
[0,111,1485,1810]
[0,111,412,514,1019,1485,1751,1810]
[0,409,1019,1485,1810]
[0,111,412,537,1154,1485,1810]
[0,111,412,576,1154,1485,1751,1810]
[0,111,1019,1485,1751,1810]
[0,111,412,537,1154,1751,1810]
[0,409,680,1019,1485,1810]
[0,1272,1810]
[0,111,412,514,1154,1485,1810]
[0,412,625,1019,1154,1810]
[0,412,1019,1154,1810]
[0,111,412,652,1485,1751,1810]
[0,412,1019,1810]
[0,111,412,1019,1485,1810]
[0,111,409,1019,1485,1810]
[0,1485,1810]
[0,409,680,1154,1810]
[0,412,625,1019,1154,1485,1810]
[0,111,432,1192,1810]
[0,111,412,1019,1154,1485,1810]
[0,111,412,652,1219,1485,1810]
[0,111,215,409,523,1019,1810]
[0,111,409,1019,1485,1751,1810]
[0,412,1485,1810]
[0,111,409,523,680,1019,1154,1485,1751,1810]
[0,111,412,1019,1810]
[0,409,523,680,1019,1272,1810]
[0,111,412,514,625,1019,1154,1485,1751,1810]
[0,111,215,412,1019,1485,1810]
[0,111,1019,1810]
[0,111,215,409,1019,1485,1810]
[0,111,412,514,1154,1485,1751,1810]
[0,409,1019,1219,1485,1810]
[0,412,1219,1485,1810]
[0,409,523,680,1019,1485,1810]
[0,111,215,412,514,625,1019,1154,1485,1810]
[0,409,523,680,1019,1154,1485,1810]
[0,432,1192,1485,1810]
[0,111,412,514,625,1019,1154,1810]
[0,111,215,412,514,625,1019,1485,1810]
[0,111,412,537,1154,1485,1751,1810]
[0,111,215,412,514,1019,1154,1810]
[0,111,1192,1810]
[0,1019,1810]
[0,409,523,1019,1272,1810]
[0,111,215,412,1019,1154,1485,1810]
[0,111,215,412,514,625,1019,1485,1751,1810]
[0,111,412,514,1019,1154,1810]
[0,111,412,514,1019,1154,1485,1751,1810]
[0,111,1154,1810]
[0,409,680,1019,1272,1485,1810]
[0,412,1019,1154,1485,1810]
[0,412,576,1154,1485,1810]
[0,111,412,625,1019,1154,1810]
[0,409,1019,1154,1810]
[0,412,652,1219,1485,1810]
[0,1192,1810]
[0,409,523,1019,1485,1810]
[0,409,680,1019,1154,1810]
[0,111,412,576,1154,1485,1810]
[0,412,537,1154,1810]
[0,409,1192,1810]
[0,111,409,523,1019,1485,1751,1810]
[0,111,412,576,1154,1751,1810]
[0,409,680,1019,1810]
[0,111,409,1154,1810]
[0,111,412,1019,1154,1810]
[0,111,652,1485,1810]
[0,111,215,409,523,680,1019,1272,1485,1751,1810]
[0,111,409,523,680,1019,1272,1810]
[0,111,409,523,1019,1154,1810]
[0,111,412,1019,1485,1751,1810]
[0,409,1154,1810]
[0,111,215,409,1019,1810]
[0,111,412,625,1019,1154,1485,1810]
[0,409,523,1019,1810]
[0,409,523,1019,1154,1810]
[0,111,432,1192,1485,1810]
[0,111,409,523,680,1019,1485,1810]
[0,111,215,412,625,1019,1154,1810]
[0,111,409,530,1019,1485,1751,1810]
[0,111,409,523,680,1019,1485,1751,1810]
[0,409,680,1019,1154,1485,1810]
[0,111,215,409,523,1019,1272,1810]
[0,111,215,409,523,680,1019,1272,1485,1810]
[0,111,215,412,514,1154,1810]
[0,111,412,1154,1485,1810]
[0,111,215,412,1019,1154,1810]
[0,111,409,523,680,1019,1272,1485,1810]
[0,412,576,1154,1810]
[0,111,409,530,1019,1219,1485,1751,1810]
[0,111,215,409,523,1019,1485,1810]
[0,111,215,412,625,1019,1154,1485,1810]
[0,111,215,412,1154,1810]
[0,412,625,1154,1810]
[0,409,530,1019,1485,1810]
[0,111,215,412,514,625,1019,1154,1810]
[0,111,215,409,523,1019,1485,1751,1810]
[0,111,215,412,514,625,1019,1154,1485,1751,1810]
[0,111,215,409,523,680,1019,1272,1810]
[0,111,409,530,1019,1810]
[0,111,409,523,1154,1810]
[0,409,530,1019,1219,1485,1810]
[0,111,215,409,523,680,1019,1485,1810]
[0,111,409,523,680,1019,1154,1485,1810]
[0,1154,1810]
[0,412,1154,1485,1810]
[0,412,625,1019,1485,1810]
[0,111,412,514,1019,1810]
[0,111,409,1019,1810]
[0,652,1810]
[0,652,1485,1810]
[0,412,1810]
[0,412,1019,1485,1810]
[0,409,530,1019,1810]
[0,111,412,1154,1485,1751,1810]
[0,111,215,412,514,1019,1485,1751,1810]
[0,111,412,652,1219,1485,1751,1810]
[0,412,1154,1810]
[0,111,409,523,1019,1272,1810]
[0,111,215,409,523,680,1019,1485,1751,1810]
[0,111,432,1192,1751,1810]
[0,409,1019,1810]
[0,111,215,409,1019,1485,1751,1810]
[0,111,409,530,1019,1485,1810]
[0,432,1192,1810]
[0,111,409,523,680,1019,1154,1810]
[0,409,1272,1810]
[0,111,409,523,1019,1485,1810]
[0,111,412,1154,1751,1810]
[0,1019,1485,1810]
[0,111,215,412,514,1019,1810]
[0,409,523,680,1019,1154,1810]
[0,409,1019,1272,1485,1810]
[0,111,412,1154,1810]
[0,111,412,514,1154,1751,1810]
[0,412,652,1485,1810]
[0,111,412,514,1154,1810]
[0,111,412,514,625,1019,1485,1751,1810]
[0,409,523,1154,1810]
[0,111,215,412,514,1019,1485,1810]
[0,111,412,537,1154,1810]
[0,111,412,576,1154,1810]
[0,111,215,412,1019,1810]
[0,111,215,412,625,1019,1485,1810]
[0,111,1019,1485,1810]
[0,111,432,1192,1485,1751,1810]
[0,111,412,514,625,1019,1485,1810]
[0,111,412,514,1019,1154,1485,1810]
[0,111,412,652,1485,1810]
[0,111,412,625,1019,1485,1810]
[0,409,523,680,1019,1272,1485,1810]
[0,111,409,523,1019,1810]
[0,409,1019,1272,1810]
[0,409,1019,1154,1485,1810]
