[0,132,198,660,788,879,1082,1205,1249]
[0,198,788,1088,1249]
[0,198,788,879,1249]
[0,198,660,788,879,1082,1205,1249]
[0,102,198,446,660,788,879,1082,1205,1249]
[0,102,198,446,660,879,1082,1249]
[0,446,660,879,1249]
[0,102,198,660,788,879,1082,1205,1249]
[0,198,660,879,1249]
[0,132,198,660,788,879,1082,1249]
[0,198,660,879,1082,1249]
[0,879,1088,1249]
[0,198,446,660,879,1249]
[0,198,660,879,1205,1249]
[0,52,198,660,788,879,1082,1249]
[0,788,879,1249]
[0,198,660,879,1088,1249]
[0,52,198,788,879,1082,1249]
[0,198,788,1249]
[0,102,198,660,879,1082,1249]
[0,132,198,446,660,788,879,1082,1205,1249]
[0,198,446,660,788,879,1082,1249]
[0,198,660,788,879,1082,1249]
[0,660,879,1249]
[0,198,446,660,879,1082,1249]
[0,198,660,788,879,1205,1249]
[0,879,1249]
[0,102,198,660,788,879,1082,1249]
[0,52,198,446,660,788,879,1082,1205,1249]
[0,102,198,571,660,788,879,1082,1205,1249]
[0,102,198,446,660,788,879,1082,1249]
[0,198,660,788,879,1088,1249]
[0,102,198,571,660,788,879,1082,1249]
[0,198,788,1082,1249]
[0,198,788,879,1082,1249]
[0,198,660,788,879,1249]
[0,198,788,879,1205,1249]
[0,52,198,446,660,788,879,1082,1249]
[0,198,788,879,1088,1249]
[0,132,198,446,660,788,879,1082,1249]
[0,788,1249]
[0,788,879,1088,1249]
