[0,626,681,1255,1418,1538,2133,2211]
[0,113,626,1538,1808,2211]
[0,626,1808,2211]
[0,1296,2133,2211]
[0,1296,2211]
[0,1538,2211]
[0,626,681,2211]
[0,626,681,951,1538,2133,2211]
[0,626,1808,2133,2211]
[0,626,1255,2133,2211]
[0,681,1296,2211]
[0,626,1418,1538,2133,2211]
[0,626,1255,1418,1538,2133,2211]
[0,626,681,2133,2211]
[0,626,1074,1538,2133,2211]
[0,626,1255,1538,2133,2211]
[0,626,951,1255,1418,1538,2211]
[0,626,681,1418,1538,2133,2211]
[0,626,681,951,1074,1538,2133,2211]
[0,626,951,1255,2211]
[0,626,951,1074,1538,2133,2211]
[0,626,1255,2211]
[0,626,2133,2211]
[0,1808,2211]
[0,1538,2133,2211]
[0,626,2211]
[0,113,626,1538,1808,2133,2211]
[0,626,1538,1808,2211]
[0,626,1074,1808,2133,2211]
[0,626,1255,1418,1538,2211]
[0,626,1255,1808,2133,2211]
[0,113,626,1538,2211]
[0,2133,2211]
[0,626,1074,2211]
[0,626,951,1074,1418,1538,2211]
[0,1255,2211]
[0,626,1255,1538,2211]
[0,626,1074,1538,2211]
[0,681,1296,2133,2211]
[0,626,681,1808,2133,2211]
[0,626,681,1538,2133,2211]
[0,1808,2133,2211]
[0,626,951,1255,1418,1538,2133,2211]
[0,626,951,1074,1418,1538,2133,2211]
[0,626,681,951,1074,1418,1538,2133,2211]
[0,626,1538,2211]
[0,626,1074,1418,1538,2133,2211]
[0,626,1074,1418,1538,2211]
[0,626,681,951,1255,1418,1538,2133,2211]
[0,626,951,1538,2211]
[0,626,1538,2133,2211]
[0,626,1255,1808,2211]
[0,626,1074,1808,2211]
[0,626,1538,1808,2133,2211]
[0,626,951,1255,1418,2211]
[0,626,951,1074,1538,2211]
[0,626,1255,1418,2211]
[0,626,951,1538,2133,2211]
[0,626,1418,1538,2211]
