[0,675,1598,2406,2956]
[0,675,2406,2628,2956]
[0,957,1973,2375,2700,2956]
[0,675,1988,2375,2628,2956]
[0,957,1108,2155,2406,2700,2866,2956]
[0,675,2155,2406,2700,2866,2956]
[0,675,1459,2155,2406,2700,2866,2956]
[0,675,1459,1988,2375,2628,2956]
[0,957,2406,2700,2956]
[0,675,2155,2406,2700,2956]
[0,675,1598,2155,2406,2956]
[0,957,2228,2956]
[0,957,1108,1459,2155,2406,2628,2956]
[0,675,2155,2406,2814,2956]
[0,675,1459,2155,2406,2700,2956]
[0,957,1108,2155,2406,2700,2956]
[0,2406,2628,2956]
[0,675,2375,2628,2956]
[0,675,2406,2700,2956]
[0,675,1598,2155,2406,2814,2956]
[0,957,2406,2956]
[0,675,1459,2406,2956]
[0,957,2472,2956]
[0,675,2406,2956]
[0,957,2375,2956]
[0,675,2155,2406,2956]
[0,2472,2956]
[0,957,1973,2406,2956]
[0,957,2155,2406,2628,2866,2956]
[0,957,2155,2406,2628,2956]
[0,1598,2956]
[0,675,1459,2375,2956]
[0,2406,2956]
[0,2375,2956]
[0,957,1973,2375,2956]
[0,675,1598,2956]
[0,675,2375,2956]
[0,1459,2956]
[0,957,1108,1459,2155,2406,2700,2866,2956]
[0,957,2155,2406,2700,2866,2956]
[0,675,1459,1988,2375,2956]
[0,957,1108,1459,2155,2406,2700,2956]
[0,957,1459,2155,2406,2956]
[0,957,1459,2406,2700,2956]
[0,2406,2700,2956]
[0,675,1459,2956]
[0,957,1108,1459,2155,2406,2628,2866,2956]
[0,957,2406,2628,2956]
[0,957,2375,2700,2956]
[0,675,1988,2375,2956]
[0,675,2155,2406,2628,2956]
[0,675,1459,1988,2375,2628,2866,2956]
[0,957,1459,2155,2406,2628,2956]
[0,957,2155,2406,2700,2956]
[0,957,2956]
[0,675,1459,2155,2406,2956]
[0,957,1108,2155,2406,2628,2956]
[0,675,1459,2406,2700,2956]
[0,675,2956]
[0,675,2155,2406,2628,2866,2956]
[0,957,1108,2155,2406,2628,2866,2956]
[0,957,1459,2155,2406,2700,2956]
[0,957,1459,2406,2956]
[0,957,2155,2406,2956]
