[0,139,462,556,690,1085,1218,1307,1373,1642]
[0,149,556,690,1373,1642]
[0,690,1085,1236,1642]
[0,690,1218,1373,1642]
[0,556,690,1085,1236,1642]
[0,139,556,690,1085,1373,1642]
[0,139,556,690,1218,1642]
[0,139,690,1218,1642]
[0,690,1218,1642]
[0,690,1085,1218,1642]
[0,827,1236,1642]
[0,556,690,1085,1218,1642]
[0,690,1218,1307,1373,1642]
[0,139,523,690,1085,1218,1373,1642]
[0,139,556,690,1085,1218,1307,1373,1642]
[0,556,1192,1642]
[0,149,690,1085,1236,1307,1642]
[0,149,690,1085,1236,1373,1642]
[0,149,690,1373,1642]
[0,139,556,690,1642]
[0,556,690,1642]
[0,149,223,690,1085,1236,1307,1373,1642]
[0,827,1192,1373,1642]
[0,149,223,556,690,1085,1236,1307,1373,1642]
[0,149,556,690,1085,1236,1373,1642]
[0,826,1236,1642]
[0,139,556,690,1085,1218,1642]
[0,139,462,556,690,1085,1218,1373,1642]
[0,690,1236,1307,1373,1642]
[0,149,826,1236,1373,1642]
[0,149,223,462,556,690,1085,1236,1642]
[0,149,690,1236,1642]
[0,556,690,1085,1218,1307,1373,1642]
[0,556,690,1085,1218,1373,1642]
[0,149,826,1373,1642]
[0,149,690,826,1236,1642]
[0,139,462,556,690,1085,1218,1642]
[0,690,1085,1642]
[0,690,1085,1373,1642]
[0,149,827,1192,1373,1642]
[0,523,690,1192,1373,1642]
[0,690,826,1373,1642]
[0,149,690,1085,1236,1307,1373,1642]
[0,690,1192,1373,1642]
[0,690,1085,1236,1307,1373,1642]
[0,139,556,690,1085,1218,1406,1642]
[0,149,826,1236,1642]
[0,690,1642]
[0,139,523,690,1085,1218,1642]
[0,690,1085,1236,1307,1642]
[0,690,1085,1236,1373,1642]
[0,149,223,556,690,1085,1236,1642]
[0,690,1085,1236,1406,1642]
[0,826,1642]
[0,139,690,1085,1373,1642]
[0,690,1085,1218,1307,1373,1642]
[0,139,690,1085,1406,1642]
[0,462,556,690,1085,1236,1642]
[0,139,556,690,1085,1406,1642]
[0,149,827,1642]
[0,690,1236,1642]
[0,149,223,462,556,690,1085,1236,1307,1373,1642]
[0,523,690,1218,1642]
[0,690,826,1236,1642]
[0,149,223,690,1085,1236,1307,1642]
[0,690,1085,1218,1373,1642]
[0,149,462,556,690,1085,1236,1642]
[0,826,1373,1642]
[0,149,556,690,826,1373,1642]
[0,149,827,1373,1642]
[0,149,223,690,1085,1236,1642]
[0,149,556,690,1085,1236,1406,1642]
[0,139,690,1085,1218,1642]
[0,149,690,826,1373,1642]
[0,149,223,462,556,690,1085,1236,1307,1642]
[0,149,690,1085,1236,1406,1642]
[0,139,523,690,1085,1373,1642]
[0,149,827,1236,1642]
[0,149,556,690,1085,1236,1642]
[0,139,523,690,1373,1642]
[0,556,690,1373,1642]
[0,556,690,1406,1642]
[0,149,690,1085,1236,1642]
[0,139,690,1642]
[0,690,1236,1307,1642]
[0,827,1642]
[0,690,1085,1406,1642]
[0,556,690,1085,1373,1642]
[0,556,1642]
[0,149,690,826,1236,1373,1642]
[0,149,223,556,690,1085,1236,1307,1642]
[0,149,223,556,690,1085,1236,1373,1642]
[0,139,556,690,1373,1642]
[0,139,556,690,1406,1642]
[0,149,223,556,690,1085,1236,1406,1642]
[0,523,690,1085,1373,1642]
[0,139,690,1373,1642]
[0,690,1373,1642]
[0,139,690,1406,1642]
[0,690,1406,1642]
[0,690,1307,1373,1642]
[0,523,690,1373,1642]
[0,827,1373,1642]
[0,139,556,690,1085,1218,1373,1642]
[0,139,523,690,1218,1642]
[0,556,690,1218,1642]
[0,139,523,690,1192,1373,1642]
