[0,399,841,1086,1327]
[0,322,933,1327]
[0,322,1142,1327]
[0,246,742,841,1086,1142,1200,1327]
[0,1086,1327]
[0,322,933,1142,1327]
[0,322,1078,1327]
[0,742,841,1086,1327]
[0,399,1327]
[0,399,933,1142,1327]
[0,399,742,841,1142,1327]
[0,322,1327]
[0,742,1327]
[0,841,1327]
[0,841,1142,1327]
[0,246,742,841,1086,1327]
[0,399,742,1327]
[0,322,742,933,1142,1327]
[0,1142,1327]
[0,322,742,933,1327]
[0,933,1327]
[0,246,742,841,1086,1200,1327]
[0,399,841,1327]
[0,246,841,1086,1327]
[0,399,841,1142,1327]
[0,742,841,1142,1327]
[0,399,1142,1327]
[0,322,742,1327]
[0,246,1086,1327]
[0,246,841,1086,1200,1327]
[0,841,1086,1327]
[0,1078,1327]
[0,742,841,1327]
[0,246,1327]
[0,399,742,841,1086,1327]
[0,399,742,933,1327]
[0,399,742,933,1142,1327]
[0,399,933,1327]
[0,246,841,1327]
