[0,46,569,682,815,1046]
[0,46,124,200,581,682,815,1046]
[0,124,200,485,682,815,976,1046]
[0,569,1046]
[0,124,569,682,815,1046]
[0,200,581,682,1046]
[0,46,200,569,682,815,1046]
[0,46,569,682,887,1046]
[0,46,200,1046]
[0,124,200,569,682,815,1046]
[0,46,124,200,485,581,682,815,887,976,1046]
[0,200,682,815,1046]
[0,815,1046]
[0,124,200,485,581,682,815,887,976,1046]
[0,124,200,485,682,815,887,1046]
[0,485,682,815,1046]
[0,569,682,887,1046]
[0,124,200,581,682,815,976,1046]
[0,46,200,887,1046]
[0,192,1046]
[0,46,192,569,682,815,976,1046]
[0,124,200,485,682,815,1046]
[0,46,200,569,682,887,1046]
[0,46,200,485,682,815,1046]
[0,581,976,1046]
[0,192,682,1046]
[0,200,682,887,1046]
[0,124,200,569,682,815,976,1046]
[0,581,1046]
[0,124,485,682,815,1046]
[0,46,1046]
[0,46,124,200,485,682,815,1046]
[0,124,485,581,682,815,1046]
[0,200,887,1046]
[0,200,682,1046]
[0,581,887,1046]
[0,682,1046]
[0,124,200,581,682,815,1046]
[0,485,682,1046]
[0,569,682,1046]
[0,46,124,200,569,682,815,1046]
[0,200,485,682,815,1046]
[0,46,581,976,1046]
[0,192,569,682,815,1046]
[0,46,192,569,682,815,1046]
[0,581,682,1046]
[0,124,887,1046]
[0,46,485,682,815,1046]
[0,124,200,682,815,1046]
[0,124,682,1046]
[0,46,124,200,485,682,815,887,976,1046]
[0,124,200,485,581,682,815,1046]
[0,46,581,1046]
[0,46,200,581,682,1046]
[0,581,682,815,976,1046]
[0,569,682,815,1046]
[0,200,569,682,815,976,1046]
[0,485,1046]
[0,682,815,1046]
[0,569,682,815,976,1046]
[0,124,682,815,1046]
[0,46,124,200,569,682,815,976,1046]
[0,46,581,682,815,1046]
[0,887,1046]
[0,192,682,815,1046]
[0,46,581,682,1046]
[0,192,569,682,815,976,1046]
[0,200,569,682,815,1046]
[0,200,581,682,815,1046]
[0,46,200,581,682,815,976,1046]
[0,581,682,815,1046]
[0,124,200,485,581,682,815,887,1046]
[0,682,887,1046]
[0,124,200,485,682,815,887,976,1046]
[0,200,485,682,1046]
[0,200,1046]
[0,46,200,581,682,815,1046]
[0,46,124,200,485,682,815,976,1046]
[0,46,200,569,682,815,976,1046]
[0,124,581,887,1046]
[0,200,581,682,815,976,1046]
[0,200,569,682,887,1046]
[0,46,124,200,581,682,815,976,1046]
