[0,59,144,524,791,883,998,1050,1097,1249]
[0,76,524,791,883,998,1050,1097,1249]
[0,144,524,791,883,998,1097,1249]
[0,59,883,998,1249]
[0,59,524,883,998,1249]
[0,144,524,791,883,998,1249]
[0,221,998,1249]
[0,144,524,883,998,1249]
[0,76,524,791,883,998,1249]
[0,59,144,524,791,883,998,1097,1249]
[0,524,848,998,1097,1249]
[0,59,400,883,998,1249]
[0,59,1097,1249]
[0,76,883,998,1050,1097,1249]
[0,59,400,1097,1249]
[0,524,883,998,1097,1249]
[0,524,999,1249]
[0,400,1249]
[0,76,524,883,998,1050,1097,1249]
[0,59,524,791,883,998,1097,1249]
[0,524,791,883,998,1097,1249]
[0,400,883,998,1249]
[0,59,400,883,998,1097,1249]
[0,1097,1249]
[0,59,524,791,883,998,1050,1097,1249]
[0,144,998,1249]
[0,144,1249]
[0,76,400,1050,1249]
[0,76,524,999,1249]
[0,524,791,883,998,1249]
[0,144,524,998,1249]
[0,400,883,1050,1249]
[0,144,883,998,1249]
[0,883,998,1249]
[0,59,524,883,998,1050,1097,1249]
[0,524,848,998,1249]
[0,524,1249]
[0,76,400,848,998,1249]
[0,883,998,1097,1249]
[0,76,400,883,1050,1249]
[0,400,848,998,1249]
[0,76,1050,1249]
[0,400,1050,1249]
[0,59,524,883,998,1097,1249]
[0,76,400,848,998,1097,1249]
[0,76,524,791,883,998,1097,1249]
[0,999,1249]
[0,59,1249]
[0,76,883,998,1097,1249]
[0,848,998,1249]
[0,144,524,883,998,1097,1249]
[0,59,144,524,791,883,998,1249]
[0,76,524,883,998,1249]
[0,76,883,998,1249]
[0,524,883,998,1249]
[0,59,883,998,1050,1097,1249]
[0,59,524,791,883,998,1249]
[0,400,883,998,1097,1249]
[0,76,1249]
[0,998,1249]
[0,400,848,998,1097,1249]
[0,59,883,998,1097,1249]
[0,76,848,998,1249]
[0,76,524,883,998,1097,1249]
[0,400,998,1249]
[0,524,998,1249]
[0,400,1097,1249]
[0,76,524,848,998,1097,1249]
[0,1050,1249]
[0,76,524,848,998,1249]
