[0,405,1107,1632,1871,2366,2987,4285]
[0,405,4285]
[0,1107,1871,2366,2987,4285]
[0,380,1107,1871,3049,4285]
[0,1107,1871,2987,3530,4285]
[0,405,1107,1632,1871,2987,3530,4285]
[0,380,1107,1714,1871,2082,3049,4285]
[0,405,640,1107,1632,1871,2366,2987,3530,4285]
[0,1107,1871,2366,2987,3530,4285]
[0,405,1107,1871,2366,2987,3530,4285]
[0,1107,1871,3049,4285]
[0,640,4285]
[0,2055,4285]
[0,105,405,640,1107,1632,1871,2082,2987,3530,4285]
[0,105,380,640,1107,1714,1871,2082,3049,4285]
[0,380,4285]
[0,380,1107,1871,4285]
[0,1107,3049,4285]
[0,380,1107,1871,2082,4285]
[0,459,1871,4285]
[0,405,1107,1871,2987,4285]
[0,380,1871,4285]
[0,405,640,1107,1632,1871,2987,3530,4285]
[0,1107,1871,2987,4285]
[0,459,4285]
[0,1107,2987,4285]
[0,405,1871,4285]
[0,1107,1871,4285]
[0,380,640,1107,1871,3049,4285]
[0,405,1107,1871,2082,4285]
[0,380,640,1107,1714,1871,2082,3049,4285]
[0,640,2055,4285]
[0,405,1107,1871,4285]
[0,405,1107,1632,1871,2987,4285]
[0,1107,1871,2366,4285]
[0,105,405,640,1107,1632,1871,2082,2366,2987,3530,4285]
[0,405,1107,1871,2366,4285]
[0,3049,4285]
[0,405,1107,1632,1871,2366,2987,3530,4285]
[0,405,1107,1632,1871,2082,2987,3530,4285]
[0,380,640,1107,1871,2082,3049,4285]
[0,405,1107,1871,2082,2987,4285]
[0,405,640,1107,1632,1871,2082,2366,2987,3530,4285]
[0,405,1107,1871,2366,2987,4285]
[0,405,640,1107,1632,1871,2082,2987,3530,4285]
[0,105,405,1107,1632,1871,2082,2987,3530,4285]
[0,405,1107,1632,1871,4285]
[0,405,1107,1632,1871,2082,2987,4285]
[0,105,405,1107,1632,1871,2082,2987,4285]
[0,2987,4285]
[0,405,1107,1871,2987,3530,4285]
[0,1871,4285]
[0,380,1107,1871,2082,3049,4285]
