[0,1329,2342,2554]
[0,1329,1848,2230,2342,2554]
[0,1225,1329,1439,1848,2029,2109,2230,2342,2554]
[0,1329,1439,1848,2109,2554]
[0,1329,1439,1848,2230,2554]
[0,1329,1439,1848,2029,2109,2342,2554]
[0,1225,1329,1439,1848,2109,2342,2554]
[0,1329,2029,2554]
[0,1225,1329,1439,1848,2230,2342,2554]
[0,1225,1439,1848,2554]
[0,1225,1329,1439,1848,2029,2109,2342,2554]
[0,1225,1329,1439,1848,2109,2230,2342,2554]
[0,1329,1439,2554]
[0,1329,1439,2029,2554]
[0,1329,1848,2554]
[0,1329,1439,2029,2109,2554]
[0,1225,1329,1439,1848,2554]
[0,1329,2554]
[0,1329,2230,2342,2554]
[0,1329,1439,1848,2109,2342,2554]
[0,1329,1439,2029,2109,2342,2554]
[0,1329,1439,2029,2342,2554]
[0,1329,1848,2109,2230,2342,2554]
[0,1329,1439,1848,2230,2342,2554]
[0,1329,2029,2109,2554]
[0,1225,1848,2554]
[0,1225,2554]
[0,1329,1848,2230,2554]
[0,1329,2029,2342,2554]
[0,1329,1848,2109,2554]
[0,1329,1439,1848,2554]
[0,1329,1439,1848,2109,2230,2342,2554]
[0,1329,1848,2109,2342,2554]
