[0,123,617,1042,1122,1343]
[0,123,549,641,895,942,1042,1122,1343]
[0,123,641,1042,1122,1343]
[0,617,942,1122,1343]
[0,942,1122,1343]
[0,123,641,1042,1343]
[0,123,942,1122,1343]
[0,123,1042,1122,1343]
[0,123,549,641,1343]
[0,123,942,1042,1122,1343]
[0,942,1343]
[0,123,895,942,1122,1343]
[0,123,617,942,1122,1343]
[0,123,549,617,1042,1122,1343]
[0,617,1042,1343]
[0,123,549,641,1042,1343]
[0,123,641,942,1042,1122,1343]
[0,549,942,1122,1343]
[0,123,1343]
[0,123,895,942,1042,1122,1343]
[0,123,549,617,942,1122,1343]
[0,123,895,942,1343]
[0,641,1042,1343]
[0,123,1042,1343]
[0,123,549,617,942,1042,1122,1343]
[0,549,942,1343]
[0,78,123,549,641,895,942,1042,1122,1343]
[0,641,1343]
[0,123,549,942,1042,1122,1343]
[0,123,549,942,1122,1343]
[0,123,641,1343]
[0,123,641,942,1122,1343]
[0,123,549,641,1042,1122,1343]
[0,617,942,1343]
[0,549,1343]
[0,123,549,641,942,1042,1122,1343]
[0,123,549,617,895,942,1122,1343]
[0,1042,1343]
[0,123,617,895,942,1122,1343]
[0,123,617,1042,1343]
[0,641,942,1122,1343]
[0,617,1343]
[0,123,549,617,895,942,1042,1122,1343]
[0,123,549,641,942,1122,1343]
[0,641,942,1343]
[0,123,942,1343]
[0,123,641,895,942,1042,1122,1343]
