[0,609,1522,2017]
[0,746,1562,2017]
[0,746,1595,2017]
[0,746,1522,2017]
[0,359,2017]
[0,359,977,1646,2017]
[0,609,977,1595,2017]
[0,609,977,1391,1737,2017]
[0,746,977,1595,2017]
[0,609,977,1595,1804,2017]
[0,609,1616,2017]
[0,746,977,1804,2017]
[0,61,329,746,977,1595,2017]
[0,1391,2017]
[0,746,2017]
[0,329,746,977,1562,1804,2017]
[0,329,1562,2017]
[0,746,977,1522,2017]
[0,329,1595,2017]
[0,329,746,977,1595,1804,1876,2017]
[0,61,746,977,1595,1804,1876,2017]
[0,746,977,1595,1804,1876,2017]
[0,609,977,2017]
[0,329,746,977,1562,1680,1804,2017]
[0,1804,2017]
[0,61,329,746,977,1562,1680,1804,2017]
[0,746,977,1562,1680,1804,2017]
[0,61,329,746,977,1595,1804,1876,2017]
[0,609,977,1737,2017]
[0,977,1646,2017]
[0,359,1646,2017]
[0,977,1595,2017]
[0,609,1595,2017]
[0,609,977,1522,1804,2017]
[0,329,746,977,1595,1804,2017]
[0,329,609,977,1737,2017]
[0,329,746,977,1562,2017]
[0,329,746,977,1595,2017]
[0,61,746,977,1562,1804,2017]
[0,977,1562,2017]
[0,609,977,1391,2017]
[0,1616,2017]
[0,329,977,1562,2017]
[0,329,609,977,1391,1737,2017]
[0,329,977,1595,2017]
[0,1737,2017]
[0,746,977,1595,1804,2017]
[0,61,329,746,977,1562,1804,2017]
[0,609,977,1804,2017]
[0,609,1737,2017]
[0,746,977,1562,2017]
[0,359,1737,2017]
[0,977,2017]
[0,329,609,977,1595,2017]
[0,609,977,1522,2017]
[0,329,609,977,1522,2017]
[0,746,977,1804,1876,2017]
[0,61,746,977,1595,2017]
[0,1646,2017]
[0,609,1391,2017]
[0,1562,2017]
[0,1595,2017]
[0,746,977,1522,1804,2017]
[0,61,329,746,977,1595,1804,2017]
[0,609,2017]
[0,1522,2017]
[0,746,977,1522,1804,1876,2017]
[0,329,609,977,1522,1804,2017]
[0,329,609,977,1595,1804,2017]
[0,746,977,2017]
[0,609,1804,2017]
[0,746,977,1562,1804,2017]
