[0,118,205,275,387,711,1197]
[0,205,387,1197]
[0,118,275,387,711,842,1087,1197]
[0,118,275,387,552,720,935,1197]
[0,118,275,387,552,711,842,935,1087,1197]
[0,118,275,387,552,711,842,1197]
[0,118,387,1197]
[0,118,205,387,1197]
[0,118,200,275,387,552,720,935,1197]
[0,387,711,1197]
[0,118,200,275,387,842,1197]
[0,118,275,387,842,1197]
[0,275,1197]
[0,118,205,387,711,1197]
[0,118,275,387,552,711,1197]
[0,275,720,1197]
[0,118,387,720,1197]
[0,118,200,275,387,552,711,842,1087,1197]
[0,118,275,387,720,1087,1146,1197]
[0,118,387,552,720,1197]
[0,275,387,720,1197]
[0,118,275,387,552,711,842,1087,1197]
[0,387,711,842,1197]
[0,118,275,387,720,1197]
[0,842,1197]
[0,118,200,275,387,552,711,842,935,1197]
[0,275,387,1197]
[0,387,697,1197]
[0,118,275,387,711,1197]
[0,248,387,552,711,1197]
[0,118,275,387,842,1087,1146,1197]
[0,118,200,275,387,842,935,1197]
[0,118,387,552,711,1197]
[0,387,842,1197]
[0,118,275,387,552,720,842,935,1197]
[0,118,387,697,1197]
[0,118,387,842,1197]
[0,118,200,275,387,552,711,842,1087,1146,1197]
[0,118,200,275,387,711,842,1087,1197]
[0,387,552,711,1197]
[0,118,275,387,842,1087,1197]
[0,118,248,387,552,711,1197]
[0,118,275,387,552,720,1087,1197]
[0,118,200,275,387,711,842,935,1197]
[0,118,275,387,842,935,1197]
[0,118,200,275,387,552,711,842,935,1087,1146,1197]
[0,118,200,275,387,552,720,842,935,1197]
[0,118,387,552,711,842,1197]
[0,275,720,1087,1197]
[0,387,720,1197]
[0,118,200,275,387,552,720,1087,1197]
[0,118,387,711,842,1197]
[0,118,200,275,387,711,842,1087,1146,1197]
[0,118,275,387,552,720,1197]
[0,118,275,387,711,842,1197]
[0,118,200,275,387,552,711,842,935,1130,1197]
[0,118,200,275,387,552,720,1197]
[0,387,1197]
[0,387,733,1197]
[0,118,200,275,387,552,720,1087,1146,1197]
[0,118,387,552,720,935,1197]
[0,205,387,711,1197]
[0,205,387,733,1197]
[0,275,387,711,1197]
[0,387,720,935,1197]
[0,118,387,711,1197]
[0,118,200,275,387,842,1087,1197]
[0,387,552,720,935,1197]
[0,387,552,711,842,1197]
[0,118,275,387,552,720,1087,1146,1197]
[0,248,387,552,711,842,1197]
[0,118,275,387,552,711,842,935,1197]
[0,118,200,275,387,842,1087,1146,1197]
[0,118,200,275,387,552,711,842,935,1087,1197]
[0,118,275,387,1197]
[0,275,842,1197]
[0,118,275,387,720,1087,1197]
[0,118,275,387,711,842,935,1197]
[0,118,248,387,552,711,842,1197]
[0,275,387,842,1197]
[0,387,552,720,1197]
[0,720,1197]
