[0,226,2374,2956]
[0,954,1008,1434,1825,2374,2956]
[0,1008,1480,2427,2956]
[0,534,1008,1825,2956]
[0,1008,2374,2956]
[0,534,2374,2956]
[0,534,2427,2956]
[0,1008,1434,2956]
[0,954,2956]
[0,1008,1480,1825,2374,2956]
[0,954,1008,2956]
[0,534,1008,1434,1825,2374,2956]
[0,954,1008,1480,1825,2374,2956]
[0,1825,2956]
[0,1008,1825,2956]
[0,534,1008,1434,2374,2956]
[0,1480,1825,2374,2956]
[0,60,534,1008,1480,2427,2956]
[0,954,1008,2374,2956]
[0,60,534,1008,1480,1825,2427,2956]
[0,1434,2374,2956]
[0,1008,2956]
[0,226,1008,1480,2427,2956]
[0,534,954,1008,1434,1825,2374,2956]
[0,60,534,1008,1480,1825,2374,2956]
[0,534,1008,1480,1825,2427,2956]
[0,534,1825,2956]
[0,1825,2374,2956]
[0,954,1008,1434,2956]
[0,534,954,1008,1480,1825,2374,2956]
[0,954,1008,1480,2374,2956]
[0,954,1008,1434,2374,2956]
[0,534,1008,2956]
[0,534,1008,2427,2956]
[0,534,1008,2374,2956]
[0,534,1008,1434,2956]
[0,534,1008,1480,1825,2374,2956]
[0,1008,1480,2374,2956]
[0,226,1008,2374,2956]
[0,534,1008,1480,2427,2956]
[0,2427,2956]
[0,1008,2427,2956]
[0,2374,2956]
[0,534,2956]
[0,60,534,954,1008,1480,1825,2374,2956]
[0,1434,2956]
[0,1008,1434,2374,2956]
[0,534,1008,1480,2374,2956]
[0,1008,1434,1825,2374,2956]
