[0,240,663,1435,1651]
[0,288,663,1651]
[0,292,1435,1651]
[0,292,663,1435,1651]
[0,288,663,1121,1651]
[0,132,240,663,926,1121,1446,1651]
[0,132,240,320,663,926,1121,1446,1651]
[0,240,1121,1651]
[0,132,292,1121,1651]
[0,240,663,1651]
[0,701,1250,1651]
[0,132,240,1651]
[0,132,288,663,926,1121,1446,1651]
[0,292,663,926,1121,1435,1651]
[0,1435,1651]
[0,1446,1651]
[0,288,1435,1651]
[0,288,1651]
[0,288,663,926,1121,1446,1651]
[0,663,1408,1651]
[0,1408,1651]
[0,132,240,663,926,1121,1651]
[0,288,663,926,1651]
[0,240,663,926,1446,1651]
[0,240,663,926,1435,1651]
[0,132,186,240,320,663,926,1121,1446,1651]
[0,240,701,1250,1651]
[0,292,663,926,1121,1651]
[0,292,663,1651]
[0,240,663,1446,1651]
[0,701,1651]
[0,132,240,663,1121,1651]
[0,132,288,663,1121,1651]
[0,132,240,1121,1651]
[0,663,1651]
[0,240,663,1408,1651]
[0,288,663,926,1446,1651]
[0,288,663,926,1435,1651]
[0,240,1651]
[0,292,663,926,1435,1651]
[0,288,1446,1651]
[0,240,663,926,1121,1446,1651]
[0,240,663,926,1651]
[0,292,663,926,1651]
[0,288,663,1446,1651]
[0,288,663,1435,1651]
[0,240,663,926,1121,1651]
[0,132,288,663,926,1121,1435,1651]
[0,240,1446,1651]
[0,240,663,926,1121,1435,1651]
[0,240,1435,1651]
[0,240,1250,1651]
[0,132,292,663,926,1121,1651]
[0,1250,1651]
[0,663,926,1651]
[0,240,663,1121,1651]
[0,288,663,926,1121,1435,1651]
[0,292,663,1121,1651]
[0,292,1651]
[0,240,1408,1651]
[0,132,288,1121,1651]
[0,132,292,663,926,1121,1435,1651]
[0,132,292,663,1121,1651]
[0,292,1121,1651]
[0,663,1121,1651]
[0,288,663,926,1121,1651]
[0,1121,1651]
[0,288,1121,1651]
[0,132,288,663,926,1121,1651]
