[0,91,306,449,594,657,904,1180]
[0,91,306,407,449,594,657,906,965,1136,1180]
[0,306,657,906,1015,1180]
[0,91,306,657,965,1136,1180]
[0,657,906,1084,1180]
[0,91,306,407,657,906,1136,1180]
[0,91,306,594,657,965,1180]
[0,306,407,657,906,1084,1180]
[0,657,965,1180]
[0,91,449,657,906,1015,1180]
[0,449,657,906,1015,1180]
[0,91,657,904,1180]
[0,91,306,657,965,1180]
[0,965,1180]
[0,91,306,594,657,904,965,1180]
[0,449,657,1180]
[0,306,904,1180]
[0,91,306,407,449,594,657,906,1084,1180]
[0,91,657,906,1180]
[0,91,657,965,1136,1180]
[0,306,449,657,906,1180]
[0,449,657,906,1180]
[0,306,657,906,1180]
[0,91,306,449,657,906,1180]
[0,306,407,594,657,906,1180]
[0,657,965,1136,1180]
[0,306,906,1180]
[0,449,1180]
[0,407,449,906,1180]
[0,91,306,657,906,1084,1180]
[0,91,306,449,594,657,906,965,1136,1180]
[0,91,306,407,594,657,906,1084,1180]
[0,407,657,906,1180]
[0,91,306,449,594,657,906,1084,1180]
[0,306,1180]
[0,91,306,594,657,904,1180]
[0,91,306,594,657,906,1084,1180]
[0,91,306,449,594,657,906,965,1180]
[0,904,1180]
[0,91,306,407,594,657,906,1136,1180]
[0,91,306,407,449,594,657,906,1136,1180]
[0,91,306,594,657,906,1180]
[0,91,306,407,657,906,965,1136,1180]
[0,91,306,657,906,1015,1180]
[0,407,906,1180]
[0,306,407,449,657,906,1180]
[0,657,906,1180]
[0,91,306,657,906,1180]
[0,906,1180]
[0,306,407,657,906,1180]
[0,91,306,407,657,906,1180]
[0,91,306,594,657,906,965,1136,1180]
[0,91,306,449,594,657,904,965,1180]
[0,91,449,657,906,1180]
[0,91,306,407,594,657,906,965,1136,1180]
[0,407,449,657,906,1180]
[0,91,306,594,657,906,1136,1180]
[0,91,306,449,657,904,1180]
[0,449,906,1180]
[0,91,306,449,594,657,906,1180]
[0,657,1180]
[0,91,306,449,657,906,1084,1180]
[0,91,306,657,904,965,1180]
[0,657,906,1015,1180]
[0,306,449,657,904,1180]
[0,306,657,904,1180]
[0,91,306,594,657,965,1136,1180]
[0,91,306,594,657,904,965,1136,1180]
[0,91,306,407,449,594,657,906,1180]
[0,407,845,1180]
[0,91,306,407,594,657,906,965,1180]
[0,306,657,1180]
[0,306,657,906,1084,1180]
[0,91,306,657,904,965,1136,1180]
[0,91,306,407,594,657,906,1180]
[0,91,657,965,1180]
[0,91,306,407,657,906,1084,1180]
[0,306,657,965,1180]
[0,306,407,449,594,657,906,1180]
[0,91,306,407,657,906,965,1180]
[0,407,1180]
[0,91,657,906,1084,1180]
[0,306,449,657,906,1084,1180]
[0,91,306,594,657,906,965,1180]
[0,845,1180]
[0,657,904,1180]
[0,91,306,449,594,657,904,965,1136,1180]
[0,91,306,657,904,1180]
