[0,533,647,699,785,888,976,1046]
[0,776,1046]
[0,272,533,647,785,888,1046]
[0,478,776,1046]
[0,533,699,810,976,1046]
[0,537,785,976,1046]
[0,537,785,888,1046]
[0,272,368,537,647,785,888,1046]
[0,272,368,533,785,888,1046]
[0,537,647,785,888,976,1046]
[0,272,1046]
[0,976,1046]
[0,272,368,533,647,785,888,976,1046]
[0,272,368,533,647,785,888,1046]
[0,537,785,1046]
[0,888,1046]
[0,533,810,976,1046]
[0,537,647,785,1046]
[0,272,368,533,647,699,785,888,976,1046]
[0,272,533,785,888,976,1046]
[0,272,537,647,785,888,1046]
[0,272,368,537,785,1046]
[0,647,888,1046]
[0,533,647,785,888,976,1046]
[0,537,785,888,976,1046]
[0,272,537,785,888,976,1046]
[0,272,785,1046]
[0,537,647,699,785,888,976,1046]
[0,272,537,785,1046]
[0,533,785,1046]
[0,272,368,533,785,1046]
[0,478,1046]
[0,533,1046]
[0,533,785,888,1046]
[0,533,647,785,1046]
[0,533,785,976,1046]
[0,272,533,785,1046]
[0,533,776,1046]
[0,272,537,647,785,1046]
[0,533,888,1046]
[0,533,785,888,976,1046]
[0,533,776,976,1046]
[0,272,537,785,888,1046]
[0,810,1046]
[0,537,647,785,888,1046]
[0,272,368,533,785,888,976,1046]
[0,647,1046]
[0,533,647,785,888,1046]
[0,533,976,1046]
[0,272,368,537,785,888,976,1046]
[0,533,699,810,1046]
[0,272,368,537,647,785,888,976,1046]
[0,272,533,647,785,1046]
[0,272,533,785,888,1046]
[0,272,368,537,647,699,785,888,976,1046]
[0,272,368,537,785,888,1046]
[0,785,1046]
[0,533,810,1046]
[0,478,776,976,1046]
