[0,506,578,957,1046]
[0,578,1046]
[0,454,578,744,1046]
[0,503,1046]
[0,437,1046]
[0,222,506,744,1046]
[0,222,503,744,957,1046]
[0,460,578,744,957,1046]
[0,506,578,1046]
[0,222,503,744,1046]
[0,460,578,1046]
[0,437,568,744,1046]
[0,454,744,1046]
[0,222,319,578,957,1046]
[0,222,506,1046]
[0,222,319,1046]
[0,460,578,744,1046]
[0,222,319,506,578,957,1046]
[0,175,1046]
[0,175,957,1046]
[0,454,578,957,1046]
[0,146,1046]
[0,222,319,503,744,1046]
[0,222,506,957,1046]
[0,454,1046]
[0,222,319,578,1046]
[0,437,568,957,1046]
[0,222,506,578,957,1046]
[0,437,568,744,957,1046]
[0,222,503,957,1046]
[0,506,957,1046]
[0,146,578,1046]
[0,460,578,957,1046]
[0,918,1046]
[0,506,744,957,1046]
[0,503,744,1046]
[0,222,503,578,957,1046]
[0,175,535,957,1046]
[0,319,1046]
[0,454,578,744,957,1046]
[0,437,744,1046]
[0,437,568,1046]
[0,222,506,744,957,1046]
[0,319,578,957,1046]
[0,460,744,1046]
[0,460,918,1046]
[0,454,578,1046]
[0,744,1046]
[0,222,503,1046]
[0,222,319,503,578,957,1046]
[0,460,1046]
[0,535,1046]
[0,503,957,1046]
[0,319,578,1046]
[0,506,1046]
[0,503,744,957,1046]
[0,222,319,506,578,744,957,1046]
[0,222,319,506,744,957,1046]
[0,146,578,957,1046]
[0,578,957,1046]
[0,506,744,1046]
[0,222,319,503,744,957,1046]
[0,957,1046]
[0,175,535,1046]
[0,503,578,957,1046]
[0,222,319,503,578,744,957,1046]
[0,503,578,1046]
[0,744,957,1046]
[0,222,319,506,744,1046]
