[0,113,449,833,960,1264]
[0,449,1264]
[0,113,218,449,833,1264]
[0,113,218,449,833,960,1264]
[0,113,218,449,611,833,960,1048,1264]
[0,218,1264]
[0,449,611,833,960,1264]
[0,449,611,833,1048,1264]
[0,449,833,960,1048,1264]
[0,113,218,449,611,833,960,1264]
[0,611,833,960,1264]
[0,113,218,449,833,960,1048,1264]
[0,113,611,833,960,1264]
[0,611,833,1264]
[0,113,218,449,611,833,960,1104,1169,1264]
[0,449,611,833,1264]
[0,113,449,611,833,1264]
[0,113,449,611,833,960,1264]
[0,113,449,611,833,1048,1264]
[0,113,218,449,611,833,1264]
[0,611,1264]
[0,449,611,833,960,1104,1264]
[0,113,449,833,1264]
[0,113,449,833,960,1048,1264]
[0,113,611,833,1264]
[0,449,833,1264]
[0,113,218,449,611,833,960,1104,1264]
[0,113,449,611,833,960,1104,1264]
[0,449,833,960,1264]
[0,449,833,1048,1264]
[0,113,611,1264]
[0,449,611,833,1104,1264]
