[0,317,753,1095,1432,2005,2293,2824]
[0,317,753,1230,1676,2005,2824]
[0,753,1230,1676,2824]
[0,317,753,1230,1432,2153,2824]
[0,496,1230,1676,2153,2824]
[0,753,1230,1432,1958,2153,2824]
[0,317,753,1230,2005,2824]
[0,317,753,1230,1428,1676,2824]
[0,313,702,1095,1432,2005,2498,2824]
[0,753,1230,1676,2153,2824]
[0,317,753,1095,1432,2824]
[0,753,1230,1428,1676,2824]
[0,496,1230,2824]
[0,496,1230,2153,2824]
[0,317,1230,1432,2824]
[0,496,1230,1428,1676,2824]
[0,753,1428,2824]
[0,317,753,1230,1432,1958,2153,2824]
[0,313,702,1095,1432,2824]
[0,317,753,1230,1432,1676,2153,2824]
[0,753,1230,1676,2005,2824]
[0,317,753,1095,1432,2005,2293,2622,2824]
[0,496,1230,1676,2005,2824]
[0,753,1230,2005,2824]
[0,317,753,1095,1428,1676,2824]
[0,1230,2153,2824]
[0,753,1095,1432,2005,2824]
[0,395,1415,2824]
[0,317,753,1230,1676,2153,2824]
[0,753,1230,1428,2824]
[0,317,753,1095,1432,2005,2824]
[0,496,1230,1432,1676,2153,2824]
[0,702,1432,2824]
[0,753,1230,1432,2824]
[0,317,1230,2824]
[0,702,1095,1432,2498,2824]
[0,317,753,1230,2824]
[0,496,1230,1432,2824]
[0,1415,2824]
[0,753,1095,1432,2824]
[0,496,1230,1676,2824]
[0,1230,2824]
[0,753,1428,2005,2824]
[0,1230,2005,2824]
[0,317,753,1095,1428,2824]
[0,317,1432,2824]
[0,317,753,1230,2153,2824]
[0,1428,2824]
[0,317,753,1095,1428,2005,2824]
[0,1432,2824]
[0,753,1230,1432,2153,2824]
[0,496,1230,1428,1676,2005,2824]
[0,313,702,1095,1432,2498,2824]
[0,702,1095,1432,2005,2498,2824]
[0,1095,2824]
[0,753,1095,1428,1676,2824]
[0,496,1230,1432,1676,2824]
[0,753,1230,2824]
[0,496,1230,2005,2824]
[0,753,1230,2153,2824]
[0,395,1389,2824]
[0,702,1095,1432,2824]
[0,753,1432,2824]
[0,753,1230,1958,2153,2824]
[0,496,1230,1428,2824]
[0,1389,2824]
[0,317,753,1230,1428,1676,2005,2824]
[0,753,1095,1428,2824]
[0,753,1432,2005,2824]
[0,317,753,1230,1432,1676,1958,2153,2824]
[0,753,1230,1432,1676,2824]
[0,1095,1432,2824]
[0,753,1230,1432,1676,2153,2824]
[0,317,753,1230,1676,2824]
[0,702,1432,2005,2824]
[0,702,1095,1432,2005,2824]
[0,753,1095,1428,2005,2824]
[0,317,753,1095,1428,1676,2005,2824]
[0,317,1095,1432,2824]
