[0,1140,1471,2201,2369,2824]
[0,1140,1471,1590,2047,2201,2369,2613,2824]
[0,122,1140,1471,1590,2137,2369,2591,2824]
[0,2414,2824]
[0,114,1140,1471,1590,2047,2201,2369,2613,2824]
[0,122,1140,1471,1590,2047,2369,2591,2824]
[0,1554,2369,2824]
[0,1471,2137,2824]
[0,114,1140,1471,2137,2369,2613,2824]
[0,1554,2221,2608,2824]
[0,2222,2824]
[0,114,1140,1554,2137,2369,2824]
[0,114,1140,1471,1590,2201,2369,2613,2824]
[0,114,1140,1471,2201,2593,2662,2824]
[0,114,1140,1471,2201,2369,2613,2824]
[0,1140,1471,1590,2201,2369,2613,2824]
[0,114,1140,1554,2137,2369,2613,2824]
[0,1140,1471,2047,2201,2369,2613,2824]
[0,1471,2824]
[0,122,1140,1471,2137,2591,2662,2824]
[0,122,1140,1471,1590,2137,2369,2591,2662,2824]
[0,114,1140,1471,1590,2137,2369,2613,2824]
[0,114,1140,1471,2201,2369,2824]
[0,1471,2201,2593,2824]
[0,1140,1471,1590,2201,2369,2593,2824]
[0,1140,1471,2137,2369,2591,2824]
[0,1140,1471,2201,2369,2593,2824]
[0,114,1140,1554,2221,2608,2824]
[0,122,1140,1471,2137,2369,2591,2824]
[0,114,1471,2201,2593,2824]
[0,122,1140,1471,2369,2824]
[0,2201,2824]
[0,122,1471,2369,2824]
[0,1554,2824]
[0,114,1140,1471,2201,2593,2824]
[0,122,1140,1471,2137,2591,2824]
[0,1140,1471,2369,2824]
[0,2137,2824]
[0,114,1140,1471,2201,2369,2593,2662,2824]
[0,1471,2221,2824]
[0,114,1554,2221,2608,2824]
[0,114,2414,2824]
[0,114,1140,1471,2137,2369,2824]
[0,1471,2369,2591,2824]
[0,1471,2137,2591,2824]
[0,122,1140,1471,2137,2369,2591,2662,2824]
[0,1140,1471,2137,2591,2824]
[0,1471,2201,2824]
[0,1140,1554,2221,2608,2824]
[0,1140,1471,2047,2369,2591,2824]
[0,114,1471,2221,2608,2824]
[0,1140,1471,2201,2613,2824]
[0,1140,1471,2201,2824]
[0,1554,2137,2369,2824]
[0,1140,1471,1590,2137,2369,2613,2824]
[0,114,1471,2369,2824]
[0,1471,2221,2608,2824]
[0,1471,2414,2824]
[0,1140,1554,2137,2369,2613,2824]
[0,1140,1471,2137,2824]
[0,1140,1471,2201,2593,2824]
[0,1554,2221,2824]
[0,122,2222,2824]
[0,1140,1471,2201,2369,2613,2824]
[0,114,1140,1471,1590,2201,2369,2593,2824]
[0,1140,1471,2047,2369,2824]
[0,114,1140,1471,2201,2369,2593,2824]
[0,1471,2201,2369,2824]
[0,2369,2824]
[0,114,1140,1471,2369,2824]
[0,2591,2824]
[0,1140,1471,2369,2591,2824]
[0,1140,1471,2137,2369,2613,2824]
[0,114,1140,1471,1590,2201,2369,2593,2662,2824]
[0,122,1140,1471,2137,2369,2824]
[0,122,1140,1471,2047,2369,2591,2824]
[0,1140,1554,2137,2369,2824]
[0,122,1471,2137,2591,2824]
[0,122,1471,2369,2591,2824]
[0,1140,1554,2369,2824]
[0,1471,2201,2613,2824]
[0,2221,2824]
[0,114,1554,2137,2369,2824]
[0,122,1140,1471,2047,2369,2824]
[0,1471,2369,2824]
[0,114,1471,2414,2824]
[0,122,2591,2824]
[0,1471,2137,2369,2824]
[0,1140,1471,2137,2369,2824]
[0,122,1140,1471,2369,2591,2824]
[0,1140,1554,2221,2824]
