[0,1454,2120]
[0,362,726,1183,1454,2120]
[0,1183,2120]
[0,1073,2120]
[0,362,1353,2120]
[0,362,2120]
[0,152,362,530,1183,1623,1844,2120]
[0,362,1183,1454,2120]
[0,152,362,564,1183,1623,1844,2120]
[0,320,645,2120]
[0,564,2120]
[0,362,1183,2120]
[0,152,362,2120]
[0,645,1454,2120]
[0,152,362,1183,1454,2120]
[0,152,362,530,1183,1454,2120]
[0,152,362,564,1183,1454,2120]
[0,362,1183,1623,1844,2120]
[0,1183,1454,2120]
[0,320,1183,1454,2120]
[0,152,362,726,1183,1454,2120]
[0,645,2120]
[0,362,726,1454,2120]
[0,152,2120]
[0,362,530,1183,1454,2120]
[0,362,1183,1623,2120]
[0,726,1454,2120]
[0,1183,1603,2120]
[0,362,564,1183,1623,1844,2120]
[0,362,564,1183,1454,2120]
[0,152,362,530,1183,1623,2120]
[0,645,1183,1603,2120]
[0,152,362,1183,2120]
[0,152,362,1183,1623,2120]
[0,362,564,2120]
[0,152,362,564,1183,1623,2120]
[0,320,1183,1603,2120]
[0,320,645,1183,1454,2120]
[0,726,2120]
[0,1183,1623,2120]
[0,1183,1623,1844,2120]
[0,645,1603,2120]
[0,362,564,1623,2120]
[0,362,564,1183,2120]
[0,152,362,564,1183,2120]
[0,362,530,1183,1623,2120]
[0,362,564,1183,1623,2120]
[0,320,1183,2120]
[0,362,530,1183,1623,1844,2120]
[0,362,1073,1603,2120]
[0,1073,1603,2120]
[0,1353,2120]
[0,152,362,564,1623,2120]
[0,152,362,564,2120]
[0,320,645,1454,2120]
[0,320,645,1183,1603,2120]
[0,564,1623,2120]
[0,362,726,2120]
