[0,878,1875]
[0,210,878,1875]
[0,236,878,1273,1804,1875]
[0,236,329,878,1273,1742,1804,1875]
[0,1011,1273,1875]
[0,210,329,878,1273,1875]
[0,236,320,878,1273,1804,1875]
[0,320,1273,1875]
[0,1804,1875]
[0,320,1011,1273,1875]
[0,320,878,1804,1875]
[0,236,878,1875]
[0,236,878,1273,1742,1804,1875]
[0,236,320,878,1273,1875]
[0,320,1011,1875]
[0,210,1273,1804,1875]
[0,210,1804,1875]
[0,320,1011,1273,1804,1875]
[0,236,329,878,1273,1875]
[0,236,320,878,1273,1742,1804,1875]
[0,210,878,1273,1804,1875]
[0,210,329,878,1273,1804,1875]
[0,1273,1875]
[0,236,878,1273,1875]
[0,329,1875]
[0,210,1875]
[0,236,1804,1875]
[0,878,1273,1875]
[0,236,1011,1273,1875]
[0,320,1875]
[0,236,1875]
[0,320,1273,1804,1875]
[0,1011,1875]
[0,210,1273,1875]
[0,320,878,1875]
[0,320,878,1273,1875]
[0,236,1011,1875]
[0,210,878,1273,1875]
[0,236,329,878,1273,1804,1875]
[0,236,1011,1273,1804,1875]
[0,320,1804,1875]
[0,236,1273,1875]
[0,236,1273,1804,1875]
[0,320,878,1273,1804,1875]
