[0,556,668,1046]
[0,163,556,610,1046]
[0,163,556,610,668,890,970,1046]
[0,178,556,919,1046]
[0,163,556,663,890,1046]
[0,163,556,919,1046]
[0,163,556,668,1046]
[0,193,1046]
[0,556,1046]
[0,163,1046]
[0,163,556,890,970,1046]
[0,178,556,1046]
[0,178,556,668,1046]
[0,163,556,668,919,1046]
[0,163,556,1046]
[0,163,556,610,890,970,1046]
[0,163,556,890,1046]
[0,556,663,1046]
[0,163,556,663,1046]
[0,163,556,610,970,1046]
[0,163,556,668,890,970,1046]
[0,163,556,663,890,970,1046]
[0,163,556,668,890,1046]
[0,178,556,668,919,1046]
[0,556,610,1046]
[0,163,556,970,1046]
