[0,62,484,581,948,1080,1180]
[0,948,1180]
[0,62,311,484,581,976,1080,1180]
[0,337,581,1180]
[0,337,484,581,724,948,1180]
[0,311,581,948,1080,1180]
[0,311,724,976,1180]
[0,62,311,484,581,948,1080,1137,1180]
[0,97,441,585,948,1180]
[0,97,441,585,1027,1180]
[0,62,484,581,976,1180]
[0,337,581,948,1180]
[0,976,1180]
[0,441,1180]
[0,441,1027,1180]
[0,484,976,1180]
[0,311,581,976,1180]
[0,97,948,1180]
[0,62,311,484,581,948,1180]
[0,337,1180]
[0,311,484,581,724,976,1080,1180]
[0,311,484,724,976,1080,1180]
[0,311,484,581,976,1080,1180]
[0,484,1180]
[0,484,581,976,1080,1180]
[0,62,484,581,948,1180]
[0,484,585,948,1180]
[0,62,311,484,581,724,976,1080,1180]
[0,103,1180]
[0,337,724,948,1180]
[0,97,441,948,1180]
[0,585,1180]
[0,484,581,1180]
[0,311,724,1180]
[0,97,484,581,948,1180]
[0,1027,1180]
[0,311,581,976,1080,1180]
[0,62,581,1180]
[0,441,976,1180]
[0,311,484,581,948,1080,1180]
[0,311,581,1180]
[0,311,581,948,1180]
[0,337,948,1180]
[0,311,484,581,724,976,1180]
[0,311,484,581,948,1180]
[0,62,484,581,1180]
[0,103,1027,1180]
[0,62,484,581,976,1080,1126,1180]
[0,484,948,1180]
[0,311,484,581,976,1180]
[0,311,1180]
[0,484,581,948,1180]
[0,484,976,1080,1180]
[0,581,1080,1180]
[0,97,585,1180]
[0,337,484,724,948,1180]
[0,311,948,1180]
[0,62,484,581,976,1080,1180]
[0,62,311,484,581,948,1080,1180]
[0,62,1180]
[0,62,484,581,948,1080,1137,1180]
[0,484,581,976,1180]
[0,441,585,948,1180]
[0,62,311,484,581,724,976,1080,1126,1180]
[0,311,976,1180]
[0,311,484,724,976,1180]
[0,62,337,484,581,724,948,1180]
[0,337,484,581,948,1180]
[0,62,311,484,581,724,976,1180]
[0,581,1180]
[0,441,948,1180]
[0,441,585,1180]
[0,484,948,1080,1180]
[0,97,1180]
[0,724,1180]
[0,441,585,1027,1180]
[0,484,581,948,1080,1180]
[0,97,484,585,948,1180]
[0,62,311,484,581,976,1080,1126,1180]
[0,97,441,585,1180]
[0,62,337,484,581,948,1180]
[0,62,311,484,581,976,1180]
