[0,171,816,1155,1327]
[0,171,505,746,816,1155,1327]
[0,171,417,505,746,816,1155,1274,1327]
[0,505,1327]
[0,505,746,1327]
[0,171,746,816,1155,1327]
[0,171,505,1155,1327]
[0,171,505,746,816,1155,1274,1327]
[0,171,505,746,1155,1327]
[0,171,417,505,1155,1274,1327]
[0,171,1155,1327]
[0,816,1155,1327]
[0,171,505,746,1155,1274,1327]
[0,505,1155,1327]
[0,171,417,505,746,1155,1327]
[0,505,746,1155,1327]
[0,171,417,505,746,816,1155,1327]
[0,171,417,505,1155,1327]
[0,746,1327]
[0,1155,1327]
[0,816,1327]
[0,1155,1274,1327]
[0,746,816,1155,1327]
[0,171,505,1155,1274,1327]
[0,171,417,505,746,1155,1274,1327]
[0,171,1155,1274,1327]
