[0,1222,1810]
[0,478,1116,1222,1810]
[0,478,783,1222,1810]
[0,476,1810]
[0,478,1222,1810]
[0,476,783,1222,1480,1810]
[0,478,783,934,1222,1810]
[0,459,783,934,1116,1222,1480,1810]
[0,404,1116,1222,1810]
[0,478,934,1116,1222,1480,1712,1810]
[0,459,783,934,1222,1810]
[0,476,934,1116,1222,1480,1810]
[0,459,934,1222,1810]
[0,1010,1810]
[0,404,934,1116,1222,1810]
[0,344,404,783,934,1116,1324,1712,1810]
[0,459,783,934,1169,1430,1810]
[0,459,783,934,1222,1480,1810]
[0,344,404,783,934,1116,1324,1810]
[0,478,783,934,1116,1222,1480,1712,1810]
[0,476,783,934,1116,1222,1324,1810]
[0,476,783,934,1116,1222,1480,1810]
[0,478,783,934,1116,1222,1480,1810]
[0,478,1116,1222,1480,1810]
[0,404,1810]
[0,476,934,1222,1810]
[0,344,459,783,1169,1810]
[0,459,783,934,1116,1222,1810]
[0,478,783,934,1222,1480,1810]
[0,459,783,1169,1430,1810]
[0,459,1116,1222,1480,1810]
[0,478,783,934,1116,1222,1810]
[0,478,783,934,1116,1222,1324,1480,1810]
[0,1324,1810]
[0,459,783,1169,1430,1712,1810]
[0,476,783,934,1222,1810]
[0,404,1222,1810]
[0,459,934,1116,1222,1480,1712,1810]
[0,478,934,1116,1222,1324,1810]
[0,934,1810]
[0,459,1010,1810]
[0,476,1116,1222,1810]
[0,459,783,1222,1810]
[0,404,783,934,1116,1324,1712,1810]
[0,404,1116,1324,1810]
[0,476,1222,1810]
[0,478,1222,1480,1810]
[0,476,1222,1480,1810]
[0,404,934,1116,1324,1810]
[0,1169,1810]
[0,459,1169,1430,1810]
[0,478,1810]
[0,478,934,1116,1222,1810]
[0,344,459,783,1169,1430,1810]
[0,404,1480,1712,1810]
[0,478,934,1222,1480,1810]
[0,476,1116,1222,1480,1810]
[0,404,783,934,1222,1480,1810]
[0,459,783,1222,1480,1810]
[0,459,1222,1480,1712,1810]
[0,404,1324,1810]
[0,404,783,1222,1810]
[0,344,459,783,1169,1430,1712,1810]
[0,476,783,934,1116,1222,1324,1480,1712,1810]
[0,459,1116,1222,1480,1712,1810]
[0,404,783,934,1116,1222,1810]
[0,476,934,1116,1222,1324,1810]
[0,459,1222,1810]
[0,476,783,934,1222,1480,1810]
[0,478,783,934,1116,1222,1324,1810]
[0,476,783,934,1116,1222,1324,1480,1810]
[0,404,783,934,1116,1222,1480,1810]
[0,476,1116,1222,1480,1712,1810]
[0,404,1480,1810]
[0,476,934,1116,1222,1810]
[0,404,783,1222,1480,1810]
[0,404,934,1810]
[0,478,1116,1222,1480,1712,1810]
[0,459,1169,1810]
[0,478,783,934,1116,1222,1324,1480,1712,1810]
[0,476,934,1222,1480,1810]
[0,344,459,783,934,1169,1430,1712,1810]
[0,459,1169,1430,1712,1810]
[0,459,934,1222,1480,1810]
[0,404,934,1222,1810]
[0,478,934,1222,1810]
[0,459,1810]
[0,476,783,1222,1810]
[0,478,783,1222,1480,1810]
[0,404,783,934,1222,1810]
[0,344,459,783,934,1169,1430,1810]
[0,459,934,1116,1222,1810]
[0,478,934,1116,1222,1480,1810]
[0,459,1116,1222,1810]
[0,404,783,934,1116,1222,1480,1712,1810]
[0,459,934,1116,1222,1480,1810]
[0,404,783,934,1116,1324,1810]
[0,476,934,1116,1222,1480,1712,1810]
[0,476,783,934,1116,1222,1480,1712,1810]
[0,459,783,1169,1810]
[0,459,783,934,1116,1222,1480,1712,1810]
[0,459,1222,1480,1810]
[0,476,783,934,1116,1222,1810]
