[0,934,1736,2066,2824]
[0,934,1400,1879,2066,2272,2641,2824]
[0,1415,2066,2236,2641,2824]
[0,934,1415,1716,2519,2641,2824]
[0,934,1415,2066,2641,2824]
[0,1736,2824]
[0,934,1415,1716,2641,2824]
[0,934,1716,2824]
[0,1400,2519,2673,2824]
[0,1415,2066,2824]
[0,934,1716,2236,2824]
[0,934,1400,2641,2824]
[0,934,1736,2673,2824]
[0,1400,2066,2824]
[0,934,1400,2066,2824]
[0,934,1400,1879,2066,2824]
[0,934,1415,1716,2066,2236,2641,2824]
[0,934,1415,1716,2066,2519,2641,2824]
[0,934,1400,1879,2066,2519,2824]
[0,934,1736,1879,2066,2824]
[0,1400,2673,2824]
[0,934,1400,2066,2272,2641,2824]
[0,934,1736,2272,2824]
[0,1415,2519,2673,2824]
[0,934,1415,2519,2673,2824]
[0,934,1415,1716,2236,2641,2824]
[0,934,1400,2519,2824]
[0,934,1415,2066,2236,2641,2824]
[0,934,1400,1879,2066,2519,2673,2824]
[0,934,1400,2519,2673,2824]
[0,934,1400,2824]
[0,934,1400,2066,2519,2673,2824]
[0,934,1400,1736,1879,2066,2272,2641,2824]
[0,934,1736,2641,2824]
[0,934,1400,2066,2272,2824]
[0,1400,2066,2272,2824]
[0,934,1415,2066,2519,2673,2824]
[0,934,1400,1831,2066,2272,2641,2824]
[0,934,1400,1831,2641,2824]
[0,1400,2824]
[0,934,1415,1716,2066,2236,2519,2641,2824]
[0,1415,2641,2824]
[0,934,1736,2066,2272,2824]
[0,1415,2824]
[0,1230,2641,2824]
[0,934,1415,1831,2066,2236,2641,2824]
[0,1230,2824]
[0,934,1400,1736,1879,2066,2519,2673,2824]
[0,934,1415,2519,2824]
[0,934,1736,1879,2066,2641,2824]
[0,934,1736,1879,2824]
[0,934,1415,1716,2066,2641,2824]
[0,934,1736,2824]
[0,934,1716,2641,2824]
[0,934,1736,2066,2641,2824]
[0,1716,2824]
[0,934,1415,1716,2236,2824]
[0,934,1415,1831,2236,2824]
[0,934,1415,1831,2641,2824]
[0,1415,2519,2824]
[0,1400,2066,2641,2824]
[0,934,1415,1879,2066,2824]
[0,1415,2673,2824]
[0,934,1415,1736,1879,2066,2519,2673,2824]
[0,934,1716,2519,2641,2824]
[0,934,1736,1879,2066,2272,2641,2824]
[0,934,1736,2519,2824]
[0,934,1400,1831,2824]
[0,1400,2519,2824]
[0,934,1415,1879,2066,2519,2824]
[0,934,1415,1716,2066,2824]
[0,934,1736,2272,2641,2824]
[0,934,1415,1879,2066,2519,2673,2824]
[0,934,1736,1879,2066,2519,2673,2824]
[0,934,1415,2066,2519,2824]
[0,934,1400,1831,2066,2272,2824]
[0,934,1400,1831,2272,2824]
[0,934,1400,1879,2066,2272,2824]
[0,934,1400,2066,2519,2824]
[0,934,1415,1831,2824]
[0,934,1736,2066,2272,2641,2824]
[0,1415,2066,2641,2824]
[0,934,1736,2519,2673,2824]
[0,934,1415,2641,2824]
[0,934,1736,2066,2519,2824]
[0,1400,2272,2824]
[0,934,1415,1831,2236,2641,2824]
[0,934,1415,2066,2824]
[0,934,1415,1716,2824]
[0,934,1400,2272,2824]
[0,934,1736,2066,2519,2673,2824]
[0,1400,2066,2272,2641,2824]
[0,1415,1831,2641,2824]
[0,934,1415,2824]
[0,1400,2641,2824]
[0,1415,1831,2824]
[0,934,1736,1879,2519,2673,2824]
