[0,311,406,1562,1659,1725,2017]
[0,311,406,580,1339,1394,1562,1659,1725,2017]
[0,311,406,1562,1725,2017]
[0,406,580,1725,2017]
[0,311,1725,2017]
[0,580,1027,1725,2017]
[0,580,1339,1692,2017]
[0,580,1027,1339,1871,2017]
[0,580,977,1339,1871,2017]
[0,406,580,977,1339,1562,1659,1871,2017]
[0,1339,2017]
[0,1027,1339,2017]
[0,311,406,580,1027,1339,1394,1562,1659,1725,2017]
[0,311,406,1339,1562,1725,2017]
[0,1027,1339,1725,2017]
[0,977,1339,1725,2017]
[0,311,406,580,1027,1339,1659,1725,2017]
[0,1871,2017]
[0,580,1027,2017]
[0,580,1027,1339,1562,1692,1871,2017]
[0,341,406,580,977,1339,1659,1871,2017]
[0,406,1339,2017]
[0,311,406,1339,1394,1562,1659,1725,2017]
[0,311,406,580,1339,1725,2017]
[0,341,406,580,977,1339,1562,1659,1725,2017]
[0,311,406,580,1339,1659,1725,2017]
[0,406,580,977,1339,1725,2017]
[0,406,580,977,1339,1659,2017]
[0,341,406,580,977,1339,1659,1725,2017]
[0,311,406,580,1562,1725,2017]
[0,580,977,1339,2017]
[0,341,406,580,977,1339,2017]
[0,311,1562,1725,2017]
[0,580,1027,1339,1725,2017]
[0,580,1339,2017]
[0,406,580,1871,2017]
[0,406,580,1027,1339,1871,2017]
[0,311,406,1339,1394,1659,1725,2017]
[0,1339,1659,1725,2017]
[0,406,580,1027,1339,2017]
[0,311,406,580,1339,1562,1659,1725,2017]
[0,1725,2017]
[0,1659,2017]
[0,406,580,1339,1562,1725,2017]
[0,1659,1725,2017]
[0,406,580,977,1339,1562,1725,2017]
[0,1339,1692,2017]
[0,1339,1725,2017]
[0,311,406,580,1027,1562,1659,1725,2017]
[0,311,406,1725,2017]
[0,311,406,580,1562,1659,1725,2017]
[0,311,406,580,1027,1562,1725,2017]
[0,977,1339,1871,2017]
[0,406,1659,2017]
[0,406,1296,2017]
[0,311,406,580,1027,1339,1562,1725,2017]
[0,580,2017]
[0,406,580,1027,1339,1725,2017]
[0,311,406,580,1339,1871,2017]
[0,341,406,580,977,1339,1562,1659,1871,2017]
[0,406,580,977,1339,1871,2017]
[0,311,406,580,1339,1562,1725,2017]
[0,406,580,1562,1725,2017]
[0,311,2017]
[0,311,406,580,1027,1339,1394,1659,1725,2017]
[0,406,1339,1725,2017]
[0,977,1339,2017]
[0,341,406,580,977,1339,1394,1562,1659,1725,2017]
[0,406,580,2017]
[0,311,406,580,1027,1725,2017]
[0,406,580,1027,1562,1725,2017]
[0,311,406,1339,1659,1725,2017]
[0,311,406,1659,1725,2017]
[0,311,406,580,1725,2017]
[0,580,1725,2017]
[0,311,406,580,1027,1339,1871,2017]
[0,977,1339,1659,1725,2017]
[0,311,406,1339,1725,2017]
[0,406,580,977,1339,1659,1871,2017]
[0,1339,1871,2017]
[0,406,580,1027,1725,2017]
[0,406,580,1339,2017]
[0,406,580,1027,1339,1562,1725,2017]
[0,406,580,1339,1725,2017]
[0,311,406,580,1339,1394,1659,1725,2017]
[0,580,977,1339,1659,2017]
[0,580,977,1339,1725,2017]
[0,406,580,977,1339,1562,1659,1725,2017]
[0,977,2017]
[0,406,1339,1562,1725,2017]
[0,311,406,1871,2017]
[0,580,1027,1339,2017]
[0,580,1027,1339,1692,2017]
[0,1296,2017]
[0,341,406,580,977,1339,1394,1659,1725,2017]
[0,311,406,580,1027,1339,1725,2017]
[0,406,580,977,1339,1659,1725,2017]
[0,406,580,977,1339,2017]
[0,580,1027,1339,1692,1871,2017]
[0,311,1871,2017]
[0,406,1296,1659,2017]
[0,977,1725,2017]
[0,580,1871,2017]
[0,311,406,580,1027,1339,1562,1659,1725,2017]
[0,580,977,1339,1659,1725,2017]
[0,311,406,1339,1562,1659,1725,2017]
[0,341,406,580,977,1339,1871,2017]
[0,406,2017]
[0,311,1659,1725,2017]
[0,406,580,1339,1871,2017]
[0,1027,1339,1871,2017]
[0,311,406,580,1871,2017]
