[0,2487,4285]
[0,105,1055,1686,2086,3079,3411,3846,4285]
[0,1055,2487,4285]
[0,105,1055,1686,2086,2856,3411,3846,4285]
[0,1055,2086,2722,3755,4285]
[0,1055,2086,2489,2856,3079,3411,4285]
[0,3079,4285]
[0,402,1055,1686,2086,2489,3079,4285]
[0,2722,4285]
[0,1055,1686,2086,2489,2856,3411,3846,4285]
[0,1055,2086,4285]
[0,402,1055,2086,2489,3079,4285]
[0,1055,1686,2086,3079,3411,3846,4285]
[0,2086,3283,4285]
[0,1055,1686,2086,2856,3411,4285]
[0,1055,2722,4285]
[0,1055,2086,2856,3411,3846,4285]
[0,1055,1686,2086,2489,2856,3079,3411,3846,4285]
[0,1055,1686,2086,2856,3079,3411,3846,4285]
[0,1055,2086,3411,4285]
[0,402,1055,1686,2086,2489,2711,3079,3411,3846,4285]
[0,1055,2086,2722,4285]
[0,1055,4285]
[0,1055,2086,2489,2711,3079,3411,4285]
[0,1055,1686,2086,2489,3079,3411,4285]
[0,1055,1686,2086,2489,2856,3079,3411,4285]
[0,1055,3846,4285]
[0,1055,1686,2086,3283,3829,4285]
[0,1055,2086,3079,3411,4285]
[0,1055,1686,2086,2489,3079,4285]
[0,1055,1686,2086,2489,2856,3411,4285]
[0,402,1055,2086,3079,3411,4285]
[0,306,1055,1686,2086,2489,2856,3411,4285]
[0,402,1055,1686,2086,2489,3079,3411,4285]
[0,306,1055,1686,2086,2489,2856,3079,3411,3846,4285]
[0,1055,1686,2086,3079,3846,4285]
[0,1055,3079,4285]
[0,306,1055,2086,2489,2856,3411,4285]
[0,402,1055,1686,2086,2489,2711,3079,3411,4285]
[0,1055,2086,2489,3079,4285]
[0,1055,3416,4285]
[0,402,1055,2086,3079,4285]
[0,402,1055,1686,2086,2489,3079,3846,4285]
[0,1055,1686,2086,2489,3079,3411,3846,4285]
[0,2086,3079,4285]
[0,402,1055,1686,2086,3079,4285]
[0,105,1055,1686,2086,2856,3411,4285]
[0,1055,2086,2489,3079,3846,4285]
[0,105,1055,1686,2086,2489,2856,3079,3411,4285]
[0,105,1055,1686,2086,2489,2856,3079,3411,3846,4285]
[0,2086,3411,4285]
[0,2086,4285]
[0,105,1055,1686,2086,3079,3411,4285]
[0,1055,2086,3079,3846,4285]
[0,2086,2722,4285]
[0,105,1055,1686,2086,3283,3829,4285]
[0,402,1055,2086,3079,3846,4285]
[0,306,1055,1686,2086,2489,2856,3411,3846,4285]
[0,306,1055,2086,2489,2856,3079,3411,4285]
[0,1055,2086,3079,4285]
[0,402,1055,2086,2489,3079,3411,4285]
[0,1414,3079,4285]
[0,402,1055,1686,2086,3079,3411,4285]
[0,306,1055,1686,2086,2489,2856,3079,3411,4285]
[0,1055,1686,2086,2489,2711,3079,3411,4285]
[0,402,1055,2086,2489,2711,3079,3411,4285]
[0,1055,2086,2489,3079,3411,4285]
[0,1414,4285]
[0,1055,1686,2086,2489,2711,3079,3411,3846,4285]
[0,1055,2086,2856,3411,4285]
[0,1055,1686,2086,3079,4285]
[0,1055,1686,2086,3079,3411,4285]
[0,402,1055,2086,2489,3079,3846,4285]
[0,402,1055,1686,2086,3079,3411,3846,4285]
[0,105,1055,1686,2086,2489,2711,3079,3411,3846,4285]
[0,402,1055,1686,2086,3079,3846,4285]
[0,1055,2086,3283,4285]
[0,1055,2487,3416,4285]
[0,402,1055,1686,2086,2489,3079,3411,3846,4285]
[0,105,1055,1686,2086,2856,3079,3411,3846,4285]
[0,1055,2086,3846,4285]
[0,1055,2086,3283,3829,4285]
[0,1055,2086,2489,2856,3411,4285]
[0,105,1055,1686,2086,2489,2711,3079,3411,4285]
[0,1055,1686,2086,2856,3411,3846,4285]
[0,1055,1686,2086,2489,3079,3846,4285]
