[0,2122,2848,3479,4758]
[0,236,784,2876,3479,4758]
[0,784,2848,4758]
[0,784,2122,2876,3479,4758]
[0,784,2122,2541,2848,3479,4758]
[0,2848,3479,4758]
[0,2876,4758]
[0,784,2122,2848,3479,4758]
[0,3426,4758]
[0,2876,3479,4758]
[0,784,2122,2876,4758]
[0,236,784,2848,3479,4758]
[0,284,784,1748,2122,2541,2876,3757,4758]
[0,784,2876,4758]
[0,784,2876,3757,4758]
[0,784,2122,2541,2848,3479,3873,4758]
[0,284,784,2541,2876,3757,4758]
[0,284,784,1748,2122,2541,2876,3479,3757,4758]
[0,784,1839,2122,2541,2848,3479,3873,4758]
[0,784,2541,2876,3757,4758]
[0,236,784,2122,2541,2848,3479,4758]
[0,784,2122,2541,2876,3757,4758]
[0,784,1748,2122,2876,3757,4758]
[0,284,784,2122,2541,2876,3757,4758]
[0,236,784,1839,2122,2541,2848,3479,4758]
[0,236,784,2541,2876,3479,4758]
[0,2541,2876,3757,4758]
[0,784,2876,3090,4758]
[0,284,784,2541,2876,3479,3757,4758]
[0,236,784,2541,2848,3479,4758]
[0,284,784,2122,2876,3479,4758]
[0,2541,3426,4758]
[0,2122,2876,3757,4758]
[0,284,784,2541,2876,3479,4758]
[0,284,558,784,1748,2122,2541,2876,3479,3757,4758]
[0,2541,2876,3479,4758]
[0,284,784,2876,3479,4758]
[0,784,4758]
[0,784,2541,2876,3479,4758]
[0,784,2541,2848,3479,4758]
[0,784,1748,2122,2541,2876,3757,4758]
[0,2122,2848,4758]
[0,284,784,2122,2541,2876,3479,3757,4758]
[0,236,784,1839,2122,2541,2848,3479,3873,4758]
[0,2876,3757,4758]
[0,784,2122,2876,3757,4758]
[0,784,2876,3479,4758]
[0,784,1839,2122,2541,2848,3479,4758]
[0,784,2848,3479,4758]
[0,284,784,2876,3757,4758]
[0,3757,4758]
[0,2541,2848,3479,4758]
[0,2122,2876,3479,4758]
[0,784,2541,2848,3479,3873,4758]
[0,2848,4758]
[0,2122,2876,4758]
[0,784,2848,3479,3873,4758]
[0,784,2122,2848,3479,3873,4758]
[0,784,2122,2848,4758]
