[0,140,838,992,1284,1773,2017]
[0,482,838,992,1377,1773,2017]
[0,482,978,1670,2017]
[0,140,852,1000,1115,1379,1773,2017]
[0,140,852,1121,1670,2017]
[0,140,852,1000,1773,2017]
[0,140,838,992,1773,2017]
[0,1546,2017]
[0,140,1773,2017]
[0,978,2017]
[0,140,433,852,1000,1115,1773,2017]
[0,1000,1379,1773,2017]
[0,140,852,1000,1670,1773,2017]
[0,140,838,992,1546,1773,2017]
[0,140,838,992,1377,1773,2017]
[0,140,838,992,1670,1773,2017]
[0,1115,1546,2017]
[0,1115,1773,2017]
[0,140,1121,2017]
[0,433,1000,1379,1773,2017]
[0,482,2017]
[0,482,992,1377,2017]
[0,838,992,1546,1773,2017]
[0,140,838,992,1115,1546,1773,2017]
[0,140,482,838,992,1773,2017]
[0,140,852,1000,1115,1220,1546,1670,1773,2017]
[0,852,1115,1773,2017]
[0,992,1546,1773,2017]
[0,140,978,2017]
[0,992,1773,2017]
[0,140,1115,1773,2017]
[0,433,852,1000,1546,1773,2017]
[0,1000,1379,2017]
[0,992,1284,2017]
[0,140,433,852,1000,1773,2017]
[0,433,1000,2017]
[0,433,852,1000,1773,2017]
[0,140,852,1000,1115,1773,2017]
[0,482,978,2017]
[0,852,1115,1546,2017]
[0,1121,1670,2017]
[0,838,1115,2017]
[0,140,1115,1546,2017]
[0,992,2017]
[0,433,1546,2017]
[0,433,1000,1379,2017]
[0,852,1121,2017]
[0,433,978,2017]
[0,140,2017]
[0,140,852,1115,1546,2017]
[0,140,838,992,1284,1546,1773,2017]
[0,992,1284,1546,1773,2017]
[0,140,838,992,1115,1284,1546,1773,2017]
[0,482,838,992,1546,1773,2017]
[0,1000,1546,1773,2017]
[0,140,852,1000,1379,1773,2017]
[0,1115,2017]
[0,482,992,1377,1773,2017]
[0,140,433,1546,2017]
[0,433,852,1000,1379,1773,2017]
[0,140,482,838,992,1546,1773,2017]
[0,1242,2017]
[0,838,992,1377,1773,2017]
[0,140,852,1000,1115,1220,1773,2017]
[0,140,838,992,1115,1773,2017]
[0,1000,2017]
[0,140,838,992,1546,1670,1773,2017]
[0,992,1377,2017]
[0,140,838,992,1115,1546,1670,1773,2017]
[0,140,1115,2017]
[0,140,838,992,1115,1284,1546,1670,1773,2017]
[0,482,992,2017]
[0,433,978,1670,2017]
[0,992,1377,1773,2017]
[0,140,1546,2017]
[0,838,992,1284,1546,1773,2017]
[0,140,482,838,992,1115,1546,1773,2017]
[0,140,482,978,2017]
[0,140,433,852,1000,1115,1546,1773,2017]
[0,140,838,992,1115,1377,1773,2017]
[0,140,433,852,1000,1546,1773,2017]
[0,852,1115,2017]
[0,140,852,1000,1115,1546,1670,1773,2017]
[0,482,992,1546,1773,2017]
[0,992,1284,1773,2017]
[0,140,852,1000,1115,1546,1773,2017]
[0,140,482,838,992,1377,1773,2017]
[0,433,1115,2017]
[0,838,992,2017]
[0,852,1000,1379,1773,2017]
[0,140,838,1115,1773,2017]
[0,482,852,1121,1670,2017]
[0,1000,1773,2017]
[0,482,1121,2017]
[0,140,433,852,1000,1115,1379,1773,2017]
[0,482,1242,2017]
[0,852,1121,1670,2017]
[0,482,992,1773,2017]
[0,852,1000,1773,2017]
[0,140,852,1115,1773,2017]
[0,140,852,1000,1115,1220,1546,1773,2017]
[0,140,852,1000,1546,1773,2017]
[0,838,992,1284,1773,2017]
[0,1773,2017]
[0,838,1115,1773,2017]
[0,852,1000,2017]
[0,433,1000,1546,1773,2017]
[0,140,482,978,1670,2017]
[0,140,852,1121,2017]
[0,433,1000,1773,2017]
[0,482,838,992,1773,2017]
[0,140,482,838,992,1115,1377,1773,2017]
[0,140,852,1000,1546,1670,1773,2017]
[0,838,992,1773,2017]
[0,140,433,852,1000,1379,1773,2017]
[0,482,1121,1670,2017]
[0,852,1000,1546,1773,2017]
[0,140,838,992,1115,1284,1773,2017]
[0,140,482,852,1121,1670,2017]
[0,1121,2017]
