[0,238,722,1055,1195,1446,1911]
[0,238,722,1055,1195,1490,1911]
[0,238,722,1143,1446,1911]
[0,238,722,1055,1496,1911]
[0,1490,1911]
[0,722,1911]
[0,1055,1446,1911]
[0,1446,1911]
[0,1055,1490,1911]
[0,722,1055,1496,1911]
[0,238,722,1055,1490,1911]
[0,238,722,1162,1490,1911]
[0,722,1162,1490,1911]
[0,722,1055,1490,1911]
[0,1055,1911]
[0,238,722,1195,1496,1911]
[0,722,1055,1446,1911]
[0,238,722,1055,1195,1496,1911]
[0,722,1055,1911]
[0,722,1195,1496,1911]
[0,1162,1490,1911]
[0,238,722,1055,1446,1911]
[0,1496,1911]
[0,722,1162,1911]
[0,722,1195,1911]
[0,238,722,1055,1143,1446,1911]
[0,1195,1496,1911]
[0,722,1143,1446,1911]
[0,1055,1496,1911]
[0,722,1143,1911]
