[0,1206,1583,2017]
[0,416,1607,2017]
[0,472,814,1359,1830,2017]
[0,513,1206,1583,2017]
[0,416,813,944,1206,1421,1583,1830,2017]
[0,416,1206,2017]
[0,813,1206,2017]
[0,416,813,1206,1830,2017]
[0,944,1206,2017]
[0,416,813,1206,1583,2017]
[0,814,1359,2017]
[0,513,944,2017]
[0,513,2017]
[0,1206,1583,1830,2017]
[0,472,813,1359,1607,1830,2017]
[0,416,2017]
[0,416,813,1206,1607,2017]
[0,513,1206,2017]
[0,472,944,1206,1421,1583,2017]
[0,472,813,1359,1607,2017]
[0,513,813,1206,2017]
[0,472,814,1359,2017]
[0,416,813,944,1206,1607,1830,2017]
[0,472,814,1359,1607,2017]
[0,472,944,1206,1421,1583,1739,2017]
[0,472,814,1359,1607,1830,2017]
[0,472,813,1359,2017]
[0,944,2017]
[0,513,944,1206,2017]
[0,1206,2017]
[0,416,813,1206,1583,1830,2017]
[0,472,813,944,1206,1421,1583,1739,2017]
[0,513,813,944,1206,1583,1830,2017]
[0,944,1206,1583,1830,2017]
[0,1206,1583,1739,2017]
[0,416,813,1206,1421,1583,1830,2017]
[0,513,813,1206,1830,2017]
[0,472,1206,2017]
[0,416,813,1206,1607,1830,2017]
[0,944,1206,1583,2017]
[0,472,944,2017]
[0,944,1206,1421,1583,1739,2017]
[0,513,813,1206,1583,2017]
[0,416,813,2017]
[0,813,1359,2017]
[0,513,944,1206,1583,2017]
[0,813,1206,1583,1830,2017]
[0,513,813,1206,1583,1830,2017]
[0,813,1206,1583,2017]
[0,416,813,944,1206,1830,2017]
[0,513,813,1206,1421,1583,1830,2017]
[0,472,1692,2017]
[0,513,813,944,1206,1421,1583,1830,2017]
[0,416,813,1607,2017]
[0,472,1206,1583,2017]
[0,944,1206,1421,1583,2017]
[0,513,944,1206,1583,1830,2017]
[0,472,813,1359,1830,2017]
[0,416,813,1206,2017]
[0,472,944,1206,1583,2017]
[0,1206,1830,2017]
[0,1830,2017]
[0,1359,2017]
[0,472,2017]
[0,944,1206,1583,1739,2017]
[0,472,944,1692,2017]
