[0,254,437,826,942,1180]
[0,254,437,791,1180]
[0,254,791,1180]
[0,132,254,437,826,1180]
[0,301,437,791,942,1180]
[0,254,437,826,1180]
[0,132,254,791,942,1180]
[0,437,1180]
[0,254,437,795,1180]
[0,62,254,437,533,795,942,1180]
[0,254,437,536,791,942,1180]
[0,132,254,437,826,942,1180]
[0,132,254,437,533,826,942,1180]
[0,301,437,536,791,942,1180]
[0,62,301,437,791,942,1180]
[0,254,826,1180]
[0,791,1180]
[0,254,795,1180]
[0,62,301,791,942,1180]
[0,254,437,791,942,1180]
[0,795,1180]
[0,301,791,1180]
[0,62,254,437,533,826,942,1180]
[0,826,1180]
[0,62,254,437,791,942,1180]
[0,254,795,942,1180]
[0,437,826,1180]
[0,826,942,1180]
[0,437,795,1180]
[0,437,795,942,1180]
[0,132,254,826,1180]
[0,437,533,826,942,1180]
[0,62,254,437,536,791,942,1180]
[0,254,791,942,1180]
[0,795,942,1180]
[0,62,254,437,795,942,1180]
[0,62,254,795,942,1180]
[0,132,254,437,536,791,942,1180]
[0,254,437,795,942,1180]
[0,62,301,437,536,791,942,1180]
[0,132,254,826,942,1180]
[0,301,791,942,1180]
[0,306,795,1180]
[0,437,826,942,1180]
[0,132,254,437,791,942,1180]
[0,254,437,533,795,942,1180]
[0,254,826,942,1180]
[0,254,437,533,826,942,1180]
[0,62,254,791,942,1180]
