[0,881,1343]
[0,872,1343]
[0,105,913,1090,1343]
[0,105,913,1343]
[0,354,636,1090,1343]
[0,110,636,881,1090,1343]
[0,881,1090,1343]
[0,107,913,1090,1343]
[0,110,881,1343]
[0,110,881,1090,1343]
[0,107,913,1343]
[0,105,642,1343]
[0,636,1343]
[0,799,1343]
[0,110,1343]
[0,110,354,636,881,1090,1343]
[0,636,913,1090,1343]
[0,913,1343]
[0,636,881,1090,1343]
[0,107,642,1343]
[0,110,913,1343]
[0,110,913,1090,1343]
[0,642,1343]
[0,105,1343]
[0,636,1090,1343]
[0,354,636,881,1090,1343]
[0,107,1343]
[0,913,1090,1343]
[0,110,636,881,1015,1090,1343]
[0,107,872,1343]
[0,354,881,1343]
[0,107,881,1090,1343]
[0,110,636,913,1090,1343]
[0,62,110,354,636,881,1015,1090,1343]
[0,105,881,1090,1343]
[0,105,881,1343]
[0,110,354,636,881,1015,1090,1343]
[0,354,881,1090,1343]
[0,107,881,1343]
[0,105,799,1343]
[0,354,636,1343]
