[0,223,518,683,752,902,1033,1224,1427]
[0,223,1033,1427]
[0,902,1427]
[0,223,356,518,683,902,1033,1224,1310,1427]
[0,223,518,1427]
[0,223,693,902,1262,1427]
[0,223,356,518,683,902,1033,1224,1427]
[0,223,356,518,683,752,902,1033,1224,1427]
[0,752,1427]
[0,223,879,1427]
[0,902,1224,1427]
[0,223,1224,1427]
[0,223,879,1224,1427]
[0,242,752,1224,1427]
[0,240,683,902,1224,1427]
[0,879,1224,1427]
[0,693,879,1224,1427]
[0,223,693,879,1224,1427]
[0,223,356,518,693,902,1224,1427]
[0,223,693,902,1427]
[0,223,518,693,902,1427]
[0,223,693,902,1224,1427]
[0,223,683,902,1427]
[0,240,683,902,1427]
[0,223,518,693,1033,1224,1427]
[0,223,518,693,752,902,1224,1427]
[0,1033,1224,1427]
[0,223,518,683,902,1224,1427]
[0,223,356,518,683,752,902,1033,1224,1310,1427]
[0,223,1427]
[0,879,1427]
[0,223,348,518,693,902,1033,1224,1427]
[0,240,902,1224,1427]
[0,223,518,683,902,1033,1224,1427]
[0,223,356,693,902,1224,1427]
[0,1033,1427]
[0,518,1427]
[0,223,348,1033,1224,1427]
[0,223,348,518,693,1033,1224,1427]
[0,223,518,693,902,1262,1427]
[0,223,902,1427]
[0,223,693,1427]
[0,223,356,518,693,902,1033,1262,1427]
[0,223,518,693,902,1033,1224,1427]
[0,223,518,693,752,902,1033,1224,1427]
[0,223,356,518,693,879,1033,1224,1427]
[0,223,902,1262,1427]
[0,223,356,518,683,902,1224,1427]
[0,223,518,693,879,1224,1427]
[0,1224,1427]
[0,223,518,693,902,1224,1427]
[0,223,1033,1224,1427]
[0,223,693,1224,1427]
[0,223,518,1224,1427]
[0,223,683,902,1224,1427]
[0,693,1427]
[0,902,1262,1427]
[0,1065,1427]
[0,223,518,1033,1224,1427]
[0,242,1427]
[0,242,752,1427]
[0,223,356,518,693,902,1262,1427]
[0,223,518,693,879,1033,1224,1427]
[0,223,348,518,693,752,902,1033,1224,1427]
[0,752,1224,1427]
[0,223,902,1224,1427]
[0,240,902,1427]
