[0,229,530,1384,2017]
[0,300,530,1194,1384,1564,2017]
[0,46,281,530,670,833,1194,1384,1564,1929,2017]
[0,46,229,530,1107,1230,1384,1564,1929,2017]
[0,530,1107,2017]
[0,281,530,670,806,1107,1384,1564,1929,2017]
[0,281,530,670,1107,1384,2017]
[0,281,530,670,833,1194,1384,1564,2017]
[0,229,530,1230,1384,1564,1929,2017]
[0,281,530,1384,2017]
[0,46,229,530,1230,1384,1564,1929,2017]
[0,281,530,833,1194,1384,2017]
[0,281,530,1194,1564,2017]
[0,229,530,1194,1384,2017]
[0,229,1384,2017]
[0,242,1194,1384,2017]
[0,229,530,1107,1230,1384,1564,2017]
[0,242,1384,2017]
[0,46,281,530,1194,1384,1929,2017]
[0,281,530,1194,1384,1929,2017]
[0,1107,2017]
[0,713,2017]
[0,46,281,530,670,1194,1384,1564,1929,2017]
[0,281,530,833,1384,2017]
[0,1384,2017]
[0,300,1384,2017]
[0,300,530,1194,1564,2017]
[0,229,530,1194,1384,1929,2017]
[0,281,530,670,833,1194,1384,1564,1929,2017]
[0,530,2017]
[0,46,281,530,670,806,1107,1384,1564,1929,2017]
[0,1564,2017]
[0,300,530,1194,1564,1929,2017]
[0,530,1230,1384,2017]
[0,300,530,1384,2017]
[0,281,530,670,1564,2017]
[0,281,530,2017]
[0,281,530,670,1107,1384,1564,2017]
[0,281,530,670,1194,1384,1564,2017]
[0,670,2017]
[0,281,530,670,1564,1929,2017]
[0,281,1384,2017]
[0,281,530,670,1194,1384,1564,1929,2017]
[0,300,530,1564,2017]
[0,300,2017]
[0,281,530,1194,1384,2017]
[0,300,530,1194,1384,1564,1929,2017]
[0,281,1564,2017]
[0,229,530,2017]
[0,281,530,1194,1384,1564,2017]
[0,300,530,1194,1384,2017]
[0,242,713,2017]
[0,229,530,1230,1384,1564,2017]
[0,229,2017]
[0,229,530,1564,2017]
[0,229,530,1107,1230,1384,1564,1929,2017]
[0,530,1384,2017]
[0,281,530,833,1194,1384,1564,2017]
[0,281,530,670,1194,1384,2017]
[0,229,530,1107,1230,1384,2017]
[0,427,2017]
[0,229,530,1230,1384,1929,2017]
[0,242,2017]
[0,281,530,670,1194,1564,1929,2017]
[0,530,1564,2017]
[0,281,530,1564,2017]
[0,281,530,670,1194,1564,2017]
[0,229,530,1230,1384,2017]
[0,530,1194,1384,2017]
[0,281,530,670,806,1107,1384,1564,2017]
[0,281,530,1107,1384,1564,2017]
[0,300,530,2017]
[0,530,833,1384,2017]
[0,281,2017]
[0,242,670,2017]
[0,300,1564,2017]
[0,281,530,670,806,1107,1384,1929,2017]
[0,281,530,1107,1384,2017]
[0,229,530,1230,1564,2017]
[0,530,1194,1564,2017]
[0,530,1230,1564,2017]
[0,530,1107,1384,2017]
[0,46,300,530,1194,1384,1564,1929,2017]
[0,281,530,670,806,1107,1384,2017]
