[0,708,1052,1180]
[0,708,1180]
[0,195,615,708,819,1052,1180]
[0,253,708,819,936,1052,1180]
[0,52,195,253,615,708,819,936,1052,1180]
[0,253,708,1180]
[0,52,195,708,1180]
[0,708,825,1180]
[0,253,615,708,819,936,1052,1180]
[0,52,195,708,819,1052,1180]
[0,52,253,708,819,1180]
[0,52,195,615,708,819,1052,1180]
[0,708,819,1052,1180]
[0,195,708,819,1180]
[0,253,615,708,825,1052,1180]
[0,52,253,708,819,1052,1180]
[0,52,195,253,615,708,819,864,936,1052,1095,1180]
[0,52,195,253,615,708,819,1052,1180]
[0,253,708,819,1180]
[0,52,195,708,819,1052,1095,1180]
[0,708,825,1052,1180]
[0,195,708,819,1052,1180]
[0,52,195,253,615,708,819,864,1052,1180]
[0,253,708,1052,1180]
[0,195,708,1180]
[0,52,253,708,1180]
[0,253,708,819,1052,1180]
[0,195,708,1052,1180]
[0,52,253,708,825,1180]
[0,819,1180]
[0,253,708,825,1180]
[0,52,253,615,708,819,1052,1180]
[0,52,195,253,615,708,819,864,1052,1095,1180]
[0,819,1052,1180]
[0,195,253,615,708,819,936,1052,1180]
[0,52,195,253,615,708,819,1052,1095,1180]
[0,195,253,615,708,819,1052,1180]
[0,52,195,615,708,819,1052,1095,1180]
[0,52,253,708,825,1052,1180]
[0,253,708,825,1052,1180]
[0,52,195,708,819,1180]
[0,253,615,708,819,1052,1180]
[0,52,195,253,615,708,819,864,936,1052,1180]
[0,253,708,936,1052,1180]
[0,52,253,615,708,825,1052,1180]
[0,708,819,1180]
