[0,492,1216,1850,2812]
[0,265,493,1216,1850,2812]
[0,620,1216,1338,2719,2812]
[0,1216,1850,2812]
[0,492,1216,1850,2719,2812]
[0,620,2812]
[0,115,213,265,620,1216,1338,2719,2812]
[0,1216,1850,2719,2812]
[0,620,1216,1850,2812]
[0,1850,2719,2812]
[0,213,265,620,1216,1338,2719,2812]
[0,115,213,620,1216,1338,2812]
[0,493,1216,1850,2812]
[0,115,213,620,1216,1338,2719,2812]
[0,115,620,1216,1338,2812]
[0,265,620,1216,1850,2812]
[0,620,1216,1850,2719,2812]
[0,1850,2812]
[0,265,493,1216,1850,2719,2812]
[0,1216,2812]
[0,493,1216,2812]
[0,492,2812]
[0,620,1216,1338,2812]
[0,493,2812]
[0,265,620,1216,1338,2719,2812]
[0,620,1216,2812]
[0,265,620,1216,2812]
[0,620,1850,2812]
[0,115,620,1216,1338,2719,2812]
[0,493,1216,1850,2719,2812]
[0,213,265,620,1216,1338,2812]
[0,265,620,1216,1338,2812]
[0,2719,2812]
[0,265,620,1216,1850,2719,2812]
