[0,271,1713,1908,2189]
[0,271,1163,2189]
[0,155,271,630,780,1163,1330,1496,1713,1908,2189]
[0,271,1330,2189]
[0,271,1713,2189]
[0,699,1330,1908,2189]
[0,271,1163,1713,1908,2189]
[0,1330,1531,1713,1908,2189]
[0,630,1330,1531,1713,1908,2189]
[0,630,1330,1531,1908,2189]
[0,1330,1496,2189]
[0,271,699,1163,1932,2189]
[0,1330,1531,1908,2189]
[0,630,1330,2189]
[0,271,780,1163,1330,1496,1713,1908,2189]
[0,271,699,1330,1713,1999,2189]
[0,1428,2189]
[0,271,1163,1908,2189]
[0,630,1163,1713,2189]
[0,780,1330,1908,2189]
[0,271,699,1330,1713,2189]
[0,271,699,1163,1330,1531,1713,1908,2189]
[0,271,699,1163,2189]
[0,271,1496,1713,1908,2189]
[0,271,1330,1999,2189]
[0,271,780,1330,1531,1713,1908,2189]
[0,271,699,1163,1434,2189]
[0,699,1163,1434,1713,2189]
[0,1163,1496,1713,1908,2189]
[0,271,699,1330,1531,1908,2189]
[0,630,1330,1531,2189]
[0,271,1163,1496,1713,2189]
[0,271,1163,1496,1713,1908,2189]
[0,271,1163,1496,2189]
[0,271,1713,1999,2189]
[0,271,699,1330,1908,2189]
[0,271,780,1163,2189]
[0,1330,1713,2189]
[0,630,699,1330,1531,2189]
[0,271,780,1330,2189]
[0,699,1163,1496,2189]
[0,271,1330,1531,1908,2189]
[0,271,630,780,1163,1330,1531,1713,1908,2189]
[0,1163,1496,1713,2189]
[0,630,699,1330,2189]
[0,1713,2189]
[0,1330,1531,1713,2189]
[0,155,271,1330,1531,1713,1908,2189]
[0,1163,1496,2189]
[0,630,1428,2189]
[0,271,2189]
[0,1713,1908,2189]
[0,271,780,1163,1496,2189]
[0,780,1163,2189]
[0,271,780,1330,1531,1908,2189]
[0,271,1496,1713,1999,2189]
[0,630,699,2189]
[0,699,1163,1434,2189]
[0,1330,1908,2189]
[0,271,1330,1531,2189]
[0,271,1330,1496,1713,1908,2189]
[0,271,630,699,1330,1531,1713,1908,2189]
[0,271,1163,1999,2189]
[0,155,271,780,1330,1496,1713,1908,2189]
[0,630,1330,1908,2189]
[0,271,699,1330,1496,1713,1999,2189]
[0,1163,1434,2189]
[0,780,1163,1496,2189]
[0,155,271,699,1163,1330,1531,1713,1908,2189]
[0,630,1163,2189]
[0,271,1330,1713,1908,2189]
[0,780,1330,2189]
[0,1163,1496,1713,1999,2189]
[0,271,699,1163,1496,1713,1999,2189]
[0,699,1163,1713,2189]
[0,271,780,1163,1496,1713,1908,2189]
[0,271,699,1163,1496,2189]
[0,271,699,1163,1330,1496,1713,1999,2189]
[0,271,780,1330,1531,2189]
[0,271,699,1163,1496,1713,1908,2189]
[0,271,699,1163,1434,1713,1999,2189]
[0,1163,1713,2189]
[0,271,1163,1496,1713,1999,2189]
[0,271,699,1330,1531,1713,1908,2189]
[0,271,780,1330,1713,1908,2189]
[0,1330,1713,1999,2189]
[0,271,699,1330,1999,2189]
[0,271,1330,1531,1713,1908,2189]
[0,271,699,1163,1713,1999,2189]
[0,271,699,1330,1496,1713,1908,2189]
[0,1713,1999,2189]
[0,1330,1531,2189]
[0,271,630,780,1163,1330,1496,1713,1908,2189]
[0,271,780,1163,1330,1531,1713,1908,2189]
[0,1163,1999,2189]
[0,630,699,1330,1531,1713,2189]
[0,271,699,1330,1713,1908,2189]
[0,271,699,1163,1713,2189]
[0,155,271,1330,1496,1713,1908,2189]
[0,271,699,1330,2189]
[0,155,271,630,699,1163,1330,1531,1713,1908,2189]
[0,271,699,1163,1330,1496,1713,1908,2189]
[0,1163,2189]
[0,1330,1496,1713,1999,2189]
[0,1330,2189]
[0,271,780,1330,1496,1713,1908,2189]
[0,1163,1908,2189]
[0,630,699,1330,1531,1713,1908,2189]
[0,271,699,1163,1434,1713,2189]
[0,271,699,1163,1999,2189]
[0,1163,1434,1713,2189]
[0,271,1330,1908,2189]
[0,1330,1999,2189]
[0,1330,1496,1713,2189]
[0,271,1330,1496,1713,1999,2189]
[0,155,271,699,1330,1531,1713,1908,2189]
[0,699,1163,2189]
[0,1330,1713,1908,2189]
[0,271,780,1163,1496,1713,2189]
[0,155,271,780,1163,1330,1496,1713,1908,2189]
[0,630,2189]
[0,699,1330,1713,2189]
[0,155,271,630,699,1330,1531,1713,1908,2189]
[0,630,1330,1531,1713,2189]
[0,271,699,1163,1496,1713,2189]
[0,271,699,1330,1531,2189]
[0,699,1330,2189]
[0,271,780,1330,1908,2189]
[0,271,1496,1713,2189]
[0,1330,1496,1713,1908,2189]
