[0,950,1333,2211]
[0,494,1333,2106,2211]
[0,66,494,950,1333,1842,2106,2211]
[0,494,950,1333,2211]
[0,950,2211]
[0,388,885,950,1333,1842,2106,2211]
[0,885,1385,2211]
[0,494,1333,2211]
[0,1333,2211]
[0,388,950,1333,1842,2106,2211]
[0,388,1333,2211]
[0,388,494,950,1333,1842,2211]
[0,494,2211]
[0,388,494,950,1333,1842,2106,2211]
[0,388,950,1333,1842,2211]
[0,388,885,950,1333,2211]
[0,494,950,1333,1842,2211]
[0,388,950,1333,2211]
[0,494,885,950,1333,2211]
[0,388,885,950,1333,1385,2106,2211]
[0,494,950,1333,2106,2211]
[0,494,950,1333,1842,2106,2211]
[0,388,2211]
[0,388,950,1333,2106,2211]
[0,885,2211]
[0,388,494,950,1333,2211]
[0,388,885,950,1333,2106,2211]
[0,494,885,950,1333,1842,2106,2211]
[0,388,885,950,1333,1385,1842,2106,2211]
[0,494,885,950,1333,2106,2211]
[0,885,1333,2211]
[0,388,494,885,950,1333,1385,1842,2106,2211]
[0,388,494,885,950,1333,1842,2106,2211]
