[0,504,830,922]
[0,470,592,830,922]
[0,79,830,922]
[0,79,198,592,922]
[0,830,922]
[0,79,198,922]
[0,79,470,592,922]
[0,592,717,922]
[0,403,922]
[0,198,922]
[0,198,470,592,717,922]
[0,198,470,592,830,922]
[0,79,198,470,592,830,922]
[0,79,470,592,830,922]
[0,198,717,830,922]
[0,403,592,922]
[0,504,922]
[0,592,922]
[0,470,592,717,922]
[0,79,198,717,830,922]
[0,198,403,592,717,922]
[0,79,922]
[0,79,504,830,922]
[0,79,198,592,717,830,922]
[0,592,717,830,922]
[0,198,470,592,922]
[0,79,717,922]
[0,198,592,717,830,922]
[0,198,470,592,717,830,922]
[0,79,198,470,592,717,922]
[0,198,592,717,922]
[0,79,470,592,717,922]
[0,79,592,717,922]
[0,79,198,403,592,717,830,922]
[0,717,922]
[0,198,830,922]
[0,403,592,717,922]
[0,470,922]
[0,198,592,922]
[0,403,592,717,830,922]
[0,470,592,922]
[0,79,198,470,592,922]
[0,79,198,470,592,717,830,922]
[0,470,592,717,830,922]
[0,717,830,922]
[0,79,403,592,717,830,922]
[0,79,198,830,922]
[0,198,717,922]
[0,198,403,592,922]
[0,198,403,592,717,830,922]
