[0,252,1084,2994,3421,4285]
[0,252,1084,1884,2652,3417,4285]
[0,1084,2994,3787,4069,4285]
[0,1084,2994,4069,4285]
[0,252,1084,3417,4069,4285]
[0,407,1084,2994,3421,4285]
[0,1084,3421,4147,4285]
[0,186,1084,2994,4069,4285]
[0,1084,3417,4285]
[0,1084,3320,4285]
[0,252,1084,2994,3787,4069,4285]
[0,1069,4285]
[0,1084,2994,3787,4285]
[0,1069,3320,4285]
[0,1084,4285]
[0,252,1084,2652,3417,4069,4285]
[0,1084,3421,4285]
[0,1084,2994,4285]
[0,407,1084,3421,4147,4285]
[0,252,1084,2652,3417,4285]
[0,407,1084,2994,3421,4147,4285]
[0,1084,1884,2652,4285]
[0,372,1084,2994,4285]
[0,252,1084,3417,4285]
[0,1084,3417,4069,4285]
[0,252,1084,2994,3421,4147,4285]
[0,1084,2994,3421,4285]
[0,252,1084,3421,4147,4285]
[0,2994,4285]
[0,252,1084,2994,4069,4285]
[0,407,1084,3421,4285]
[0,1084,2652,4285]
[0,372,1084,2994,3787,4069,4285]
[0,252,1084,1884,2652,3417,4069,4285]
[0,252,1084,3421,4285]
[0,252,1084,2994,4285]
[0,1069,3726,4285]
[0,1084,2652,3417,4285]
[0,1084,1884,2652,3417,4285]
[0,186,1084,2994,4285]
[0,186,1084,2994,3787,4069,4285]
[0,252,1084,2994,3787,4285]
[0,372,1084,2994,3787,4285]
[0,2652,4285]
