[0,520,2017]
[0,482,1144,2017]
[0,346,520,648,1784,1873,2017]
[0,348,648,1144,1866,2017]
[0,75,520,648,1784,1847,2017]
[0,346,1144,2017]
[0,75,520,648,1144,2017]
[0,482,648,1144,1834,2017]
[0,520,648,1144,1834,2017]
[0,75,1834,2017]
[0,75,648,2017]
[0,104,2017]
[0,348,520,648,1784,1866,2017]
[0,75,346,520,648,1144,2017]
[0,520,1144,1866,2017]
[0,75,520,648,1784,1847,1973,2017]
[0,482,2017]
[0,348,520,648,1834,2017]
[0,346,648,1873,2017]
[0,348,1847,2017]
[0,520,648,2017]
[0,75,520,648,1144,1784,1847,2017]
[0,1847,2017]
[0,75,534,1144,1784,2017]
[0,75,534,1144,2017]
[0,482,648,1834,2017]
[0,75,348,520,648,1144,1784,1866,2017]
[0,520,1834,2017]
[0,75,346,520,648,1784,1873,2017]
[0,520,648,1144,1784,1866,2017]
[0,346,520,648,2017]
[0,648,1784,2017]
[0,348,648,1847,2017]
[0,1866,2017]
[0,75,520,648,1834,2017]
[0,348,520,648,1866,2017]
[0,348,1144,1834,2017]
[0,75,346,520,648,2017]
[0,520,648,1784,1873,2017]
[0,348,520,648,1144,1847,2017]
[0,534,2017]
[0,75,520,648,1144,1784,2017]
[0,75,1144,2017]
[0,520,1144,1834,2017]
[0,520,1873,2017]
[0,520,648,1784,1866,2017]
[0,75,1144,1834,2017]
[0,348,520,648,1144,1784,1866,2017]
[0,75,520,648,1847,2017]
[0,348,1144,1847,2017]
[0,520,1866,2017]
[0,346,520,648,1144,1784,1873,2017]
[0,520,648,1866,2017]
[0,104,648,2017]
[0,75,348,520,648,1144,1834,2017]
[0,346,648,1144,1873,2017]
[0,75,520,648,1144,1847,2017]
[0,75,348,520,648,1144,1784,1847,1973,2017]
[0,1144,1847,2017]
[0,348,648,1866,2017]
[0,75,482,648,1144,1834,2017]
[0,348,648,1144,2017]
[0,75,346,520,648,1144,1784,2017]
[0,520,1144,2017]
[0,348,648,2017]
[0,1834,2017]
[0,75,346,520,648,1144,1784,1873,2017]
[0,520,648,1144,2017]
[0,482,1144,1834,2017]
[0,346,2017]
[0,520,648,1144,1847,2017]
[0,75,2017]
[0,348,1834,2017]
[0,348,1144,1866,2017]
[0,75,520,648,1784,1873,2017]
[0,346,520,648,1873,2017]
[0,348,520,648,1847,2017]
[0,520,1144,1784,2017]
[0,75,482,648,1834,2017]
[0,1873,2017]
[0,75,1144,1784,2017]
[0,346,648,2017]
[0,348,2017]
[0,75,520,648,1784,1866,2017]
[0,346,1144,1873,2017]
[0,346,648,1144,2017]
[0,75,520,648,1144,1784,1847,1973,2017]
[0,1144,1866,2017]
[0,348,648,1144,1834,2017]
[0,520,648,1784,1847,2017]
[0,374,2017]
[0,346,520,648,1144,1784,2017]
[0,534,1144,1784,2017]
[0,75,648,1784,2017]
[0,482,648,2017]
[0,348,648,1834,2017]
[0,520,1847,2017]
[0,346,648,1144,1784,2017]
[0,75,534,1144,1834,2017]
[0,348,1866,2017]
[0,346,520,648,1144,2017]
[0,75,520,648,1144,1784,1866,2017]
[0,520,648,1834,2017]
[0,520,648,1847,2017]
[0,348,520,648,1144,1834,2017]
[0,1144,2017]
[0,348,648,1144,1847,2017]
[0,520,648,1144,1866,2017]
[0,1144,1784,2017]
[0,520,648,1873,2017]
[0,482,1834,2017]
[0,520,1144,1847,2017]
[0,534,1144,1834,2017]
[0,348,1144,2017]
[0,534,1144,2017]
[0,75,346,520,648,1144,1784,1873,1973,2017]
[0,346,1873,2017]
[0,346,520,648,1144,1873,2017]
[0,1784,2017]
[0,520,648,1144,1784,2017]
[0,75,520,648,1144,1834,2017]
[0,1144,1834,2017]
[0,75,348,520,648,1144,1784,1847,2017]
[0,648,2017]
[0,75,348,520,648,1144,1847,2017]
[0,348,520,648,1144,1866,2017]
[0,75,520,648,2017]
