[0,464,1180]
[0,90,918,1180]
[0,388,603,1085,1180]
[0,90,1085,1180]
[0,573,780,918,1085,1180]
[0,47,268,388,511,603,812,918,1180]
[0,268,388,573,780,918,1085,1180]
[0,90,464,1085,1180]
[0,47,90,388,511,603,812,918,1180]
[0,47,268,388,573,780,918,1180]
[0,268,603,812,1180]
[0,464,812,1085,1180]
[0,90,388,603,1085,1180]
[0,47,90,511,603,812,918,1180]
[0,268,573,780,1180]
[0,90,603,1180]
[0,47,90,531,603,812,918,1180]
[0,47,918,1180]
[0,388,573,780,1180]
[0,47,90,268,388,511,603,812,918,1180]
[0,47,268,388,573,780,918,1085,1180]
[0,603,812,918,1180]
[0,268,603,1180]
[0,90,531,603,812,918,1180]
[0,47,268,388,603,812,918,1085,1180]
[0,268,812,1180]
[0,573,1180]
[0,47,603,812,918,1085,1180]
[0,268,388,603,812,918,1085,1180]
[0,268,388,531,603,812,918,1085,1180]
[0,531,603,812,918,1180]
[0,47,90,1180]
[0,388,1180]
[0,47,90,388,531,603,812,918,1180]
[0,268,388,573,780,918,1180]
[0,268,388,780,918,1180]
[0,90,603,1085,1180]
[0,603,812,1180]
[0,268,388,603,812,918,1180]
[0,603,1180]
[0,90,388,511,603,812,918,1180]
[0,388,918,1180]
[0,90,603,812,918,1180]
[0,573,780,918,1180]
[0,90,388,531,603,812,918,1180]
[0,464,812,1180]
[0,1085,1180]
[0,268,388,603,812,1180]
[0,812,1180]
[0,90,511,603,812,918,1180]
[0,388,603,1180]
[0,90,603,812,1180]
[0,90,388,573,780,918,1085,1180]
[0,780,918,1180]
[0,388,573,780,918,1085,1180]
[0,47,90,603,812,918,1180]
[0,90,573,780,918,1085,1180]
[0,388,603,812,918,1180]
[0,388,603,812,1180]
[0,47,268,603,812,918,1180]
[0,90,464,812,1085,1180]
[0,90,464,918,1180]
[0,47,268,388,780,918,1180]
[0,388,511,603,812,918,1180]
[0,603,918,1180]
[0,47,90,603,812,1180]
[0,47,603,1180]
[0,268,573,780,918,1180]
[0,603,812,918,1085,1180]
[0,573,780,1180]
[0,47,1085,1180]
[0,388,531,603,812,918,1180]
[0,47,531,603,812,918,1180]
[0,603,1085,1180]
[0,47,1180]
[0,464,918,1180]
[0,268,603,812,918,1180]
[0,464,1085,1180]
[0,90,573,780,918,1180]
[0,918,1180]
[0,47,90,603,1180]
[0,47,268,388,603,812,918,1180]
[0,47,268,388,511,603,812,918,1085,1180]
[0,47,603,812,918,1180]
[0,47,603,918,1180]
[0,47,603,1085,1180]
[0,47,268,388,531,603,812,918,1180]
[0,47,268,388,531,603,812,918,1085,1180]
[0,268,388,511,603,812,918,1085,1180]
[0,388,573,780,918,1180]
[0,47,511,603,812,918,1180]
[0,268,573,1180]
[0,90,388,603,812,918,1180]
[0,511,603,812,918,1180]
[0,268,388,511,603,812,918,1180]
[0,388,780,918,1180]
[0,268,388,531,603,812,918,1180]
