[0,74,506,609,809,1003,1180]
[0,609,1180]
[0,1003,1180]
[0,653,1180]
[0,502,653,809,1003,1180]
[0,506,609,809,883,940,1003,1180]
[0,809,1180]
[0,74,502,653,809,1003,1180]
[0,74,502,609,653,809,883,940,1003,1180]
[0,307,809,1003,1180]
[0,506,653,809,1003,1180]
[0,74,1180]
[0,502,609,809,1003,1180]
[0,74,502,609,809,940,1003,1180]
[0,74,506,653,809,940,1003,1180]
[0,506,609,809,1003,1180]
[0,653,1003,1180]
[0,74,502,609,809,883,940,1003,1180]
[0,478,1003,1180]
[0,653,809,1003,1180]
[0,506,609,809,1003,1052,1180]
[0,609,809,1003,1180]
[0,653,809,1180]
[0,74,307,653,809,1003,1180]
[0,609,809,1180]
[0,506,609,1180]
[0,74,502,609,809,1003,1180]
[0,502,609,809,940,1003,1052,1180]
[0,74,506,653,809,1003,1180]
[0,74,502,609,653,809,1003,1180]
[0,74,1003,1180]
[0,74,506,609,653,809,883,940,1003,1052,1180]
[0,74,653,940,1180]
[0,506,609,809,940,1003,1180]
[0,74,653,809,1003,1180]
[0,74,506,609,809,883,940,1003,1052,1180]
[0,502,609,809,940,1003,1180]
[0,883,1180]
[0,506,609,809,940,1003,1052,1180]
[0,74,653,1180]
[0,478,1180]
[0,74,506,609,653,809,940,1003,1180]
[0,307,809,1180]
[0,74,502,609,653,809,883,940,1003,1052,1180]
[0,502,609,809,925,1003,1180]
[0,74,809,1003,1180]
[0,502,609,809,1003,1052,1180]
[0,74,502,609,653,809,925,1003,1180]
[0,502,609,1180]
[0,74,502,609,809,883,940,1003,1052,1180]
[0,74,506,609,809,940,1003,1180]
[0,74,506,609,809,883,940,1003,1180]
[0,502,609,809,1180]
[0,502,609,809,883,940,1003,1180]
[0,506,609,809,1180]
[0,653,940,1180]
[0,74,653,1003,1180]
[0,74,502,609,809,925,1003,1180]
[0,74,478,1003,1180]
[0,506,609,809,883,940,1003,1052,1180]
[0,809,1003,1180]
[0,307,653,809,1003,1180]
[0,502,609,809,883,940,1003,1052,1180]
[0,74,506,609,653,809,883,940,1003,1180]
