[0,2084,3048,4285]
[0,1063,4285]
[0,3024,4285]
[0,408,1063,1832,2177,2845,3047,3392,3844,4285]
[0,778,3024,4285]
[0,2084,4285]
[0,408,1063,1832,2177,3047,3392,4285]
[0,408,2177,4285]
[0,1063,3047,4285]
[0,408,1063,1832,2177,3035,3438,4285]
[0,644,2084,3035,4285]
[0,408,644,1832,2177,3047,3392,3844,4285]
[0,408,2177,3047,3844,4285]
[0,408,1063,1832,2177,2845,3047,3392,3839,4285]
[0,408,1832,2177,3035,3392,4285]
[0,3047,4285]
[0,1063,2084,3035,4285]
[0,408,1063,2177,3035,4285]
[0,408,1063,2177,3047,3844,4285]
[0,408,1063,2177,3035,3438,4285]
[0,644,2084,3048,4285]
[0,408,644,1832,2177,2845,3047,3392,4285]
[0,408,1832,2177,3047,3392,4285]
[0,408,4285]
[0,408,2177,3047,3392,3844,4285]
[0,408,644,1832,2177,2845,3047,3392,3844,4285]
[0,408,1832,2177,3047,3392,3844,4285]
[0,408,1832,2177,3035,3438,4285]
[0,408,1063,2177,3047,3392,3844,4285]
[0,408,644,1832,2177,3047,3392,3839,4285]
[0,408,2177,3047,4285]
[0,408,2084,3035,3438,4285]
[0,408,1063,2177,3047,3839,4285]
[0,408,1063,1832,2177,2845,3047,3392,4285]
[0,2177,3047,4285]
[0,2177,3047,3844,4285]
[0,408,2177,3047,3839,4285]
[0,408,2177,3047,3392,3839,4285]
[0,408,644,1832,2177,2845,3047,3392,3839,4285]
[0,408,1832,2177,3047,3392,3839,4285]
[0,408,1063,2177,3047,3392,3839,4285]
[0,408,1063,1832,2177,3047,3392,3839,4285]
[0,1063,2177,3047,3839,4285]
[0,3035,4285]
[0,408,2177,3047,3392,4285]
[0,408,2177,3035,4285]
[0,408,1063,2084,3035,3438,4285]
[0,2177,3047,3839,4285]
[0,2177,3035,4285]
[0,408,1832,2177,2845,3047,3392,3844,4285]
[0,408,1063,2177,3047,4285]
[0,408,1832,2177,3035,4285]
[0,408,1832,2177,2845,3047,3392,4285]
[0,408,1063,1832,2177,3035,3392,4285]
[0,1063,2177,3035,4285]
[0,408,1832,2177,2845,3047,3392,3839,4285]
[0,408,1063,2177,3035,3392,4285]
[0,408,644,1832,2177,2845,3047,3392,3644,3844,4285]
[0,408,1063,1832,2177,3047,3392,3844,4285]
[0,778,4285]
[0,408,1832,2177,2845,3047,3392,3644,3844,4285]
[0,408,2177,3035,3392,4285]
[0,408,2177,3035,3438,4285]
[0,408,644,1832,2177,2845,3047,3392,3644,3839,4285]
[0,408,1832,2177,2845,3047,3392,3644,3839,4285]
[0,408,2084,3035,4285]
[0,408,1832,2177,3047,4285]
[0,408,1063,2177,3047,3392,4285]
[0,408,1063,2084,3035,4285]
[0,1063,3035,4285]
[0,2084,3035,4285]
[0,1063,2177,3047,3844,4285]
[0,1063,2177,3047,4285]
[0,2177,4285]
[0,408,644,1832,2177,3047,3392,4285]
