[0,89,468,594,807,969]
[0,89,248,386,969]
[0,89,386,717,807,969]
[0,248,386,716,969]
[0,468,594,807,899,969]
[0,468,594,807,969]
[0,89,248,468,594,663,717,807,899,969]
[0,717,969]
[0,248,468,594,717,807,899,969]
[0,376,807,899,969]
[0,248,468,594,663,717,807,899,969]
[0,376,807,969]
[0,376,594,717,807,899,969]
[0,468,594,969]
[0,89,386,807,899,969]
[0,89,468,594,807,899,969]
[0,807,969]
[0,248,594,807,899,969]
[0,51,468,807,899,969]
[0,248,717,807,969]
[0,89,386,969]
[0,89,248,386,807,899,969]
[0,51,248,468,594,663,717,807,899,969]
[0,89,468,594,969]
[0,51,248,468,594,807,899,969]
[0,89,969]
[0,51,376,717,807,899,969]
[0,468,807,969]
[0,716,969]
[0,376,594,717,807,969]
[0,376,717,807,969]
[0,89,248,468,717,807,899,969]
[0,89,376,594,663,717,807,899,969]
[0,51,376,594,663,717,807,899,969]
[0,376,594,663,717,807,899,969]
[0,807,899,969]
[0,89,468,717,969]
[0,89,468,807,969]
[0,89,386,899,969]
[0,89,386,717,807,899,969]
[0,89,386,716,969]
[0,51,969]
[0,248,468,717,807,969]
[0,89,468,717,807,969]
[0,248,717,969]
[0,248,468,594,717,807,969]
[0,89,248,386,716,899,969]
[0,376,717,807,899,969]
[0,89,376,969]
[0,89,376,594,717,807,969]
[0,248,468,969]
[0,468,807,899,969]
[0,248,594,807,969]
[0,248,807,899,969]
[0,386,716,969]
[0,248,468,594,969]
[0,594,969]
[0,89,807,969]
[0,376,717,969]
[0,376,969]
[0,376,594,969]
[0,248,969]
[0,89,386,716,899,969]
[0,51,807,969]
[0,89,248,468,717,807,969]
[0,248,386,969]
[0,51,468,594,807,899,969]
[0,468,969]
[0,386,717,807,969]
[0,248,468,717,969]
[0,89,248,386,807,969]
[0,89,468,717,807,899,969]
[0,51,248,468,594,717,807,899,969]
[0,248,716,969]
[0,51,807,899,969]
[0,248,468,594,807,899,969]
[0,468,717,969]
[0,89,386,807,969]
[0,386,969]
[0,468,594,717,807,969]
[0,376,594,807,969]
[0,376,899,969]
[0,89,376,594,717,807,899,969]
[0,89,376,717,807,899,969]
[0,89,248,468,594,717,807,969]
[0,248,594,969]
[0,89,376,717,807,969]
[0,89,468,594,717,807,969]
[0,89,248,386,716,969]
[0,89,248,468,594,717,807,899,969]
[0,386,807,969]
[0,248,386,807,969]
[0,468,899,969]
[0,248,468,594,807,969]
[0,89,468,807,899,969]
[0,89,807,899,969]
[0,89,376,899,969]
[0,89,468,594,717,807,899,969]
[0,51,376,594,717,807,899,969]
[0,468,717,807,969]
[0,248,807,969]
[0,386,717,807,899,969]
[0,386,807,899,969]
[0,386,899,969]
[0,89,468,969]
