[0,452,922]
[0,108,205,304,452,571,645,778,922]
[0,108,304,452,922]
[0,108,452,645,778,922]
[0,108,304,452,645,778,840,922]
[0,421,922]
[0,79,304,452,645,778,840,922]
[0,205,922]
[0,304,922]
[0,50,108,304,452,645,778,840,922]
[0,108,421,645,922]
[0,108,922]
[0,304,452,645,778,922]
[0,108,205,452,922]
[0,50,108,205,304,452,571,645,778,840,922]
[0,79,304,452,645,922]
[0,79,452,645,778,922]
[0,108,205,452,645,778,840,922]
[0,108,205,304,452,645,778,922]
[0,108,304,452,645,840,922]
[0,79,452,645,922]
[0,205,452,645,922]
[0,452,840,922]
[0,108,452,645,922]
[0,79,205,452,645,778,922]
[0,205,452,645,778,922]
[0,205,452,922]
[0,79,452,645,778,840,922]
[0,108,648,922]
[0,108,452,922]
[0,108,304,452,645,922]
[0,108,304,452,645,778,922]
[0,79,205,452,645,778,840,922]
[0,79,304,452,645,778,922]
[0,108,421,922]
[0,108,304,922]
[0,50,108,205,304,452,645,778,840,922]
[0,50,108,205,304,452,645,707,778,840,922]
[0,79,205,452,645,922]
[0,108,205,452,645,778,922]
[0,421,645,922]
[0,304,452,922]
[0,108,304,452,645,707,840,922]
[0,108,304,452,645,707,922]
[0,108,205,304,452,645,707,778,840,922]
[0,108,205,304,452,645,778,840,922]
[0,108,205,304,452,571,645,778,840,922]
[0,648,922]
[0,108,205,452,645,922]
[0,50,108,304,452,645,707,778,840,922]
[0,452,645,778,922]
[0,50,108,205,304,452,571,645,707,778,840,922]
[0,108,304,452,645,707,778,840,922]
[0,79,452,922]
[0,304,452,645,922]
[0,452,645,922]
[0,108,205,304,452,571,645,707,778,840,922]
