[0,1522,1584,2003,2053]
[0,1483,1584,2003,2053]
[0,1483,1563,2003,2053]
[0,1391,1522,1640,2053]
[0,1505,1563,2003,2053]
[0,1505,2053]
[0,1483,1539,2053]
[0,1483,1584,2053]
[0,1498,1584,2053]
[0,1483,1539,2003,2053]
[0,1391,1522,1640,2003,2053]
[0,1505,1563,2053]
[0,1522,1640,2003,2053]
[0,1522,1640,2053]
[0,1539,2053]
[0,1522,1584,2053]
[0,1391,1522,1584,2003,2053]
[0,1522,2003,2053]
[0,1391,1522,2053]
[0,1483,2053]
[0,1483,1563,2053]
[0,1498,2053]
[0,1498,1584,2003,2053]
[0,1510,2053]
[0,1498,2003,2053]
[0,1522,2053]
[0,1505,2003,2053]
[0,1391,1522,1584,2053]
