[0,170,212,449,1057,1170,1264]
[0,105,212,412,1052,1170,1264]
[0,449,1264]
[0,219,449,833,1264]
[0,449,1057,1264]
[0,412,1057,1264]
[0,105,170,219,368,449,1057,1170,1264]
[0,105,219,449,833,956,1057,1170,1264]
[0,170,449,1057,1170,1264]
[0,170,219,449,956,998,1264]
[0,170,219,449,956,998,1057,1170,1264]
[0,105,368,449,956,998,1057,1170,1264]
[0,105,219,368,449,833,956,1057,1170,1264]
[0,105,212,449,956,998,1057,1170,1264]
[0,105,212,412,956,1057,1264]
[0,105,170,219,368,449,833,956,1057,1170,1264]
[0,105,449,956,998,1264]
[0,170,449,998,1264]
[0,212,449,833,1057,1264]
[0,105,170,219,449,956,1057,1170,1264]
[0,105,368,449,1057,1170,1264]
[0,105,170,219,368,449,956,1057,1170,1264]
[0,105,170,219,368,449,956,998,1057,1170,1264]
[0,212,449,1264]
[0,170,449,956,998,1057,1264]
[0,105,368,449,956,998,1264]
[0,412,1052,1264]
[0,105,170,219,449,1057,1170,1264]
[0,105,212,412,1057,1264]
[0,105,212,449,956,998,1264]
[0,105,449,1057,1264]
[0,111,412,1057,1264]
[0,105,170,219,368,449,833,956,998,1057,1170,1264]
[0,170,219,449,998,1264]
[0,170,449,956,998,1264]
[0,105,212,368,449,956,998,1057,1170,1264]
[0,170,212,449,956,998,1057,1170,1264]
[0,105,212,449,833,956,1057,1264]
[0,105,212,449,998,1264]
[0,170,212,449,998,1264]
[0,212,449,998,1264]
[0,105,170,212,368,449,1057,1170,1264]
[0,105,212,449,956,1057,1264]
[0,105,170,212,368,449,956,998,1057,1170,1264]
[0,170,219,449,956,1057,1170,1264]
[0,212,412,1057,1264]
[0,105,1057,1264]
[0,105,212,412,1052,1264]
[0,105,449,1057,1170,1264]
[0,105,219,449,833,1057,1264]
[0,111,412,1052,1264]
[0,368,1264]
[0,449,833,1264]
[0,105,368,449,998,1264]
[0,105,212,368,449,1057,1170,1264]
[0,105,368,449,956,998,1057,1264]
[0,105,368,1057,1264]
[0,105,1057,1170,1264]
[0,449,998,1264]
[0,212,412,1052,1264]
[0,105,170,219,449,956,998,1057,1170,1264]
[0,105,368,449,1057,1264]
[0,449,956,998,1057,1264]
[0,449,1057,1170,1264]
[0,105,449,956,1057,1170,1264]
[0,105,212,449,956,1057,1170,1264]
[0,170,212,449,956,998,1057,1264]
[0,105,219,449,956,1057,1170,1264]
[0,105,219,449,1057,1264]
[0,170,219,449,956,1057,1264]
[0,105,212,449,956,998,1057,1264]
[0,170,449,956,1057,1170,1264]
[0,105,219,368,449,1057,1170,1264]
[0,170,219,449,1057,1170,1264]
[0,412,1264]
[0,170,449,956,998,1057,1170,1264]
[0,368,1057,1264]
[0,449,956,998,1264]
[0,105,170,212,449,1057,1170,1264]
[0,219,449,1057,1264]
[0,105,449,998,1264]
[0,105,212,412,1057,1170,1264]
[0,105,219,449,833,956,1057,1264]
[0,105,212,449,833,956,1057,1170,1264]
[0,105,1264]
[0,105,212,412,956,1057,1170,1264]
[0,105,449,956,1057,1264]
[0,170,449,1057,1264]
[0,449,956,1057,1170,1264]
[0,449,956,998,1057,1170,1264]
[0,449,956,1057,1264]
[0,170,212,449,956,998,1264]
[0,105,412,1057,1264]
[0,105,212,449,1057,1264]
[0,212,449,833,1264]
[0,105,219,449,1057,1170,1264]
[0,105,219,449,956,1057,1264]
[0,105,368,449,956,1057,1264]
[0,105,212,368,449,833,956,998,1057,1170,1264]
[0,170,219,449,1057,1264]
[0,170,449,956,1057,1264]
[0,105,368,449,956,1057,1170,1264]
[0,170,219,449,956,998,1057,1264]
[0,105,170,212,368,449,833,956,998,1057,1170,1264]
[0,219,449,833,1057,1264]
[0,105,170,212,449,956,998,1057,1170,1264]
[0,111,412,1052,1170,1264]
[0,105,212,449,1057,1170,1264]
[0,170,212,449,1057,1264]
[0,105,368,1057,1170,1264]
[0,212,449,1057,1264]
[0,105,412,1052,1264]
[0,105,212,368,449,833,956,1057,1170,1264]
[0,105,212,449,833,1057,1264]
[0,1057,1264]
[0,219,449,1264]
[0,105,212,368,449,956,1057,1170,1264]
[0,105,219,368,449,956,1057,1170,1264]
