[0,699,1238,1465]
[0,196,315,699,1238,1465]
[0,130,196,315,405,699,1238,1465]
[0,196,315,408,691,1239,1465]
[0,196,699,1238,1465]
[0,699,1465]
[0,130,196,315,405,699,1238,1290,1465]
[0,130,196,315,408,691,1239,1290,1465]
[0,1238,1465]
[0,691,1239,1465]
[0,130,196,699,1238,1465]
[0,196,315,405,699,1238,1465]
[0,196,315,691,1239,1465]
[0,202,691,1239,1465]
[0,130,196,315,408,691,1239,1465]
[0,691,1465]
[0,130,196,691,1239,1465]
[0,1239,1465]
[0,130,196,315,699,1238,1465]
[0,196,691,1239,1465]
[0,130,196,315,691,1239,1465]
