[0,545,796,1051,1571,3172,3353]
[0,110,796,1051,1814,3353]
[0,110,432,953,2240,3353]
[0,110,545,796,1051,1571,3353]
[0,796,2242,3353]
[0,796,2794,3353]
[0,796,1051,1571,3353]
[0,432,953,3353]
[0,796,1951,3353]
[0,1951,3353]
[0,796,1051,3353]
[0,110,432,796,1051,2242,3353]
[0,110,796,2794,3353]
[0,110,545,796,2794,3353]
[0,953,1051,3353]
[0,545,796,1051,1951,3353]
[0,953,1051,1814,3353]
[0,110,545,796,1951,3353]
[0,1814,3353]
[0,1594,3353]
[0,545,796,2794,3353]
[0,545,796,1951,3353]
[0,432,796,1051,1594,3353]
[0,432,796,3353]
[0,110,545,796,1051,1951,3353]
[0,110,796,1051,1571,3353]
[0,545,796,3353]
[0,432,796,2240,3353]
[0,796,1051,1951,3353]
[0,796,1814,3353]
[0,110,432,796,1051,1594,3284,3353]
[0,796,1594,3353]
[0,432,796,2242,3353]
[0,953,1814,3353]
[0,110,432,953,3353]
[0,953,3353]
[0,545,796,1051,1814,3353]
[0,110,432,796,1051,1594,3353]
[0,110,796,953,1051,1814,3353]
[0,397,953,3353]
[0,432,796,1051,3353]
[0,110,545,796,1051,1571,3172,3353]
[0,110,545,796,1051,1814,3353]
[0,796,953,1051,3353]
[0,110,953,3353]
[0,110,545,796,953,1051,1814,3353]
[0,110,432,796,953,1051,2242,3353]
[0,110,432,796,953,1051,3353]
[0,2240,3353]
[0,110,796,1051,1951,3353]
[0,796,1051,1814,3353]
[0,432,953,2240,3353]
[0,796,1051,1571,3172,3353]
[0,796,3353]
[0,2242,3353]
[0,432,796,1051,2240,3353]
[0,110,545,796,3353]
[0,545,796,1051,1571,3353]
[0,796,2240,3353]
[0,432,796,1051,2242,3353]
[0,432,796,953,1051,3353]
[0,796,1571,3353]
[0,432,796,1594,3353]
[0,110,432,796,1051,3353]
[0,110,432,796,3353]
[0,110,432,796,1051,2240,3353]
[0,953,2240,3353]
[0,110,796,3353]
[0,1051,3353]
[0,796,953,1051,1814,3353]
