[0,134,1687,1810]
[0,441,907,1727,1810]
[0,949,1810]
[0,125,441,907,1368,1674,1727,1810]
[0,120,1727,1810]
[0,964,1687,1810]
[0,120,1687,1810]
[0,125,441,1810]
[0,120,964,1687,1810]
[0,907,1810]
[0,441,907,1368,1810]
[0,125,441,907,1727,1810]
[0,125,441,776,907,1368,1676,1727,1810]
[0,120,441,949,1368,1727,1810]
[0,120,441,1810]
[0,125,441,907,1368,1727,1810]
[0,120,441,907,1368,1727,1810]
[0,120,441,776,907,1727,1810]
[0,134,964,1810]
[0,125,907,1810]
[0,125,441,776,907,1368,1674,1727,1810]
[0,120,949,1810]
[0,120,1810]
[0,907,1368,1810]
[0,441,770,907,1810]
[0,441,776,907,1368,1810]
[0,1687,1810]
[0,120,949,1727,1810]
[0,120,441,964,1687,1810]
[0,155,1810]
[0,441,964,1687,1810]
[0,441,770,907,1368,1810]
[0,441,949,1810]
[0,120,441,949,1810]
[0,441,907,1810]
[0,441,964,1810]
[0,125,1727,1810]
[0,125,441,776,907,1368,1727,1810]
[0,120,441,907,1727,1810]
[0,120,441,776,907,1810]
[0,120,441,776,907,1368,1727,1810]
[0,125,441,776,907,1727,1810]
[0,120,441,907,1368,1810]
[0,964,1810]
[0,125,441,907,1368,1810]
[0,134,1810]
[0,125,441,776,907,1368,1810]
[0,441,1727,1810]
[0,125,907,1727,1810]
[0,441,1687,1810]
[0,125,1810]
[0,120,441,776,907,1368,1810]
[0,441,776,907,1810]
[0,120,907,1810]
[0,120,441,770,907,1810]
[0,134,964,1687,1810]
[0,125,441,776,907,1810]
[0,120,441,949,1727,1810]
[0,125,441,907,1810]
[0,120,441,770,907,1368,1810]
[0,441,1810]
[0,120,441,776,907,1368,1676,1727,1810]
[0,120,441,949,1368,1810]
[0,120,907,1727,1810]
[0,120,441,907,1810]
[0,441,949,1368,1810]
[0,120,441,770,907,1368,1727,1810]
