[0,150,362,664,1046]
[0,349,561,1046]
[0,150,362,410,515,561,664,1046]
[0,515,1046]
[0,515,561,664,1046]
[0,362,1046]
[0,150,362,410,508,561,664,1046]
[0,362,664,1046]
[0,508,1046]
[0,150,410,664,1046]
[0,150,362,508,664,1046]
[0,508,664,1046]
[0,150,515,561,664,1046]
[0,150,362,410,515,664,1046]
[0,150,362,508,561,664,1046]
[0,150,508,664,1046]
[0,150,362,515,664,1046]
[0,150,362,515,561,664,1046]
[0,150,515,664,1046]
[0,410,1046]
[0,515,664,1046]
[0,150,515,1046]
[0,349,1046]
[0,410,664,1046]
