[0,404,1030,1471,1810]
[0,111,427,1030,1387,1736,1810]
[0,111,404,1030,1736,1810]
[0,111,432,1030,1810]
[0,111,404,690,1030,1335,1810]
[0,111,432,1052,1810]
[0,111,427,1030,1736,1810]
[0,111,404,1030,1471,1736,1810]
[0,185,404,690,1030,1810]
[0,111,404,495,690,1030,1335,1736,1810]
[0,427,690,1030,1810]
[0,185,404,1030,1199,1736,1810]
[0,185,404,1030,1810]
[0,427,1810]
[0,111,404,1030,1335,1810]
[0,185,404,1030,1736,1810]
[0,111,404,690,1030,1471,1736,1810]
[0,111,427,690,1030,1387,1810]
[0,111,404,1030,1810]
[0,111,427,690,1030,1471,1736,1810]
[0,111,427,690,1030,1810]
[0,111,432,1030,1387,1736,1810]
[0,185,1030,1810]
[0,185,404,1030,1335,1736,1810]
[0,111,432,1030,1736,1810]
[0,404,1810]
[0,111,427,1030,1810]
[0,111,427,495,1030,1471,1736,1810]
[0,185,1030,1736,1810]
[0,404,1030,1335,1810]
[0,111,432,1030,1335,1810]
[0,111,1810]
[0,111,404,690,1030,1810]
[0,111,427,1030,1387,1810]
[0,432,1810]
[0,111,427,495,1030,1736,1810]
[0,111,1030,1810]
[0,427,690,1030,1387,1810]
[0,404,1030,1810]
[0,111,1052,1810]
[0,111,432,1052,1656,1810]
[0,111,404,495,690,1030,1471,1810]
[0,404,1199,1810]
[0,111,427,495,690,1030,1387,1736,1810]
[0,111,404,690,1030,1471,1810]
[0,404,690,1030,1335,1810]
[0,185,404,690,1030,1199,1736,1810]
[0,111,427,690,1030,1471,1810]
[0,111,404,495,690,1030,1471,1736,1810]
[0,111,432,1030,1387,1810]
[0,185,1810]
[0,1030,1810]
[0,1052,1810]
[0,111,427,1030,1471,1736,1810]
[0,185,404,1199,1810]
[0,111,404,690,1030,1335,1736,1810]
[0,111,404,1030,1471,1810]
[0,432,1030,1335,1810]
[0,185,404,690,1030,1199,1810]
[0,404,1052,1656,1810]
[0,185,404,1030,1199,1810]
[0,111,427,495,690,1030,1471,1736,1810]
[0,1199,1810]
[0,427,1030,1471,1810]
[0,404,1030,1736,1810]
[0,432,1052,1656,1810]
[0,404,690,1030,1471,1810]
[0,185,404,690,1030,1335,1810]
[0,111,427,690,1030,1387,1736,1810]
[0,111,427,495,1030,1387,1736,1810]
[0,185,404,1030,1335,1810]
[0,111,427,1030,1471,1810]
[0,432,1030,1810]
[0,432,1052,1810]
[0,427,690,1030,1471,1810]
[0,185,404,690,1030,1335,1736,1810]
[0,404,690,1030,1810]
[0,404,1052,1810]
[0,432,1030,1387,1810]
[0,111,404,495,690,1030,1810]
[0,427,1030,1810]
[0,427,1030,1387,1810]
[0,185,404,1199,1736,1810]
[0,111,432,1030,1335,1736,1810]
[0,111,404,1030,1335,1736,1810]
[0,111,404,495,690,1030,1335,1810]
[0,404,1199,1736,1810]
