[0,165,320,758,1465]
[0,1114,1465]
[0,929,1465]
[0,165,320,561,758,1342,1465]
[0,165,1465]
[0,561,929,1465]
[0,165,758,929,1465]
[0,165,320,929,1011,1114,1342,1465]
[0,165,929,1465]
[0,320,1342,1465]
[0,165,1114,1465]
[0,165,320,561,758,1465]
[0,165,320,929,1342,1465]
[0,165,320,561,758,929,1342,1465]
[0,165,320,758,1342,1465]
[0,165,320,561,758,929,1011,1342,1465]
[0,165,320,1114,1465]
[0,165,561,758,1465]
[0,165,320,1011,1114,1342,1465]
[0,165,561,758,929,1465]
[0,165,320,929,1465]
[0,758,929,1465]
[0,165,320,561,929,1342,1465]
[0,165,320,561,929,1465]
[0,165,320,561,929,1011,1342,1465]
[0,165,320,1114,1342,1465]
[0,165,320,929,1011,1465]
[0,561,758,1465]
[0,561,758,929,1465]
[0,165,561,929,1465]
[0,165,320,1465]
[0,758,1465]
[0,165,758,1465]
[0,165,320,561,758,929,1465]
[0,320,1465]
[0,165,320,1342,1465]
[0,165,320,929,1011,1342,1465]
