[0,46,984,1046]
[0,476,682,882,984,1046]
[0,464,682,882,984,1046]
[0,443,682,838,1046]
[0,443,682,882,1046]
[0,230,1046]
[0,46,443,682,984,1046]
[0,443,682,882,984,1046]
[0,46,464,682,1046]
[0,443,682,838,984,1046]
[0,443,682,1046]
[0,46,476,682,984,1046]
[0,52,498,984,1046]
[0,46,476,682,1046]
[0,443,1046]
[0,476,1046]
[0,498,1046]
[0,984,1046]
[0,498,984,1046]
[0,464,682,984,1046]
[0,476,984,1046]
[0,52,464,682,1046]
[0,476,682,984,1046]
[0,52,464,682,882,984,1046]
[0,476,682,1046]
[0,464,682,1046]
[0,46,443,682,882,984,1046]
[0,464,682,882,1046]
[0,46,476,682,882,984,1046]
[0,46,464,682,882,984,1046]
[0,46,464,682,984,1046]
[0,443,682,984,1046]
[0,464,1046]
[0,476,682,882,1046]
[0,46,443,682,838,984,1046]
[0,52,464,682,984,1046]
[0,46,443,682,1046]
