[0,345,1106,1516,2017]
[0,345,753,895,1106,1900,2017]
[0,317,753,895,1106,1516,1739,1900,2017]
[0,345,753,895,1106,2017]
[0,317,753,895,1106,1516,1739,2017]
[0,317,753,895,1106,1516,2017]
[0,317,506,753,895,1106,1382,1516,1739,1900,2017]
[0,382,1106,1739,2017]
[0,345,895,1106,1739,2017]
[0,317,753,895,1106,2017]
[0,317,895,1106,1516,1739,2017]
[0,317,895,1106,2017]
[0,345,895,1106,2017]
[0,317,895,1106,1516,2017]
[0,382,895,1106,1516,2017]
[0,317,506,753,895,1106,1516,2017]
[0,1739,2017]
[0,345,753,895,1106,1516,1739,1900,2017]
[0,317,1106,1900,2017]
[0,317,1106,1516,1739,1900,2017]
[0,382,753,895,1106,1900,2017]
[0,382,753,895,1106,1739,2017]
[0,382,753,895,1106,1516,1739,1900,2017]
[0,753,2017]
[0,1106,1739,2017]
[0,382,1106,1516,2017]
[0,154,382,753,895,1106,1382,1516,1739,1900,2017]
[0,317,2017]
[0,154,382,1106,1516,1739,2017]
[0,345,895,1106,1516,1739,2017]
[0,317,753,895,1106,1739,1900,2017]
[0,345,2017]
[0,345,506,753,895,1106,1516,1739,2017]
[0,345,506,753,895,1106,1516,2017]
[0,345,506,895,1106,1516,1739,2017]
[0,345,753,895,1106,1516,2017]
[0,317,753,895,1106,1900,2017]
[0,345,506,895,1106,2017]
[0,154,382,753,895,1106,1382,1516,1739,2017]
[0,317,506,753,895,1106,1516,1739,1900,2017]
[0,753,1739,2017]
[0,345,1464,2017]
[0,317,506,753,895,1106,1739,1900,2017]
[0,154,382,1106,1382,1516,1739,2017]
[0,345,506,753,895,1106,2017]
[0,154,382,1106,1382,1516,1739,1900,2017]
[0,317,1106,1516,1739,2017]
[0,154,382,1106,2017]
[0,345,753,895,1106,1739,2017]
[0,382,1106,1739,1900,2017]
[0,1464,2017]
[0,317,506,753,895,1106,1516,1739,2017]
[0,382,895,1106,1516,1739,2017]
[0,345,1106,2017]
[0,345,506,753,895,1106,1382,1516,1739,1900,2017]
[0,317,1106,1739,2017]
[0,348,2017]
[0,317,506,753,895,1106,1382,1516,1739,2017]
[0,382,1106,1516,1739,2017]
[0,317,506,895,1106,1516,2017]
[0,382,1106,2017]
[0,317,1106,1739,1900,2017]
[0,345,506,753,895,1106,1516,1739,1900,2017]
[0,348,1739,2017]
[0,345,895,1106,1516,2017]
[0,1106,1516,2017]
[0,345,506,895,1106,1516,2017]
[0,382,895,1106,2017]
[0,154,382,895,1106,1516,1739,2017]
[0,382,1106,1516,1739,1900,2017]
[0,317,895,1106,1900,2017]
[0,317,1106,1516,2017]
[0,317,506,895,1106,2017]
[0,345,1106,1739,2017]
[0,382,2017]
[0,154,382,1106,1516,2017]
[0,345,506,753,895,1106,1382,1516,1739,2017]
[0,382,753,895,1106,1516,2017]
[0,317,753,895,1106,1739,2017]
[0,317,1106,2017]
[0,345,1106,1516,1739,2017]
[0,317,895,1106,1739,2017]
[0,382,1106,1900,2017]
[0,345,753,895,1106,1516,1739,2017]
[0,382,753,895,1106,2017]
[0,154,382,1106,1516,1739,1900,2017]
[0,317,506,753,895,1106,2017]
[0,345,753,895,1106,1739,1900,2017]
[0,1106,2017]
[0,317,506,895,1106,1516,1739,2017]
[0,317,506,753,895,1106,1739,2017]
[0,154,317,1106,1516,1739,2017]
[0,382,753,895,1106,1516,1739,2017]
[0,154,382,753,895,1106,1516,1739,1900,2017]
[0,382,895,1106,1739,2017]
[0,382,753,895,1106,1739,1900,2017]
[0,317,506,895,1106,1739,2017]
[0,154,382,753,895,1106,1516,1739,2017]
