[0,91,993,1343]
[0,78,993,1175,1343]
[0,78,749,993,1175,1343]
[0,139,941,993,1175,1222,1343]
[0,91,993,1175,1222,1343]
[0,993,1343]
[0,91,941,993,1175,1222,1343]
[0,78,139,941,993,1107,1175,1222,1343]
[0,139,1343]
[0,78,941,993,1175,1343]
[0,78,993,1343]
[0,139,993,1175,1222,1343]
[0,78,139,941,993,1175,1222,1343]
[0,1175,1343]
[0,993,1175,1343]
[0,91,749,993,1175,1222,1343]
[0,139,993,1175,1343]
[0,139,941,993,1175,1343]
[0,91,749,993,1175,1343]
[0,78,139,993,1175,1343]
[0,749,993,1343]
[0,139,993,1107,1175,1343]
[0,78,139,941,993,1175,1343]
[0,139,993,1343]
[0,78,1343]
[0,91,941,993,1175,1343]
[0,91,1343]
[0,91,993,1175,1343]
[0,78,139,993,1107,1175,1343]
[0,78,139,941,993,1107,1175,1343]
[0,749,993,1175,1343]
