[0,228,607,753,842,1148,1327]
[0,67,343,533,753,842,1148,1266,1327]
[0,422,607,753,842,991,1148,1327]
[0,67,228,422,491,842,1327]
[0,228,491,607,842,1327]
[0,422,607,753,991,1148,1327]
[0,533,842,1148,1327]
[0,422,607,753,842,1148,1327]
[0,67,422,491,842,1148,1266,1327]
[0,67,343,533,753,842,1327]
[0,343,546,842,1327]
[0,67,228,422,491,607,753,842,1148,1266,1327]
[0,228,491,607,753,842,1327]
[0,228,422,495,607,753,842,1148,1327]
[0,228,422,495,607,753,842,1327]
[0,422,991,1327]
[0,422,491,842,1148,1327]
[0,422,491,607,753,842,1327]
[0,228,422,491,842,1148,1327]
[0,422,842,1148,1327]
[0,90,422,533,842,1327]
[0,422,533,842,1327]
[0,422,991,1148,1327]
[0,533,753,842,1327]
[0,422,533,842,1134,1327]
[0,343,546,842,1148,1327]
[0,343,533,753,842,1148,1327]
[0,228,607,842,1327]
[0,67,228,607,753,842,1327]
[0,343,753,842,1148,1327]
[0,343,533,842,1148,1327]
[0,228,422,842,1327]
[0,228,422,491,607,753,842,1327]
[0,67,343,533,753,842,1148,1327]
[0,228,607,753,991,1148,1327]
[0,228,533,842,1327]
[0,422,607,842,1327]
[0,343,533,842,1327]
[0,228,607,991,1148,1327]
[0,67,228,422,491,842,1148,1266,1327]
[0,67,228,533,842,1327]
[0,228,422,495,607,753,842,991,1148,1327]
[0,67,228,422,607,753,842,1327]
[0,422,607,991,1327]
[0,90,422,842,1327]
[0,533,753,842,1148,1266,1327]
[0,228,491,607,753,842,1148,1327]
[0,90,422,533,842,1134,1327]
[0,422,491,607,753,842,1148,1327]
[0,228,607,991,1327]
[0,422,607,1327]
[0,842,1327]
[0,67,422,842,1327]
[0,533,753,842,1148,1327]
[0,67,228,422,491,607,753,842,1327]
[0,67,533,753,842,1148,1327]
[0,67,228,607,842,1327]
[0,422,495,607,753,842,1327]
[0,228,842,1327]
[0,90,422,842,1266,1327]
[0,67,422,491,842,1327]
[0,90,343,546,842,1148,1327]
[0,607,842,1327]
[0,228,491,607,842,1148,1327]
[0,422,842,1327]
[0,228,422,607,753,842,1327]
[0,343,533,753,842,1327]
[0,422,607,753,842,1327]
[0,422,495,607,753,842,1148,1327]
[0,607,991,1148,1327]
[0,67,422,491,842,1148,1327]
[0,890,1327]
[0,491,842,1266,1327]
[0,67,228,422,491,842,1148,1327]
[0,90,343,546,753,842,1148,1327]
[0,228,422,491,842,1327]
[0,533,1327]
[0,343,546,753,842,1148,1327]
[0,422,495,607,753,842,991,1148,1327]
[0,228,422,607,753,842,1148,1327]
[0,607,991,1327]
[0,67,228,842,1327]
[0,228,422,607,753,991,1148,1327]
[0,228,422,607,753,842,991,1148,1327]
[0,228,422,607,842,1148,1327]
[0,67,422,491,607,753,842,1327]
[0,67,422,842,1148,1327]
[0,422,890,1327]
[0,533,842,1327]
[0,343,842,1148,1327]
[0,90,343,842,1148,1327]
[0,228,607,842,1148,1327]
[0,228,422,607,842,1327]
[0,422,842,1266,1327]
[0,422,491,607,1327]
[0,422,491,607,842,1327]
[0,67,228,422,495,607,753,842,1148,1327]
[0,343,842,1327]
[0,228,422,607,991,1148,1327]
[0,422,607,991,1148,1327]
[0,422,842,1134,1327]
[0,607,753,842,1327]
[0,67,533,753,842,1327]
[0,228,422,842,1148,1327]
[0,491,842,1327]
[0,228,607,753,842,1327]
[0,422,607,842,1148,1327]
[0,228,422,491,607,753,842,1148,1327]
[0,228,842,1148,1327]
[0,422,491,842,1327]
[0,607,1327]
[0,90,422,533,842,1266,1327]
[0,67,533,753,842,1148,1266,1327]
[0,90,422,842,1134,1327]
[0,228,422,607,991,1327]
[0,422,1327]
[0,67,228,422,495,607,753,842,991,1148,1327]
[0,67,228,422,491,607,753,842,1148,1327]
[0,228,607,1327]
[0,67,228,422,842,1327]
[0,67,228,422,495,607,753,842,1327]
[0,228,607,753,842,991,1148,1327]
