[0,363,445,573,708,841,1089,1168,1327]
[0,363,445,573,708,1089,1327]
[0,56,363,445,573,1047,1095,1168,1327]
[0,363,445,573,1047,1089,1168,1327]
[0,445,573,1047,1327]
[0,56,363,445,573,708,841,1089,1168,1327]
[0,363,573,708,841,1089,1327]
[0,708,1089,1327]
[0,56,363,445,573,708,841,1095,1168,1327]
[0,363,445,573,708,1095,1327]
[0,363,708,1047,1327]
[0,445,1089,1327]
[0,445,1327]
[0,363,445,573,1089,1327]
[0,363,573,1047,1327]
[0,56,363,445,573,708,962,1047,1327]
[0,363,573,708,841,1095,1327]
[0,363,573,1047,1089,1168,1327]
[0,363,445,573,962,1047,1327]
[0,573,708,1089,1327]
[0,363,445,573,708,841,962,1095,1168,1327]
[0,56,363,445,573,708,841,1047,1095,1168,1327]
[0,363,445,573,1047,1327]
[0,363,573,708,841,962,1089,1327]
[0,56,363,445,573,708,1089,1168,1327]
[0,363,445,573,708,841,1089,1327]
[0,573,1047,1089,1168,1327]
[0,363,445,573,1095,1327]
[0,56,363,445,573,708,1047,1095,1168,1327]
[0,573,1089,1327]
[0,363,445,573,708,841,962,1089,1168,1327]
[0,1089,1327]
[0,363,573,708,1089,1327]
[0,56,363,445,573,708,841,962,1095,1168,1327]
[0,573,708,841,1089,1327]
[0,708,1327]
[0,56,363,445,573,708,1047,1089,1168,1327]
[0,56,573,1089,1327]
[0,363,708,1327]
[0,363,445,573,708,841,1095,1327]
[0,363,445,573,708,962,1047,1327]
[0,56,363,445,573,708,1047,1327]
[0,56,445,1089,1327]
[0,445,573,962,1047,1327]
[0,363,445,573,708,841,1095,1168,1327]
[0,56,363,445,573,1095,1168,1327]
[0,56,445,573,1047,1327]
[0,363,573,1089,1168,1327]
[0,1095,1327]
[0,363,573,708,1095,1327]
[0,363,445,573,708,1047,1327]
[0,363,573,1095,1168,1327]
[0,573,1095,1327]
[0,573,1095,1168,1327]
[0,56,363,445,573,1089,1168,1327]
[0,363,445,573,708,1095,1168,1327]
[0,56,445,573,962,1047,1327]
[0,56,363,445,573,708,841,962,1089,1168,1327]
[0,363,445,573,708,841,962,1089,1327]
[0,708,1047,1327]
[0,573,1327]
[0,363,573,708,962,1047,1327]
[0,708,1095,1327]
[0,573,962,1047,1327]
[0,363,573,1089,1327]
[0,708,841,1089,1327]
[0,56,363,445,573,1089,1327]
[0,363,445,573,1047,1095,1168,1327]
[0,56,363,445,573,708,841,962,1047,1089,1168,1327]
[0,363,445,573,708,841,962,1095,1327]
[0,56,363,445,573,1047,1327]
[0,56,363,445,573,708,841,1047,1089,1168,1327]
[0,573,708,1047,1327]
[0,56,363,445,573,708,841,962,1047,1095,1168,1327]
[0,56,363,445,573,1047,1089,1168,1327]
[0,363,573,1095,1327]
[0,708,841,1095,1327]
[0,573,708,1095,1327]
[0,56,1089,1327]
[0,573,1047,1327]
[0,56,363,445,573,708,1095,1168,1327]
[0,573,1089,1168,1327]
[0,363,573,708,1047,1327]
[0,56,363,445,573,962,1047,1327]
[0,56,573,1047,1327]
[0,363,445,573,1089,1168,1327]
[0,363,445,573,1095,1168,1327]
[0,573,708,841,1095,1327]
[0,363,573,962,1047,1327]
[0,363,573,708,841,962,1095,1327]
[0,363,445,573,708,1089,1168,1327]
