[0,320,503,870,1034,1470,1651]
[0,235,503,916,1651]
[0,247,503,916,1651]
[0,237,503,870,1651]
[0,172,320,1651]
[0,247,1651]
[0,235,724,916,1651]
[0,59,172,237,320,503,724,852,971,1034,1477,1651]
[0,172,237,320,503,724,852,971,1034,1651]
[0,237,503,852,1651]
[0,1477,1651]
[0,503,724,1651]
[0,172,247,1651]
[0,237,724,870,1651]
[0,172,237,320,503,724,870,1470,1651]
[0,172,320,503,724,870,1034,1470,1651]
[0,237,724,852,1651]
[0,172,237,724,852,1651]
[0,247,916,1651]
[0,235,503,724,916,1651]
[0,172,237,320,503,724,870,1651]
[0,237,870,1651]
[0,131,247,724,870,1651]
[0,320,503,852,1477,1651]
[0,237,852,1651]
[0,59,172,237,320,503,724,870,1651]
[0,172,237,503,724,870,1651]
[0,131,247,724,916,1651]
[0,320,503,852,1651]
[0,131,247,1651]
[0,237,1651]
[0,172,237,320,503,724,852,971,1034,1477,1651]
[0,172,237,503,724,852,1651]
[0,172,247,503,724,870,1651]
[0,172,320,503,724,852,971,1477,1651]
[0,886,1651]
[0,131,247,916,1651]
[0,172,237,852,1651]
[0,172,237,320,503,724,852,971,1477,1651]
[0,503,870,1651]
[0,237,503,724,870,1651]
[0,172,320,503,724,870,971,1651]
[0,172,247,870,1651]
[0,172,320,503,724,852,971,1651]
[0,503,852,1651]
[0,237,503,724,852,1651]
[0,320,503,870,1470,1651]
[0,247,503,870,1651]
[0,172,320,503,724,852,1477,1651]
[0,247,724,916,1651]
[0,172,237,320,503,724,870,971,1651]
[0,172,247,724,870,1651]
[0,172,237,320,503,724,870,971,1034,1651]
[0,870,1651]
[0,172,320,503,724,852,1651]
[0,172,237,724,870,1651]
[0,172,320,852,1651]
[0,870,1470,1651]
[0,916,1651]
[0,247,870,1651]
[0,172,320,503,724,870,1470,1651]
[0,172,870,1651]
[0,852,1651]
[0,235,916,1651]
[0,172,237,320,503,724,852,971,1651]
[0,172,852,1651]
[0,724,1651]
[0,724,870,1651]
[0,172,237,320,503,724,852,1651]
[0,320,503,870,1651]
[0,172,237,870,1651]
[0,172,320,503,870,1651]
[0,237,503,724,852,1477,1651]
[0,172,320,503,852,1651]
[0,320,724,870,1651]
[0,59,172,237,320,503,724,870,1470,1651]
[0,172,320,724,870,1651]
[0,172,237,320,503,724,852,1477,1651]
[0,650,886,1651]
[0,172,237,320,503,724,870,971,1034,1470,1651]
[0,59,172,237,320,503,724,852,1477,1651]
[0,172,320,503,870,1470,1651]
[0,131,247,503,724,916,1651]
[0,724,916,1651]
[0,131,247,503,724,870,1651]
[0,320,724,852,1651]
[0,172,320,724,852,1651]
[0,172,320,503,870,1034,1470,1651]
[0,131,916,1651]
[0,247,503,724,870,1651]
[0,320,870,1651]
[0,724,852,1651]
[0,172,320,503,852,1477,1651]
[0,320,852,1651]
[0,59,172,237,320,503,724,870,971,1034,1470,1651]
[0,172,320,503,724,870,1651]
[0,172,237,1651]
[0,236,650,886,1651]
[0,172,237,320,503,724,870,1034,1470,1651]
[0,172,320,870,1651]
[0,247,503,724,916,1651]
[0,320,1651]
[0,237,503,852,1477,1651]
[0,237,870,1470,1651]
[0,503,916,1651]
[0,247,724,870,1651]
