[0,166,687,1046]
[0,190,683,794,1046]
[0,190,977,1046]
[0,278,687,1046]
[0,687,1046]
[0,190,683,1046]
[0,278,687,794,1046]
[0,190,687,1046]
[0,166,683,794,977,1046]
[0,63,166,687,794,977,1046]
[0,166,1046]
[0,683,1046]
[0,63,166,683,794,977,1046]
[0,190,1046]
[0,278,977,1046]
[0,278,1046]
[0,166,687,794,1046]
[0,190,687,977,1046]
[0,278,687,794,977,1046]
[0,166,687,794,977,1046]
[0,278,794,977,1046]
[0,190,683,794,977,1046]
[0,794,1046]
[0,166,683,1046]
[0,166,683,794,1046]
[0,687,794,1046]
[0,278,794,1046]
