[0,1274,1427]
[0,1055,1274,1427]
[0,613,1055,1274,1427]
[0,594,666,1274,1427]
[0,613,672,1055,1274,1427]
[0,594,672,1274,1427]
[0,594,1274,1427]
[0,594,679,1274,1427]
[0,1055,1122,1274,1427]
[0,594,666,1055,1122,1274,1427]
[0,594,679,1055,1274,1427]
[0,594,666,1055,1274,1427]
[0,613,1274,1427]
[0,594,672,1055,1274,1427]
[0,594,1055,1427]
[0,613,1427]
[0,613,1055,1122,1274,1427]
[0,613,1055,1427]
[0,1055,1427]
[0,613,672,1274,1427]
[0,594,1055,1274,1427]
[0,613,672,1055,1122,1274,1427]
[0,594,679,1055,1122,1274,1427]
[0,594,672,1055,1122,1274,1427]
[0,594,1427]
