[0,1897,2812]
[0,236,2274,2812]
[0,780,1909,2730,2812]
[0,274,1763,2812]
[0,1763,2730,2812]
[0,236,1763,2274,2812]
[0,299,1763,2812]
[0,1342,2812]
[0,236,1897,2730,2812]
[0,780,1763,2812]
[0,780,1897,2274,2812]
[0,274,2812]
[0,780,1897,2812]
[0,236,1897,2812]
[0,780,1763,2274,2812]
[0,2730,2812]
[0,1763,2274,2812]
[0,780,2812]
[0,236,1897,2274,2812]
[0,236,780,1763,2274,2812]
[0,780,1342,2812]
[0,236,2812]
[0,1897,2274,2812]
[0,274,1763,2730,2812]
[0,1909,2730,2812]
[0,209,299,2812]
[0,299,1763,2274,2812]
[0,209,1909,2730,2812]
[0,780,1342,1897,2274,2812]
[0,1909,2812]
[0,274,2730,2812]
[0,2274,2812]
[0,209,299,1763,2730,2812]
[0,209,299,2730,2812]
[0,780,1909,2812]
[0,299,2730,2812]
[0,274,1909,2812]
[0,236,2730,2812]
[0,209,1909,2812]
[0,1763,2812]
[0,209,299,2274,2812]
[0,236,780,1897,2274,2812]
[0,209,299,1763,2274,2812]
[0,780,1763,2730,2812]
[0,780,2274,2812]
[0,299,2812]
[0,209,299,1763,2812]
[0,299,2274,2812]
[0,780,1342,2274,2812]
[0,236,780,1342,1897,2274,2812]
