[0,412,837,1162,1911]
[0,412,944,1162,1495,1911]
[0,413,837,1162,1495,1856,1911]
[0,412,837,1162,1495,1856,1911]
[0,413,837,1162,1495,1724,1857,1911]
[0,412,837,1911]
[0,1162,1495,1911]
[0,412,1495,1911]
[0,413,1162,1495,1724,1911]
[0,189,412,754,837,1162,1495,1724,1911]
[0,189,412,598,944,1162,1495,1586,1724,1911]
[0,412,944,1756,1911]
[0,189,412,754,837,1162,1495,1724,1857,1911]
[0,412,837,1162,1495,1724,1857,1911]
[0,944,1911]
[0,412,837,1162,1495,1911]
[0,1162,1911]
[0,1756,1911]
[0,189,1162,1495,1724,1857,1911]
[0,189,837,1162,1495,1724,1911]
[0,412,837,1756,1911]
[0,837,1162,1495,1911]
[0,189,754,837,1162,1495,1724,1911]
[0,189,412,837,1162,1495,1724,1857,1911]
[0,412,1162,1495,1724,1911]
[0,412,1495,1724,1857,1911]
[0,1162,1495,1724,1911]
[0,412,598,944,1162,1495,1724,1857,1911]
[0,189,412,598,944,1162,1495,1724,1911]
[0,189,412,837,1162,1495,1911]
[0,189,412,598,944,1162,1495,1724,1857,1911]
[0,189,412,944,1162,1495,1724,1911]
[0,412,1162,1911]
[0,412,837,1162,1756,1911]
[0,412,944,1911]
[0,412,1756,1911]
[0,189,1162,1495,1911]
[0,1162,1857,1911]
[0,189,837,1162,1495,1911]
[0,412,598,944,1162,1495,1724,1911]
[0,189,412,598,944,1162,1495,1586,1724,1857,1911]
[0,413,1495,1911]
[0,413,1495,1724,1911]
[0,413,1162,1495,1911]
[0,837,1911]
[0,189,837,1162,1495,1724,1857,1911]
[0,189,754,837,1162,1495,1724,1857,1911]
[0,412,1495,1724,1911]
[0,189,412,944,1162,1495,1911]
[0,412,1162,1495,1911]
[0,1495,1911]
[0,413,837,1162,1495,1724,1911]
[0,1724,1911]
[0,413,837,1162,1495,1911]
[0,412,1162,1495,1724,1857,1911]
[0,189,1162,1495,1724,1911]
[0,412,944,1162,1495,1724,1911]
[0,412,944,1162,1495,1724,1857,1911]
[0,412,1911]
[0,412,837,1162,1495,1724,1911]
[0,189,412,837,1162,1495,1724,1911]
