[0,539,607,842,962,1046]
[0,539,842,962,1046]
[0,539,607,740,842,962,1046]
[0,310,539,1046]
[0,539,740,1046]
[0,249,310,539,740,842,962,1046]
[0,539,740,842,962,1046]
[0,539,614,740,842,962,1046]
[0,539,962,1046]
[0,310,539,614,740,842,962,1046]
[0,539,614,1046]
[0,310,539,740,842,1046]
[0,310,539,842,1046]
[0,310,539,842,962,1046]
[0,310,539,646,1046]
[0,539,614,962,1046]
[0,310,539,607,740,842,962,1046]
[0,429,539,607,740,842,962,1046]
[0,539,607,1046]
[0,539,614,842,962,1046]
[0,249,310,539,607,740,842,962,1046]
[0,539,842,1046]
[0,310,539,740,1046]
[0,539,740,842,1046]
[0,539,646,1046]
[0,310,539,962,1046]
[0,539,1046]
[0,539,607,962,1046]
[0,249,310,539,607,653,740,842,962,1046]
[0,429,539,614,740,842,962,1046]
[0,310,539,740,842,962,1046]
[0,429,539,740,1046]
[0,249,310,539,614,740,842,962,1046]
[0,310,539,614,842,962,1046]
[0,429,539,740,842,1046]
[0,429,539,740,842,962,1046]
