[0,92,554,711,842,979,1046]
[0,554,711,855,1046]
[0,122,554,711,785,855,979,1046]
[0,92,554,711,842,1046]
[0,122,265,554,711,855,1046]
[0,265,554,1046]
[0,144,554,711,785,855,979,1046]
[0,144,554,711,855,979,1046]
[0,144,486,554,615,711,785,855,979,1046]
[0,265,554,711,855,1046]
[0,122,1046]
[0,144,486,554,711,785,855,1046]
[0,92,554,711,855,979,1046]
[0,122,554,1046]
[0,265,1046]
[0,122,554,785,1046]
[0,122,554,711,855,1046]
[0,122,554,711,785,855,1046]
[0,92,554,711,855,1046]
[0,144,554,711,1046]
[0,144,554,711,785,855,1046]
[0,122,554,711,855,979,1046]
[0,144,554,711,855,1046]
[0,554,711,1046]
[0,92,554,711,1046]
[0,122,265,486,554,615,711,785,855,979,1046]
[0,144,486,554,711,785,855,979,1046]
[0,122,265,486,554,711,785,855,979,1046]
[0,711,1046]
[0,92,711,1046]
[0,92,144,486,554,615,711,785,855,979,1046]
[0,92,554,711,785,855,979,1046]
[0,92,144,554,711,785,855,979,1046]
[0,554,785,1046]
[0,92,144,486,554,711,785,855,979,1046]
[0,122,265,486,554,711,785,855,1046]
[0,122,486,554,711,785,855,1046]
[0,92,554,711,785,855,1046]
[0,554,711,842,1046]
[0,265,554,711,1046]
[0,122,265,554,711,785,855,1046]
[0,122,486,554,711,785,855,979,1046]
[0,92,1046]
[0,554,1046]
[0,785,1046]
[0,122,554,711,1046]
