[0,461,514,591,730,1180]
[0,102,654,1180]
[0,41,176,730,958,1180]
[0,730,1180]
[0,176,730,958,1003,1180]
[0,41,1180]
[0,514,591,730,958,1003,1180]
[0,41,176,514,591,654,958,1180]
[0,176,514,591,730,958,1180]
[0,102,176,654,1180]
[0,514,654,1180]
[0,41,176,461,514,591,730,1180]
[0,176,461,514,591,654,1180]
[0,176,514,591,730,958,1003,1180]
[0,461,514,591,730,958,1003,1180]
[0,176,591,730,958,1180]
[0,41,176,654,958,1180]
[0,461,514,591,654,1180]
[0,654,1180]
[0,176,514,591,654,958,1180]
[0,514,654,958,1180]
[0,514,591,730,1180]
[0,41,176,730,1180]
[0,514,591,730,958,1180]
[0,591,730,1180]
[0,176,461,514,591,730,958,1180]
[0,41,176,514,591,730,958,1003,1180]
[0,41,176,1180]
[0,730,958,1003,1180]
[0,176,1180]
[0,41,176,514,591,654,1180]
[0,176,461,514,591,730,1180]
[0,176,730,1180]
[0,176,461,514,591,654,958,1003,1180]
[0,461,514,591,654,958,1180]
[0,41,176,461,514,591,654,1180]
[0,176,591,730,1180]
[0,176,654,958,1180]
[0,514,591,654,958,1180]
[0,591,730,958,1180]
[0,176,461,514,591,654,958,1180]
[0,41,176,461,514,591,730,958,1180]
[0,654,958,1180]
[0,83,176,654,958,1003,1180]
[0,176,730,958,1180]
[0,514,591,654,1180]
[0,41,176,654,1180]
[0,591,654,1180]
[0,41,176,654,958,1003,1180]
[0,41,176,461,514,591,654,958,1180]
[0,41,176,514,591,730,1180]
[0,102,176,730,958,1003,1180]
[0,41,176,591,730,1180]
[0,514,591,654,958,1003,1180]
[0,41,176,514,591,654,958,1003,1180]
[0,41,176,730,958,1003,1180]
[0,176,591,654,1180]
[0,176,514,591,730,1180]
[0,83,176,654,1180]
[0,461,514,591,654,958,1003,1180]
[0,176,654,1180]
[0,461,514,591,730,958,1180]
[0,41,176,461,514,591,730,958,1003,1180]
[0,102,176,730,1180]
[0,41,176,514,591,730,958,1180]
[0,654,958,1003,1180]
[0,176,514,654,958,1180]
[0,176,514,654,1180]
[0,176,461,514,591,730,958,1003,1180]
[0,41,176,591,654,1180]
[0,41,176,461,514,591,654,958,1003,1180]
[0,176,654,958,1003,1180]
[0,730,958,1180]
[0,83,176,654,958,1180]
[0,102,176,730,958,1180]
[0,176,514,591,654,958,1003,1180]
[0,176,514,591,654,1180]
