[0,921,1726,2664,2824]
[0,905,1795,2235,2824]
[0,905,1795,2664,2824]
[0,905,1726,2664,2824]
[0,519,921,1726,2664,2824]
[0,519,2824]
[0,519,921,1795,2664,2824]
[0,657,1726,1814,2664,2824]
[0,707,1726,1814,2824]
[0,707,1726,2235,2664,2824]
[0,519,2258,2824]
[0,519,905,1726,1814,2664,2824]
[0,905,1726,1814,2664,2824]
[0,921,1795,2664,2824]
[0,707,1726,1814,2235,2664,2824]
[0,657,1726,2664,2824]
[0,921,1726,1814,2824]
[0,519,921,1726,2258,2664,2824]
[0,905,1726,1814,2824]
[0,519,905,1726,2235,2664,2824]
[0,519,921,1726,2824]
[0,707,1726,1814,2664,2824]
[0,657,1726,1814,2824]
[0,519,921,1726,1814,2664,2824]
[0,519,905,1130,1795,2235,2824]
[0,921,2824]
[0,519,905,1130,1795,2824]
[0,657,2824]
[0,519,921,1726,2258,2824]
[0,921,1795,2824]
[0,519,905,1130,1795,2664,2824]
[0,905,1795,2824]
[0,905,2235,2824]
[0,905,2213,2824]
[0,921,1726,2258,2824]
[0,905,2824]
[0,519,905,2235,2824]
[0,519,905,1795,2824]
[0,707,2824]
[0,707,1726,2824]
[0,921,2664,2824]
[0,707,1726,2235,2824]
[0,519,905,1795,2235,2824]
[0,519,905,1795,2664,2824]
[0,657,1726,2824]
[0,1726,2824]
[0,519,905,1726,2235,2824]
[0,905,2664,2824]
[0,519,905,1726,2664,2824]
[0,921,1726,2824]
[0,139,519,905,1130,1795,2235,2664,2824]
[0,519,905,1726,1814,2235,2664,2824]
[0,921,1726,1814,2664,2824]
[0,2258,2824]
[0,707,1726,2664,2824]
[0,519,905,1130,1795,2235,2664,2824]
[0,905,1726,2824]
[0,519,1726,2824]
[0,905,1726,2235,2824]
[0,519,905,1726,2824]
[0,519,921,1795,2824]
