[0,66,401,541,620,975,1164,1249]
[0,401,975,1164,1249]
[0,401,541,620,975,1249]
[0,541,975,1164,1249]
[0,401,620,975,1164,1249]
[0,401,975,1249]
[0,401,541,620,975,1164,1249]
[0,997,1249]
[0,66,401,541,620,975,1249]
[0,401,620,975,1080,1164,1249]
[0,108,541,975,1249]
[0,541,1249]
[0,507,620,975,1249]
[0,507,620,997,1249]
[0,237,541,620,975,1164,1249]
[0,66,237,541,620,975,1164,1249]
[0,66,541,620,975,1164,1249]
[0,472,975,1249]
[0,401,975,1080,1164,1249]
[0,66,541,818,975,1249]
[0,66,541,620,975,1249]
[0,237,541,620,975,1249]
[0,66,541,975,1249]
[0,66,507,975,1249]
[0,108,541,997,1249]
[0,541,620,975,1249]
[0,401,620,975,1249]
[0,108,507,975,1249]
[0,66,401,464,541,620,975,1164,1249]
[0,472,1249]
[0,66,401,541,620,975,1080,1164,1249]
[0,541,818,975,1249]
[0,401,541,620,975,1080,1164,1249]
[0,507,1249]
[0,108,507,620,975,1249]
[0,108,507,620,997,1249]
[0,108,507,997,1249]
[0,541,975,1249]
[0,507,975,1249]
[0,507,997,1249]
[0,66,507,620,975,1249]
[0,66,401,464,541,620,975,1249]
[0,66,401,464,541,620,975,1080,1164,1249]
[0,541,620,975,1164,1249]
[0,541,997,1249]
[0,401,1249]
[0,237,541,975,1164,1249]
[0,975,1249]
[0,237,541,975,1249]
