[0,281,518,674,1327]
[0,185,281,397,518,674,1327]
[0,185,281,397,442,518,674,1327]
[0,353,1327]
[0,185,281,397,442,518,674,970,1327]
[0,185,281,442,674,1327]
[0,281,970,1327]
[0,674,1327]
[0,185,281,353,397,442,518,674,1327]
[0,281,442,674,1327]
[0,185,281,442,518,674,1327]
[0,185,281,397,1327]
[0,281,397,1327]
[0,185,281,353,397,518,674,1327]
[0,281,518,1327]
[0,281,442,674,970,1327]
[0,185,281,442,674,970,1327]
[0,185,281,397,518,1327]
[0,281,399,1327]
[0,185,281,353,397,442,518,674,970,1327]
[0,281,674,1327]
[0,281,397,518,1327]
[0,674,970,1327]
[0,185,281,442,518,674,970,1327]
[0,970,1327]
[0,281,1327]
[0,185,281,442,1327]
[0,281,397,518,674,1327]
[0,281,442,1327]
[0,281,674,970,1327]
