[0,532,969]
[0,78,179,532,611,779,871,922,969]
[0,78,179,400,479,532,611,922,969]
[0,179,488,611,969]
[0,481,611,922,969]
[0,78,179,400,479,532,611,726,779,969]
[0,179,480,611,871,969]
[0,78,179,400,479,532,611,726,969]
[0,179,400,479,969]
[0,179,400,479,532,611,969]
[0,400,479,611,726,779,969]
[0,179,611,871,969]
[0,488,969]
[0,179,488,611,922,969]
[0,179,400,479,532,611,726,969]
[0,78,179,409,480,532,611,726,779,871,969]
[0,78,179,400,479,532,969]
[0,179,481,654,969]
[0,179,488,611,871,969]
[0,179,409,480,611,726,779,871,969]
[0,179,532,611,871,922,969]
[0,179,532,611,779,871,969]
[0,78,179,409,480,532,611,871,969]
[0,78,179,400,479,611,726,779,969]
[0,78,179,400,479,532,611,726,779,922,969]
[0,78,179,532,969]
[0,179,480,611,726,779,871,969]
[0,179,480,969]
[0,479,863,969]
[0,179,400,479,611,969]
[0,78,179,400,479,532,611,969]
[0,179,479,611,726,969]
[0,479,611,922,969]
[0,481,611,969]
[0,479,611,726,969]
[0,179,400,479,611,726,779,922,969]
[0,179,409,480,611,871,969]
[0,480,611,969]
[0,863,969]
[0,179,532,871,969]
[0,179,480,611,726,969]
[0,179,481,611,969]
[0,179,400,479,611,922,969]
[0,179,409,488,611,922,969]
[0,179,922,969]
[0,479,611,969]
[0,78,179,532,611,922,969]
[0,179,409,488,611,871,969]
[0,78,179,400,479,611,726,969]
[0,179,488,969]
[0,179,532,969]
[0,179,871,969]
[0,179,488,871,969]
[0,78,179,532,611,779,871,969]
[0,179,611,922,969]
[0,179,532,611,779,871,922,969]
[0,179,400,479,532,611,922,969]
[0,179,611,969]
[0,179,481,969]
[0,179,409,480,532,611,871,969]
[0,179,409,480,532,611,726,779,871,969]
[0,179,479,611,969]
[0,871,969]
[0,179,479,969]
[0,400,479,611,922,969]
[0,400,479,611,726,922,969]
[0,179,480,611,726,871,969]
[0,488,611,922,969]
[0,179,480,611,969]
[0,179,532,611,922,969]
[0,400,479,611,726,969]
[0,479,969]
[0,78,179,409,488,611,871,969]
[0,179,532,611,871,969]
[0,78,179,532,611,871,969]
[0,78,179,480,611,726,871,969]
[0,400,479,532,969]
[0,488,611,969]
[0,78,179,532,611,871,922,969]
[0,78,179,532,611,969]
[0,78,179,400,479,611,969]
[0,179,409,488,611,969]
[0,611,969]
[0,78,179,480,611,871,969]
[0,179,400,479,532,969]
[0,400,479,969]
[0,481,969]
[0,179,481,874,969]
[0,179,400,479,532,611,726,779,969]
[0,400,479,611,726,779,922,969]
[0,400,479,611,969]
[0,179,969]
[0,179,481,611,922,969]
[0,179,779,871,969]
[0,179,409,480,611,726,871,969]
[0,179,532,779,871,969]
[0,179,400,479,532,611,726,779,922,969]
[0,78,179,400,479,969]
[0,480,969]
[0,179,532,611,969]
[0,179,400,479,611,726,969]
[0,78,179,969]
[0,78,179,409,480,611,726,779,871,969]
[0,479,532,969]
[0,78,179,409,480,611,726,871,969]
[0,179,400,479,611,726,779,969]
[0,179,481,654,874,969]
[0,78,179,409,480,611,871,969]
[0,922,969]
