[0,87,240,332,993,1436,1601,1919,2017]
[0,321,1436,1601,2017]
[0,332,444,800,993,1436,1601,2017]
[0,240,1436,2017]
[0,332,800,993,1436,1601,2017]
[0,87,240,332,444,993,1074,1436,1601,1919,2017]
[0,321,800,993,1436,2017]
[0,87,240,332,444,993,1436,1601,1919,2017]
[0,87,321,993,1436,2017]
[0,332,993,1436,1601,2017]
[0,87,240,332,444,993,1074,1436,2017]
[0,87,240,321,993,1074,1436,2017]
[0,240,321,1436,1601,1954,2017]
[0,321,993,1074,1436,1601,2017]
[0,87,321,993,1074,1436,1601,2017]
[0,240,321,993,1074,1436,1954,2017]
[0,1436,1601,2017]
[0,87,993,1436,1601,1919,2017]
[0,87,240,332,444,1436,2017]
[0,87,1436,1601,1954,2017]
[0,87,321,993,1436,1601,2017]
[0,321,444,993,1074,1436,1601,2017]
[0,240,332,444,800,993,1436,1601,1919,2017]
[0,332,444,1436,1601,2017]
[0,240,321,993,1074,1436,2017]
[0,240,332,444,993,1436,2017]
[0,87,240,1436,1601,2017]
[0,321,444,800,993,1074,1436,1601,2017]
[0,800,993,1436,1601,2017]
[0,321,444,993,1436,1601,2017]
[0,332,993,1436,2017]
[0,240,332,444,1436,2017]
[0,87,240,332,993,1074,1436,1601,2017]
[0,240,321,1436,2017]
[0,240,1436,1601,2017]
[0,87,321,444,800,993,1074,1436,1601,2017]
[0,332,444,800,993,1436,1601,1919,2017]
[0,332,1436,2017]
[0,87,240,321,1436,1601,1954,2017]
[0,87,240,332,444,993,1074,1436,1601,2017]
[0,87,240,332,444,993,1436,1601,2017]
[0,87,240,1436,2017]
[0,87,240,321,1436,2017]
[0,87,240,332,444,800,993,1436,1601,1919,2017]
[0,87,240,332,444,1436,1601,1919,2017]
[0,240,332,1436,2017]
[0,87,240,332,993,1074,1436,1601,1919,2017]
[0,87,240,321,444,993,1074,1436,1601,2017]
[0,87,240,1436,1601,1954,2017]
[0,321,444,800,993,1436,1601,2017]
[0,332,444,993,1436,1601,2017]
[0,240,332,993,1436,1601,1919,2017]
[0,332,800,993,1436,2017]
[0,240,321,993,1074,1436,1601,1954,2017]
[0,1436,2017]
[0,321,993,1436,1601,2017]
[0,87,1436,1601,2017]
[0,321,993,1074,1436,2017]
[0,240,332,993,1436,1601,2017]
[0,993,1436,2017]
[0,332,444,993,1436,1601,1919,2017]
[0,332,993,1436,1601,1919,2017]
[0,332,444,1436,2017]
[0,800,993,1436,1601,1919,2017]
[0,87,240,332,444,800,993,1074,1436,1601,1919,2017]
[0,87,240,321,444,800,993,1074,1436,1601,2017]
[0,87,240,321,993,1074,1436,1601,1954,2017]
[0,321,1436,2017]
[0,87,240,332,993,1074,1436,2017]
[0,240,332,444,993,1436,1601,1919,2017]
[0,87,240,332,444,993,1436,2017]
[0,240,332,444,993,1074,1436,2017]
[0,321,993,1436,2017]
[0,87,240,321,444,800,993,1074,1436,1601,1954,2017]
[0,240,332,993,1074,1436,2017]
[0,332,444,1436,1601,1919,2017]
[0,87,321,444,993,1436,1601,2017]
[0,332,444,993,1436,2017]
[0,87,1436,2017]
[0,87,240,332,444,1436,1601,2017]
[0,240,321,1436,1954,2017]
[0,993,1436,1601,1919,2017]
[0,87,240,332,993,1436,1601,2017]
[0,87,240,321,1436,1601,2017]
[0,87,240,332,993,1436,2017]
[0,993,1074,1436,2017]
[0,87,240,321,993,1074,1436,1601,2017]
[0,240,321,993,1074,1436,1601,2017]
[0,87,240,321,444,993,1074,1436,1601,1954,2017]
[0,321,800,993,1436,1601,2017]
[0,87,800,993,1436,1601,1919,2017]
[0,332,1436,1601,2017]
[0,1436,1601,1954,2017]
[0,240,332,444,993,1436,1601,2017]
[0,240,321,993,1436,1954,2017]
[0,240,332,444,1436,1601,1919,2017]
[0,993,1436,1601,2017]
[0,240,332,444,1436,1601,2017]
[0,1436,1601,1919,2017]
[0,1436,1954,2017]
[0,240,321,1436,1601,2017]
[0,240,332,993,1436,2017]
[0,87,321,444,993,1074,1436,1601,2017]
[0,240,321,993,1436,2017]
[0,87,321,993,1074,1436,2017]
[0,1601,2017]
[0,800,993,1436,2017]
[0,87,321,444,800,993,1436,1601,2017]
