[0,882,1045,1157,1279,1642]
[0,882,1045,1428,1642]
[0,1356,1642]
[0,282,1642]
[0,111,282,1279,1642]
[0,385,1279,1642]
[0,111,282,385,743,1045,1157,1642]
[0,111,282,385,834,1045,1157,1356,1579,1642]
[0,385,882,1279,1642]
[0,834,1356,1642]
[0,282,743,1157,1428,1642]
[0,282,834,1045,1157,1356,1642]
[0,111,282,1045,1279,1642]
[0,111,282,385,834,1045,1157,1356,1642]
[0,1279,1642]
[0,882,1045,1157,1642]
[0,1045,1157,1642]
[0,834,1642]
[0,111,282,385,743,1045,1157,1428,1579,1642]
[0,282,1428,1642]
[0,282,385,743,1045,1157,1642]
[0,282,385,882,1045,1279,1642]
[0,111,282,385,882,1045,1279,1642]
[0,282,385,1279,1642]
[0,882,1157,1642]
[0,282,834,1045,1157,1428,1642]
[0,111,282,385,1045,1157,1356,1579,1642]
[0,1045,1642]
[0,111,282,385,1045,1157,1356,1642]
[0,1157,1642]
[0,282,385,882,1279,1642]
[0,111,282,1045,1157,1428,1642]
[0,111,282,882,1045,1157,1428,1642]
[0,882,1045,1279,1642]
[0,834,1157,1642]
[0,743,1157,1642]
[0,282,882,1045,1157,1428,1642]
[0,282,385,1428,1642]
[0,111,282,1045,1157,1642]
[0,282,882,1428,1642]
[0,111,282,385,882,1045,1157,1428,1579,1642]
[0,282,743,1045,1356,1642]
[0,385,743,1157,1642]
[0,111,282,834,1045,1157,1356,1642]
[0,385,743,1045,1157,1642]
[0,111,282,385,882,1045,1157,1428,1642]
[0,282,385,882,1045,1157,1642]
[0,282,1045,1157,1428,1642]
[0,111,282,385,882,1045,1157,1642]
[0,282,385,1157,1642]
[0,282,1356,1642]
[0,282,1157,1428,1642]
[0,331,1428,1642]
[0,111,282,385,743,1045,1157,1356,1642]
[0,385,882,1045,1157,1642]
[0,1045,1356,1642]
[0,331,1642]
[0,111,282,882,1045,1157,1642]
[0,111,282,834,1045,1157,1428,1642]
[0,282,834,1356,1642]
[0,282,385,1642]
[0,111,282,385,1428,1642]
[0,743,1045,1356,1642]
[0,282,1045,1279,1642]
[0,282,743,1045,1157,1356,1642]
[0,282,1045,1356,1642]
[0,282,1045,1642]
[0,282,743,1045,1157,1642]
[0,111,282,385,743,1045,1157,1428,1642]
[0,282,743,1045,1157,1428,1642]
[0,282,1279,1642]
[0,282,882,1642]
[0,111,282,385,1157,1642]
[0,743,1356,1642]
[0,882,1045,1157,1428,1642]
[0,385,1642]
[0,111,282,1045,1157,1356,1642]
[0,282,882,1045,1279,1642]
[0,111,282,882,1045,1157,1279,1642]
[0,882,1428,1642]
[0,111,282,385,882,1045,1157,1279,1642]
[0,282,385,1045,1157,1642]
[0,282,1157,1642]
[0,385,882,1642]
[0,282,882,1045,1157,1279,1642]
[0,111,282,385,834,1045,1157,1428,1642]
[0,282,1045,1157,1356,1642]
[0,1428,1642]
[0,385,882,1157,1642]
[0,282,834,1157,1642]
[0,111,282,1428,1642]
[0,882,1642]
[0,743,1045,1642]
[0,111,282,882,1045,1279,1642]
[0,385,1157,1642]
[0,111,282,385,743,1045,1157,1356,1579,1642]
[0,111,282,743,1045,1157,1642]
[0,282,743,1157,1642]
[0,743,1642]
[0,385,882,1045,1279,1642]
[0,282,882,1157,1642]
[0,743,1045,1157,1642]
[0,282,1045,1157,1642]
[0,282,882,1045,1157,1642]
[0,111,282,385,1045,1157,1428,1642]
[0,111,282,743,1045,1157,1356,1642]
[0,282,834,1157,1356,1642]
[0,282,1157,1356,1642]
[0,111,331,1428,1642]
[0,111,282,1157,1642]
[0,282,882,1045,1428,1642]
[0,111,282,385,1045,1157,1642]
[0,1045,1279,1642]
[0,111,282,743,1045,1157,1428,1642]
[0,282,834,1157,1428,1642]
