[0,2441,3310,4321,4612,4758]
[0,2441,3692,4321,4758]
[0,957,2441,3310,4758]
[0,2441,3310,4758]
[0,3639,4321,4758]
[0,2441,3639,3811,4758]
[0,1089,2441,3310,3692,4454,4758]
[0,1089,2441,3310,3692,4758]
[0,2441,3690,3811,4758]
[0,3310,4321,4612,4758]
[0,2441,3639,3811,4321,4758]
[0,2441,3310,4321,4758]
[0,957,2441,3639,3811,4321,4612,4758]
[0,957,2441,3692,4454,4758]
[0,2441,3690,3811,4321,4709,4758]
[0,2441,3690,3811,4321,4758]
[0,2441,3692,4321,4709,4758]
[0,957,2441,3310,4321,4612,4758]
[0,3639,3811,4321,4758]
[0,957,2441,3811,4321,4758]
[0,2441,3690,4758]
[0,957,2441,3811,4758]
[0,2441,3639,4321,4758]
[0,2441,3690,4321,4758]
[0,3811,4758]
[0,957,2441,3692,4321,4709,4758]
[0,2441,3310,3692,4454,4758]
[0,3690,4758]
[0,3310,4321,4758]
[0,1089,2441,4758]
[0,3639,4758]
[0,957,2441,3692,4758]
[0,2441,3692,4758]
[0,957,2441,3639,3811,4321,4758]
[0,2441,3692,4454,4758]
[0,3692,4321,4758]
[0,1089,2441,3692,4758]
[0,3692,4758]
[0,3690,3811,4709,4758]
[0,957,2441,3639,4321,4758]
[0,957,2441,3310,3692,4758]
[0,957,2441,3692,4321,4758]
[0,3705,4758]
[0,3690,3811,4758]
[0,3692,4321,4709,4758]
[0,957,2441,3310,3692,4454,4758]
[0,2441,3705,4758]
[0,3639,3811,4321,4612,4758]
[0,957,2441,3639,4758]
[0,2441,3639,4758]
[0,3639,3811,4612,4758]
[0,957,2441,3639,3811,4758]
[0,3639,3811,4758]
[0,2441,4758]
[0,957,2441,4758]
[0,957,2441,3310,4321,4758]
[0,3690,4321,4758]
[0,2441,3639,3811,4321,4612,4758]
[0,132,957,2441,3310,3692,4454,4758]
[0,2441,3690,3811,4709,4758]
[0,3310,4758]
[0,957,3310,4758]
[0,2441,3310,3692,4758]
