[0,80,487,541,657,997]
[0,80,657,702,952,997]
[0,80,541,657,952,997]
[0,80,702,952,997]
[0,80,390,541,657,997]
[0,80,390,487,541,657,702,997]
[0,80,952,997]
[0,80,487,952,997]
[0,80,487,657,702,952,997]
[0,80,657,702,997]
[0,80,234,952,997]
[0,80,234,997]
[0,80,486,541,657,997]
[0,487,997]
[0,80,487,997]
[0,80,541,657,702,952,997]
[0,80,997]
[0,234,997]
[0,80,486,541,657,702,997]
[0,80,541,657,901,997]
[0,541,657,901,997]
[0,80,702,997]
[0,80,486,541,657,702,952,997]
[0,657,702,997]
[0,487,702,997]
[0,702,997]
[0,80,487,702,952,997]
[0,541,997]
[0,80,541,997]
[0,80,541,657,702,997]
[0,80,390,487,541,657,997]
[0,80,486,541,657,952,997]
[0,390,541,997]
[0,80,487,702,997]
[0,80,487,541,657,702,997]
[0,541,657,997]
[0,390,541,657,997]
[0,80,541,657,997]
