[0,59,233,413,476,579,735,969]
[0,279,474,579,735,969]
[0,279,474,579,969]
[0,233,476,969]
[0,924,969]
[0,279,969]
[0,476,579,735,969]
[0,59,193,413,476,579,735,969]
[0,474,735,969]
[0,59,413,476,579,735,969]
[0,413,476,579,969]
[0,406,476,579,735,969]
[0,279,492,735,924,969]
[0,193,476,735,969]
[0,279,474,735,969]
[0,193,413,476,579,735,969]
[0,59,193,413,476,579,969]
[0,285,969]
[0,59,233,413,476,579,735,923,969]
[0,59,413,476,579,924,969]
[0,59,100,413,476,579,924,969]
[0,233,735,969]
[0,406,476,579,969]
[0,233,413,476,579,735,969]
[0,59,100,193,413,476,579,735,924,969]
[0,59,233,413,476,579,923,969]
[0,193,413,476,579,969]
[0,579,969]
[0,279,474,579,735,924,969]
[0,476,735,924,969]
[0,59,193,413,476,579,735,924,969]
[0,476,579,969]
[0,492,735,969]
[0,492,924,969]
[0,474,579,924,969]
[0,735,969]
[0,100,476,969]
[0,59,476,579,969]
[0,59,923,969]
[0,59,474,579,924,969]
[0,285,735,969]
[0,193,476,579,969]
[0,59,233,735,923,969]
[0,474,579,969]
[0,193,476,969]
[0,59,969]
[0,59,476,579,923,969]
[0,59,406,476,579,735,969]
[0,59,406,476,579,735,924,969]
[0,59,413,476,579,969]
[0,59,413,476,579,735,924,969]
[0,59,474,579,735,924,969]
[0,59,100,193,413,476,579,924,969]
[0,492,735,924,969]
[0,476,579,924,969]
[0,59,474,579,969]
[0,59,193,413,476,579,924,969]
[0,279,492,735,969]
[0,492,969]
[0,59,406,476,579,924,969]
[0,233,476,579,969]
[0,233,476,735,969]
[0,59,476,579,735,923,969]
[0,474,969]
[0,59,476,579,735,969]
[0,59,735,969]
[0,413,476,579,735,969]
[0,233,413,476,579,969]
[0,59,413,476,579,735,923,969]
[0,59,233,969]
[0,59,100,233,413,476,579,923,969]
[0,474,579,735,924,969]
[0,59,735,923,969]
[0,476,969]
[0,476,579,923,969]
[0,233,476,579,735,969]
[0,59,100,233,413,476,579,735,923,969]
[0,474,579,735,969]
[0,476,735,969]
[0,59,476,579,924,969]
[0,59,413,476,579,923,969]
[0,59,233,413,476,579,969]
[0,59,406,476,579,969]
[0,59,233,735,969]
[0,279,579,969]
[0,59,474,579,735,969]
[0,193,476,579,735,969]
[0,59,100,413,476,579,923,969]
[0,476,924,969]
[0,233,969]
