[0,326,644,774,1027,1298,2211]
[0,543,774,1906,2211]
[0,1298,2211]
[0,326,644,936,1298,2211]
[0,310,644,936,1298,2211]
[0,310,644,774,1027,1298,2211]
[0,543,2211]
[0,326,644,1191,2211]
[0,310,644,774,936,1298,2211]
[0,326,644,1027,1191,2211]
[0,543,1906,2211]
[0,644,936,1298,2211]
[0,774,2211]
[0,326,644,774,936,1059,1191,1298,2211]
[0,774,1099,2211]
[0,644,1298,2211]
[0,644,2211]
[0,326,644,774,1059,1191,2211]
[0,326,644,774,1027,1191,2211]
[0,644,1027,1191,2211]
[0,326,774,1099,2211]
[0,326,644,1059,1191,2211]
[0,774,1191,2211]
[0,326,644,774,936,1059,1191,2211]
[0,543,774,2211]
[0,310,644,1027,1298,2211]
[0,326,644,1298,2211]
[0,326,644,1027,1298,2211]
[0,644,1027,1298,2211]
[0,326,644,774,936,1298,2211]
[0,644,1059,1191,2211]
[0,326,774,1027,1298,2211]
[0,774,1298,2211]
[0,326,644,774,1027,1191,1298,2211]
[0,326,774,2211]
[0,326,774,1298,2211]
[0,310,644,1298,2211]
[0,644,1191,2211]
[0,326,644,774,1059,1191,1298,2211]
