[0,1065,4285]
[0,1840,3124,3893,4285]
[0,1096,1840,4285]
[0,371,1096,2123,2459,3047,3623,3893,4285]
[0,1096,2067,3124,3893,4285]
[0,1096,2071,3047,4285]
[0,1096,2071,3047,3623,3893,4285]
[0,1096,2067,2832,3124,3623,3893,4285]
[0,645,2123,3047,3623,3893,4285]
[0,1840,2497,3124,4285]
[0,371,1096,1840,2123,2459,2832,3047,3623,3893,4285]
[0,744,2067,3124,3623,3893,4285]
[0,2067,2832,3893,4285]
[0,371,1096,2123,3047,3893,4285]
[0,371,1096,2123,2832,3047,3623,3893,4285]
[0,1096,2067,3124,4285]
[0,2071,3047,4285]
[0,1096,2123,3047,3623,3893,4285]
[0,1096,2071,3047,3893,4285]
[0,2067,2832,4285]
[0,371,1096,2123,2459,3047,3893,4285]
[0,371,1096,1840,2123,3047,3623,3893,4285]
[0,371,1096,2123,2459,2832,3047,3623,3893,4285]
[0,371,1096,2067,2497,2832,3124,3623,3893,4285]
[0,371,1096,1840,2123,2459,3047,3623,3893,4285]
[0,371,1840,2497,3124,3893,4285]
[0,1096,2067,2832,3124,3893,4285]
[0,371,1096,1840,2123,2459,3047,3893,4285]
[0,3047,4285]
[0,1840,3124,4285]
[0,2123,3047,4285]
[0,744,1840,3124,3893,4285]
[0,2071,3047,3893,4285]
[0,371,1096,2067,2497,2832,3893,4285]
[0,2067,3124,3893,4285]
[0,371,1840,3124,3623,3893,4285]
[0,744,1840,3124,3623,3893,4285]
[0,1096,2067,2497,2832,3124,3893,4285]
[0,2078,4285]
[0,2067,4285]
[0,1096,2067,2832,3893,4285]
[0,1096,2067,2497,2832,3893,4285]
[0,1096,1840,3124,4285]
[0,1065,2123,3623,4285]
[0,1840,3124,3623,3893,4285]
[0,1096,1840,3124,3893,4285]
[0,1096,2067,4285]
[0,1096,2067,2832,4285]
[0,1096,4285]
[0,1840,4285]
[0,1840,3893,4285]
[0,2078,3047,4285]
[0,645,2123,3047,3893,4285]
[0,371,1096,2123,3047,3623,3893,4285]
[0,1096,2067,3124,3623,3893,4285]
[0,1065,2078,3047,4285]
[0,1096,2123,3047,4285]
[0,371,1096,1840,2123,3047,3893,4285]
[0,1096,2123,3047,3893,4285]
[0,1096,2067,2497,2832,3124,3623,3893,4285]
[0,2123,4285]
[0,1096,1840,3893,4285]
[0,645,2078,3047,3623,3893,4285]
[0,645,2078,3047,3893,4285]
[0,371,1096,2067,2497,2832,3124,3893,4285]
[0,744,1840,3124,4285]
[0,1840,2497,3124,3893,4285]
[0,2071,4285]
[0,645,2078,3047,4285]
[0,1065,2123,4285]
[0,371,1840,3124,3893,4285]
[0,2067,3124,4285]
[0,2078,3047,3893,4285]
[0,2123,3047,3893,4285]
[0,1096,3047,4285]
[0,1065,3047,4285]
[0,371,1840,2497,3124,3623,3893,4285]
[0,1840,3623,4285]
[0,371,1096,2067,2832,3893,4285]
[0,2123,3623,4285]
[0,645,2123,3047,4285]
[0,1065,2078,3047,3680,4285]
[0,744,2067,3124,4285]
[0,744,2067,3124,3893,4285]
