[0,52,720,1046]
[0,615,876,1046]
[0,52,1046]
[0,52,565,615,720,830,1046]
[0,720,830,1046]
[0,565,720,1046]
[0,52,565,720,830,1046]
[0,52,720,859,1046]
[0,52,587,720,1046]
[0,52,876,1046]
[0,615,1046]
[0,565,720,859,965,1046]
[0,374,720,830,1046]
[0,52,565,720,859,965,1046]
[0,52,374,720,1046]
[0,52,720,830,1046]
[0,52,565,615,720,830,1005,1046]
[0,587,720,830,1046]
[0,720,1046]
[0,52,374,720,830,1046]
[0,52,565,615,1046]
[0,52,615,1046]
[0,52,565,615,830,1046]
[0,565,615,1046]
[0,876,1046]
[0,374,1046]
[0,52,615,830,1046]
[0,52,615,876,1046]
[0,52,565,720,1046]
[0,615,830,1046]
[0,587,720,1046]
[0,52,565,720,859,1046]
[0,52,565,615,720,859,1046]
[0,374,720,1046]
[0,720,859,1046]
[0,565,720,859,1046]
[0,52,587,720,830,1046]
[0,565,720,830,1046]
[0,52,565,615,720,859,965,1046]
