[0,251,443,528,726,945,1046]
[0,200,251,528,945,986,1046]
[0,251,528,790,1046]
[0,76,200,251,443,528,751,945,1046]
[0,76,443,528,751,862,1046]
[0,76,251,528,1046]
[0,443,528,1046]
[0,200,528,751,862,1046]
[0,200,251,528,726,945,1046]
[0,200,528,726,945,1046]
[0,76,200,443,528,751,862,1046]
[0,76,200,251,528,726,945,1046]
[0,76,443,528,751,945,1046]
[0,251,528,726,945,1046]
[0,200,528,862,1046]
[0,76,251,528,751,862,1046]
[0,200,251,528,945,1046]
[0,251,528,751,945,1046]
[0,200,251,528,726,945,986,1046]
[0,76,200,251,528,945,986,1046]
[0,200,528,751,945,1046]
[0,76,200,251,528,751,945,1046]
[0,528,790,945,1046]
[0,76,251,528,726,945,1046]
[0,528,751,862,1046]
[0,443,528,862,1046]
[0,251,528,751,1046]
[0,443,528,751,862,1046]
[0,251,528,1046]
[0,528,726,1046]
[0,528,726,945,1046]
[0,200,251,528,751,862,1046]
[0,153,251,528,1046]
[0,200,251,443,528,751,862,1046]
[0,200,443,528,751,945,1046]
[0,76,443,528,945,1046]
[0,528,862,1046]
[0,528,751,945,1046]
[0,443,528,945,1046]
[0,443,528,751,945,1046]
[0,153,251,528,751,945,1046]
[0,76,200,251,443,528,751,945,986,1046]
[0,76,251,528,945,1046]
[0,251,528,751,862,1046]
[0,76,200,251,528,751,945,986,1046]
[0,251,528,726,1046]
[0,76,200,251,528,1046]
[0,76,200,251,528,751,862,1046]
[0,443,528,726,945,1046]
[0,528,945,1046]
[0,200,528,726,1046]
[0,76,200,251,528,862,1046]
[0,200,251,528,862,1046]
[0,251,528,862,1046]
[0,153,251,528,862,1046]
[0,945,1046]
[0,251,528,790,945,1046]
[0,528,751,1046]
[0,200,443,528,751,862,1046]
[0,200,251,443,528,726,945,1046]
[0,251,443,528,751,862,1046]
[0,76,200,251,528,945,1046]
[0,153,251,528,790,945,1046]
[0,76,200,251,528,726,945,986,1046]
[0,251,528,945,1046]
[0,153,251,528,945,1046]
[0,200,251,528,1046]
[0,528,1046]
[0,528,790,1046]
[0,76,443,528,726,945,1046]
[0,76,251,528,751,945,1046]
[0,76,200,251,443,528,726,945,986,1046]
[0,153,251,528,751,862,1046]
[0,862,1046]
[0,76,200,251,443,528,751,862,1046]
[0,76,200,443,528,751,945,1046]
[0,76,251,528,862,1046]
[0,200,528,1046]
[0,76,200,251,443,528,726,945,1046]
[0,200,443,528,726,945,1046]
[0,200,528,751,1046]
[0,76,200,443,528,726,945,1046]
