[0,902,1811,3272,3353]
[0,699,958,1542,1811,2264,2796,3278,3353]
[0,348,958,2966,3353]
[0,958,1221,1811,3353]
[0,331,958,2966,3353]
[0,331,958,1811,3353]
[0,331,958,1811,2264,3353]
[0,331,958,2966,3278,3353]
[0,958,1811,2264,2796,3353]
[0,699,958,1811,2264,3353]
[0,331,958,1811,2966,3353]
[0,348,958,3353]
[0,958,1811,2966,3353]
[0,331,699,958,1188,1811,2264,3353]
[0,958,1811,2264,3353]
[0,331,699,958,1188,1811,2264,2966,3353]
[0,699,958,1188,1811,2966,3278,3353]
[0,348,958,3278,3353]
[0,953,3353]
[0,958,1542,1811,2264,3353]
[0,699,958,1188,1811,2264,3353]
[0,331,699,958,1811,2264,2966,3353]
[0,331,958,1811,2356,2966,3278,3353]
[0,331,958,1811,2966,3278,3353]
[0,902,3353]
[0,958,1811,3353]
[0,331,699,958,1811,2264,3353]
[0,699,958,1811,3353]
[0,331,958,3353]
[0,699,958,1188,1811,2966,3353]
[0,958,1221,3353]
[0,699,958,1221,3353]
[0,958,2966,3353]
[0,699,958,1188,1811,2264,2966,3353]
[0,331,699,958,1188,1811,2264,2966,3278,3353]
[0,699,958,1542,1811,2796,3278,3353]
[0,699,958,2966,3278,3353]
[0,699,958,1221,1811,3353]
[0,953,3272,3353]
[0,699,958,1542,1811,2796,3353]
[0,699,958,1542,1811,2356,3353]
[0,699,958,1542,1811,2356,2966,3278,3353]
[0,958,1542,1811,2264,2796,3353]
[0,902,1811,3353]
[0,699,958,1542,1811,3278,3353]
[0,958,3353]
[0,699,958,1811,2264,2966,3353]
[0,958,3278,3353]
[0,699,958,1188,1811,2264,2966,3278,3353]
[0,699,958,2966,3353]
[0,699,958,1811,2966,3353]
[0,331,958,1811,2356,3353]
[0,699,958,3278,3353]
[0,902,3272,3353]
[0,699,958,1811,2356,2966,3278,3353]
[0,331,958,3278,3353]
[0,699,958,1811,2356,3353]
[0,699,958,3353]
[0,699,958,1811,3278,3353]
[0,699,958,1811,2966,3278,3353]
[0,958,1811,2356,2966,3353]
[0,699,958,1542,1811,2264,2796,3353]
[0,331,958,1811,2356,2966,3353]
[0,699,958,1542,1811,2966,3278,3353]
[0,958,1542,1811,2356,2966,3353]
[0,348,958,2966,3278,3353]
[0,958,1542,1811,2966,3353]
[0,1811,3353]
[0,699,958,1188,1811,3353]
[0,699,958,1542,1811,3353]
[0,958,1811,2796,3353]
[0,958,1811,2356,3353]
[0,699,958,1221,1811,3278,3353]
[0,699,958,1542,1811,2966,3353]
[0,699,958,1542,1811,2264,3353]
[0,958,1542,1811,2796,3353]
[0,699,958,1811,2356,2966,3353]
[0,958,1542,1811,2356,3353]
[0,699,958,1542,1811,2356,2966,3353]
[0,958,1811,2264,2966,3353]
[0,331,958,1811,2264,2966,3353]
[0,958,3272,3353]
[0,958,1542,1811,3353]
