[0,479,730,830,922]
[0,404,479,674,730,834,922]
[0,479,533,644,730,830,922]
[0,533,922]
[0,45,479,613,730,834,922]
[0,404,730,922]
[0,479,533,644,730,834,922]
[0,374,479,613,730,834,922]
[0,45,404,479,533,674,730,830,922]
[0,45,479,533,674,730,830,922]
[0,400,479,533,644,730,830,922]
[0,374,479,613,730,922]
[0,479,730,834,922]
[0,400,830,922]
[0,45,400,830,922]
[0,404,479,730,830,922]
[0,400,479,830,922]
[0,404,479,533,674,730,830,922]
[0,45,400,479,830,922]
[0,404,479,730,834,922]
[0,45,400,479,644,730,830,922]
[0,45,479,644,834,922]
[0,400,922]
[0,479,922]
[0,45,400,479,533,644,730,830,922]
[0,404,479,674,730,830,922]
[0,404,922]
[0,45,479,830,922]
[0,479,613,730,830,922]
[0,404,730,830,922]
[0,45,479,674,830,922]
[0,400,479,644,730,830,922]
[0,400,479,674,830,922]
[0,374,479,644,922]
[0,479,830,922]
[0,45,374,479,644,730,834,922]
[0,45,374,479,613,730,834,922]
[0,45,374,479,644,922]
[0,45,400,479,674,830,922]
[0,45,400,479,613,730,830,922]
[0,479,834,922]
[0,45,533,922]
[0,404,834,922]
[0,45,479,533,644,730,834,922]
[0,479,644,730,834,922]
[0,45,479,644,922]
[0,479,674,730,922]
[0,374,479,644,834,922]
[0,45,479,533,674,730,834,922]
[0,400,479,613,730,830,922]
[0,479,533,674,730,830,922]
[0,479,644,922]
[0,45,374,479,533,644,730,834,922]
[0,479,644,834,922]
[0,479,533,674,730,834,922]
[0,479,730,922]
[0,45,374,479,644,834,922]
[0,45,404,479,533,674,730,834,922]
[0,479,613,922]
[0,45,479,644,730,830,922]
[0,45,479,922]
[0,479,644,730,922]
[0,45,479,644,730,834,922]
[0,404,479,533,674,730,834,922]
[0,479,674,730,830,922]
[0,374,479,644,730,834,922]
[0,479,674,730,834,922]
[0,479,674,922]
[0,479,674,830,922]
[0,374,479,533,644,730,834,922]
[0,404,830,922]
[0,45,479,613,730,830,922]
[0,479,644,730,830,922]
[0,479,613,730,834,922]
[0,404,730,834,922]
[0,479,613,730,922]
