[0,429,620,1218,1419]
[0,175,620,756,1218,1419]
[0,175,429,609,1218,1419]
[0,175,429,609,1419]
[0,429,609,1039,1419]
[0,429,1039,1419]
[0,175,620,1218,1419]
[0,318,429,620,756,1041,1218,1419]
[0,756,1218,1419]
[0,175,429,609,1039,1255,1419]
[0,608,1419]
[0,429,620,756,1041,1218,1419]
[0,318,620,1039,1218,1419]
[0,318,620,1419]
[0,429,609,756,1218,1419]
[0,175,429,620,1041,1218,1419]
[0,175,429,609,1255,1419]
[0,175,429,620,756,1041,1218,1419]
[0,318,620,756,1041,1218,1419]
[0,429,609,756,1039,1218,1419]
[0,175,429,620,1218,1419]
[0,318,429,620,756,1039,1218,1419]
[0,429,609,1419]
[0,429,1419]
[0,318,1218,1419]
[0,429,609,756,1255,1419]
[0,620,1218,1419]
[0,175,429,609,1039,1419]
[0,243,608,1419]
[0,175,429,620,756,1218,1419]
[0,429,620,756,1218,1419]
[0,175,429,609,756,1039,1218,1419]
[0,318,620,1218,1419]
[0,175,429,609,756,1255,1419]
[0,429,609,756,1039,1255,1419]
[0,429,609,1218,1419]
[0,243,608,1255,1419]
[0,620,1419]
[0,318,620,756,1039,1218,1419]
[0,429,1218,1419]
[0,608,1255,1419]
[0,175,429,1419]
[0,429,609,1039,1218,1419]
[0,429,620,1041,1218,1419]
[0,318,620,1255,1419]
[0,318,1255,1419]
[0,243,608,756,1255,1419]
[0,429,609,1255,1419]
[0,318,620,1041,1218,1419]
[0,175,429,609,1039,1218,1419]
[0,429,1255,1419]
[0,318,620,756,1218,1419]
[0,318,1419]
[0,756,1419]
[0,175,429,609,756,1039,1255,1419]
[0,429,609,1039,1255,1419]
