[0,557,1911]
[0,197,244,309,416,557,1588,1752,1911]
[0,197,416,557,1588,1771,1911]
[0,197,309,557,1588,1806,1911]
[0,197,309,557,1588,1752,1911]
[0,197,309,557,1588,1771,1911]
[0,197,557,1588,1771,1911]
[0,197,416,557,1588,1806,1911]
[0,197,416,557,1588,1752,1911]
[0,197,244,309,557,1588,1771,1911]
[0,1588,1911]
[0,197,244,557,1588,1806,1911]
[0,1589,1911]
[0,197,244,309,557,1588,1806,1911]
[0,197,309,416,557,1588,1771,1911]
[0,197,244,557,1588,1752,1911]
[0,557,1588,1911]
[0,197,557,1588,1911]
[0,197,309,416,557,1588,1806,1911]
[0,197,557,1588,1806,1911]
[0,197,557,1588,1752,1911]
[0,197,309,557,1588,1911]
[0,197,244,309,557,1588,1752,1911]
[0,197,416,557,1588,1911]
[0,197,244,309,416,557,1588,1771,1911]
[0,197,309,416,557,1588,1911]
[0,244,557,1588,1911]
[0,197,309,416,557,1588,1752,1911]
[0,557,1589,1911]
[0,197,244,309,416,557,1588,1806,1911]
[0,244,557,1588,1752,1911]
[0,197,244,557,1588,1771,1911]
