[0,622,1122,1492,2017]
[0,220,622,715,905,1122,1405,1939,2017]
[0,419,905,1485,2017]
[0,905,1485,2017]
[0,220,406,569,852,1122,1405,2017]
[0,406,569,2017]
[0,220,406,715,905,1122,1405,2017]
[0,220,715,1122,1939,2017]
[0,220,715,905,1122,1405,2017]
[0,406,569,852,1122,2017]
[0,406,569,852,1122,1405,2017]
[0,715,1122,2017]
[0,220,622,1122,2017]
[0,905,2017]
[0,852,1122,2017]
[0,220,406,569,1122,1405,1939,2017]
[0,622,1037,2017]
[0,220,569,852,1122,1405,2017]
[0,220,715,1122,1405,1939,2017]
[0,232,622,1037,2017]
[0,406,569,852,1122,1405,1939,2017]
[0,220,406,622,715,905,1122,1405,2017]
[0,406,569,1122,1939,2017]
[0,220,715,1122,2017]
[0,220,406,569,1122,1405,2017]
[0,852,2017]
[0,569,852,1122,1405,2017]
[0,220,622,1122,1405,2017]
[0,220,622,715,905,1122,1405,2017]
[0,220,715,905,1122,1405,1939,2017]
[0,622,1122,1405,2017]
[0,232,622,1939,2017]
[0,569,1122,1405,2017]
[0,622,1122,2017]
[0,220,406,569,731,1122,1405,2017]
[0,220,569,1122,2017]
[0,406,569,1122,2017]
[0,220,569,852,1122,2017]
[0,220,569,852,1122,1939,2017]
[0,715,2017]
[0,406,569,852,1122,1939,2017]
[0,220,406,622,715,905,1122,1405,1939,2017]
[0,232,622,2017]
[0,220,406,569,852,1122,1405,1939,2017]
[0,569,1122,2017]
[0,220,569,2017]
[0,1181,2017]
[0,622,2017]
[0,232,622,1037,1939,2017]
[0,232,622,1122,2017]
[0,220,569,1122,1405,2017]
[0,406,569,1122,1405,1939,2017]
[0,220,569,852,1122,1405,1939,2017]
[0,220,715,1122,1405,2017]
[0,569,2017]
[0,406,569,1122,1405,2017]
[0,220,406,569,731,1122,1405,1939,2017]
[0,569,1181,2017]
[0,715,1122,1405,2017]
[0,569,852,1122,2017]
[0,232,622,1122,1492,2017]
