[0,110,309,506,665,741,901,1145,1343]
[0,110,309,549,741,901,1145,1343]
[0,110,309,1343]
[0,110,309,506,741,901,1145,1343]
[0,110,309,901,1343]
[0,309,549,741,1145,1343]
[0,280,1343]
[0,110,309,741,901,1145,1343]
[0,119,309,506,550,741,1168,1343]
[0,119,309,506,741,901,1168,1343]
[0,309,901,1343]
[0,119,1343]
[0,119,309,506,550,741,901,1168,1343]
[0,280,741,1343]
[0,309,534,741,1145,1343]
[0,280,534,741,1145,1343]
[0,119,309,506,550,741,1343]
[0,309,741,1115,1343]
[0,119,309,506,550,665,741,901,1168,1343]
[0,309,901,1145,1343]
[0,119,506,1343]
[0,110,309,506,550,741,901,1145,1343]
[0,119,309,506,665,741,901,1168,1343]
[0,506,1343]
[0,280,534,741,1343]
[0,110,309,506,741,1145,1343]
[0,309,549,741,901,1145,1343]
[0,309,534,741,1343]
[0,309,506,741,901,1168,1343]
[0,309,506,741,1168,1343]
[0,309,506,741,1343]
[0,309,506,741,1115,1343]
[0,119,309,506,741,901,1145,1343]
[0,281,1343]
[0,741,1343]
[0,119,506,741,1343]
[0,752,1343]
[0,110,309,534,741,1145,1343]
[0,119,309,506,741,1145,1343]
[0,309,506,741,901,1115,1343]
[0,309,741,1145,1343]
[0,110,309,506,741,901,1115,1343]
[0,506,741,1343]
[0,110,309,534,741,901,1145,1343]
[0,110,309,901,1145,1343]
[0,110,309,506,550,665,741,901,1145,1343]
[0,119,309,506,741,1168,1343]
[0,110,309,741,1343]
[0,119,309,506,741,1343]
[0,309,534,741,901,1145,1343]
[0,309,506,741,901,1145,1343]
[0,309,506,741,1145,1343]
[0,309,1343]
[0,901,1343]
[0,309,741,1343]
[0,309,752,1343]
[0,110,309,534,741,1343]
[0,110,309,506,550,741,901,1115,1343]
[0,110,309,506,741,1343]
[0,110,309,506,741,1115,1343]
[0,309,741,901,1145,1343]
