[0,184,442,809,1085,1180]
[0,970,1180]
[0,534,1180]
[0,184,442,970,1180]
[0,809,1180]
[0,184,442,534,814,1085,1180]
[0,184,442,814,970,1180]
[0,184,442,534,844,1180]
[0,184,970,1180]
[0,442,876,1180]
[0,184,442,809,1180]
[0,184,442,809,970,1180]
[0,844,1180]
[0,442,534,814,1180]
[0,467,876,1180]
[0,184,442,844,1180]
[0,442,534,970,1180]
[0,184,442,534,814,970,1180]
[0,184,442,534,809,1085,1180]
[0,184,442,534,844,1085,1180]
[0,184,467,814,970,1180]
[0,442,814,1180]
[0,467,814,1180]
[0,442,970,1180]
[0,184,442,844,1085,1180]
[0,442,534,809,1180]
[0,467,1180]
[0,184,442,534,809,970,1180]
[0,184,467,876,1180]
[0,442,534,844,1180]
[0,876,1180]
[0,442,534,1180]
[0,442,809,1180]
[0,442,844,1180]
[0,814,1180]
[0,184,442,534,814,1180]
[0,184,442,814,1180]
[0,184,442,534,970,1180]
[0,442,1180]
[0,184,467,814,1180]
[0,184,442,814,1085,1180]
[0,184,442,534,809,1180]
