[0,414,989,1566,1911]
[0,414,1055,1566,1639,1911]
[0,241,350,989,1566,1911]
[0,241,350,414,1055,1566,1911]
[0,414,1911]
[0,350,1911]
[0,414,989,1572,1911]
[0,241,989,1566,1911]
[0,118,414,1055,1566,1639,1911]
[0,118,241,350,414,1055,1566,1911]
[0,118,241,414,1055,1566,1911]
[0,241,350,414,989,1566,1911]
[0,414,1055,1566,1911]
[0,241,414,989,1566,1911]
[0,350,414,1055,1566,1911]
[0,118,241,350,414,1055,1566,1639,1911]
[0,350,414,1911]
[0,350,414,1566,1911]
[0,241,414,1566,1911]
[0,118,241,350,414,989,1566,1911]
[0,118,241,414,989,1566,1911]
[0,989,1321,1566,1911]
[0,414,1566,1911]
[0,118,414,1055,1566,1911]
[0,241,350,414,989,1572,1911]
[0,350,414,1572,1911]
[0,414,989,1911]
[0,118,241,350,414,989,1572,1911]
[0,241,414,989,1572,1911]
[0,1566,1911]
[0,241,414,1055,1566,1911]
[0,241,1911]
[0,118,414,989,1566,1911]
[0,241,350,989,1321,1566,1911]
[0,989,1911]
[0,414,1055,1911]
[0,1055,1911]
[0,414,842,989,1566,1911]
[0,241,350,414,1566,1911]
[0,118,241,414,989,1572,1911]
[0,241,1566,1911]
[0,241,414,1572,1911]
[0,241,989,1321,1566,1911]
[0,118,241,414,1055,1566,1639,1911]
[0,989,1566,1911]
[0,414,1572,1911]
[0,350,1566,1911]
[0,118,414,989,1572,1911]
[0,241,350,414,1572,1911]
