[0,517,1078,1197]
[0,165,239,517,766,1078,1197]
[0,311,517,766,1078,1197]
[0,517,766,1002,1078,1148,1197]
[0,239,359,517,766,1078,1148,1197]
[0,239,517,651,1197]
[0,239,517,1078,1197]
[0,517,766,1078,1197]
[0,239,359,517,766,1006,1078,1148,1197]
[0,359,766,1197]
[0,165,239,359,517,651,766,1006,1078,1148,1197]
[0,239,517,1197]
[0,239,517,766,1078,1148,1197]
[0,165,239,517,766,1078,1148,1197]
[0,239,359,517,651,766,1080,1197]
[0,239,359,517,651,1197]
[0,1078,1197]
[0,517,766,1080,1197]
[0,239,517,651,1078,1197]
[0,165,239,359,517,766,1006,1078,1197]
[0,165,239,517,651,1078,1197]
[0,165,239,517,1078,1197]
[0,517,766,1078,1148,1197]
[0,165,311,517,766,1197]
[0,311,517,766,1197]
[0,165,239,359,517,766,1078,1197]
[0,165,239,359,517,766,1078,1148,1197]
[0,517,651,1078,1197]
[0,239,359,517,766,1006,1078,1197]
[0,239,359,517,766,1080,1197]
[0,165,239,359,517,651,766,1002,1078,1148,1197]
[0,165,239,359,517,651,766,1006,1078,1197]
[0,165,239,359,517,651,766,1078,1197]
[0,239,359,517,766,1078,1197]
[0,239,517,766,1197]
[0,239,359,517,651,766,1002,1080,1197]
[0,517,651,1080,1197]
[0,517,651,1197]
[0,517,1080,1197]
[0,165,239,359,517,651,766,1002,1078,1197]
[0,239,359,517,766,1002,1078,1148,1197]
[0,766,1197]
[0,359,1197]
[0,239,359,517,766,1197]
[0,165,239,359,517,766,1006,1078,1148,1197]
[0,239,517,766,1002,1078,1148,1197]
[0,239,359,517,766,1002,1078,1197]
[0,239,517,766,1078,1197]
[0,517,1197]
[0,239,359,517,651,766,1078,1197]
[0,239,359,517,651,766,1006,1078,1148,1197]
[0,239,517,766,1002,1078,1197]
[0,239,359,517,766,1002,1080,1197]
[0,239,359,517,651,1078,1197]
[0,165,239,517,766,1002,1078,1197]
[0,239,517,766,1080,1197]
[0,165,239,359,517,766,1002,1078,1148,1197]
[0,359,766,1078,1197]
[0,239,517,651,1080,1197]
[0,545,1197]
[0,239,359,517,651,1080,1197]
[0,239,359,517,651,766,1002,1078,1148,1197]
[0,165,311,517,766,1078,1197]
[0,517,766,1002,1078,1197]
[0,359,1078,1197]
[0,239,359,517,651,766,1006,1078,1197]
[0,165,239,359,517,766,1002,1078,1197]
[0,239,359,517,651,766,1002,1078,1197]
[0,517,766,1197]
[0,165,239,517,766,1002,1078,1148,1197]
[0,545,1078,1197]
[0,165,239,359,517,651,1078,1197]
