[0,703,1003,1343]
[0,564,837,1003,1343]
[0,227,564,1014,1343]
[0,227,564,1003,1343]
[0,484,564,1003,1343]
[0,837,1003,1137,1343]
[0,564,1343]
[0,254,564,703,1003,1137,1343]
[0,564,755,1003,1137,1343]
[0,484,564,1343]
[0,755,1003,1343]
[0,484,564,755,1003,1137,1343]
[0,254,564,703,1003,1343]
[0,564,1003,1343]
[0,755,1003,1137,1343]
[0,484,564,837,1003,1137,1343]
[0,564,755,1003,1343]
[0,254,1003,1137,1343]
[0,564,1014,1343]
[0,77,484,564,703,1003,1137,1343]
[0,484,1343]
[0,837,1003,1343]
[0,254,564,1003,1137,1343]
[0,254,564,755,1003,1137,1343]
[0,227,1014,1343]
[0,227,564,1003,1137,1343]
[0,254,1003,1343]
[0,564,837,1003,1137,1343]
[0,77,484,564,755,1003,1137,1343]
[0,77,484,564,837,1003,1137,1343]
[0,77,254,564,755,1003,1137,1343]
[0,1014,1343]
[0,1003,1343]
[0,227,564,755,1003,1343]
[0,484,564,1003,1137,1343]
[0,227,1003,1343]
[0,564,703,1003,1343]
[0,227,564,755,1003,1137,1343]
[0,1003,1137,1343]
[0,227,564,755,1014,1343]
[0,77,254,564,703,1003,1137,1343]
[0,254,564,755,1003,1343]
[0,484,1003,1343]
[0,564,703,1003,1137,1343]
[0,227,1003,1137,1343]
[0,484,1003,1137,1343]
[0,484,564,703,1003,1137,1343]
[0,254,564,1003,1343]
[0,254,564,1343]
[0,703,1003,1137,1343]
