[0,510,1180]
[0,245,510,643,906,1180]
[0,245,608,1180]
[0,245,510,906,1180]
[0,245,510,925,1041,1180]
[0,510,906,1180]
[0,245,510,643,906,1041,1180]
[0,245,510,643,906,1041,1116,1180]
[0,245,510,608,726,980,1180]
[0,245,510,925,980,1041,1116,1180]
[0,245,510,608,980,1180]
[0,245,608,980,1180]
[0,245,510,906,1041,1116,1180]
[0,245,510,925,1041,1116,1180]
[0,245,510,925,1180]
[0,245,510,980,1180]
[0,510,980,1180]
[0,245,510,643,925,1041,1180]
[0,245,510,906,1041,1180]
[0,245,510,925,980,1041,1180]
[0,510,925,1180]
[0,245,510,980,1116,1180]
[0,245,510,643,925,1180]
[0,245,510,980,1041,1180]
[0,608,1180]
[0,245,510,1180]
[0,245,510,980,1041,1116,1180]
[0,245,510,643,726,925,1041,1180]
[0,245,510,726,980,1180]
[0,245,510,608,925,1041,1180]
[0,245,510,608,925,980,1041,1180]
[0,245,510,643,906,980,1041,1116,1180]
[0,245,510,643,906,980,1041,1180]
[0,245,510,608,726,980,1041,1180]
[0,245,510,608,925,980,1041,1116,1180]
[0,510,1041,1180]
[0,245,510,726,1180]
[0,245,510,608,925,1041,1116,1180]
[0,608,980,1180]
[0,245,510,608,980,1041,1180]
