[0,633,1085,1490,2173,3353]
[0,254,479,633,1085,2173,3353]
[0,633,1085,1490,1821,2392,3353]
[0,254,633,1085,1534,2392,3192,3353]
[0,254,633,1085,1534,1821,2173,2533,3353]
[0,1085,1534,2173,3353]
[0,633,1085,1490,1821,2173,2533,3192,3353]
[0,254,479,633,1085,1490,1821,2173,2533,3353]
[0,254,479,633,1085,1534,2392,3192,3353]
[0,254,633,1085,1490,1821,2173,3353]
[0,1085,1490,2173,3353]
[0,1085,1490,1821,2173,2533,3192,3353]
[0,633,1085,1534,1821,2173,2533,3192,3353]
[0,254,633,1085,1534,2392,3353]
[0,254,479,633,1085,1490,1821,2392,2533,3192,3353]
[0,254,633,1085,1490,2392,3353]
[0,633,1085,1534,2173,3353]
[0,254,479,633,1085,1534,1821,2173,2533,3192,3353]
[0,254,633,1085,1490,1821,2173,2533,3353]
[0,254,1085,1490,1821,2173,2533,3192,3353]
[0,1085,2392,3353]
[0,633,1085,1534,1821,2173,3353]
[0,254,479,633,1085,1490,1821,2173,2392,2533,3192,3353]
[0,254,479,633,1085,1534,1821,2392,3192,3353]
[0,254,633,1085,1534,1821,2173,2533,3192,3353]
[0,479,633,1085,3353]
[0,1085,3353]
[0,1777,2392,3353]
[0,254,633,1085,1534,1821,2392,3192,3353]
[0,633,1085,1534,1821,2392,3192,3353]
[0,254,633,1085,2173,3353]
[0,254,479,633,1085,1534,1821,2392,2533,3192,3353]
[0,1085,1534,1821,2173,2466,3353]
[0,254,633,1085,1490,1821,2392,3353]
[0,254,479,633,1085,1490,2392,3192,3353]
[0,254,1085,1534,1821,2173,3353]
[0,1085,2173,2533,3192,3353]
[0,633,1085,1534,2392,3353]
[0,479,3353]
[0,479,633,1085,1534,2392,3353]
[0,254,633,1085,1490,1821,2173,2533,3192,3353]
[0,254,479,1085,1534,1821,2173,3353]
[0,633,1085,1534,1821,2173,2533,3353]
[0,254,633,1085,1534,2173,3353]
[0,254,479,633,1085,1534,1821,2173,3353]
[0,1085,2173,2533,3353]
[0,254,479,633,1085,1490,1821,2173,2533,3192,3353]
[0,254,479,633,1085,1534,2392,3353]
[0,1085,1490,1821,2173,3353]
[0,633,1085,1534,1821,2392,3353]
[0,254,479,633,1085,1534,2392,2533,3192,3353]
[0,254,479,1085,1534,1821,2173,2466,3192,3353]
[0,254,479,633,1085,1490,2173,3353]
[0,254,633,1085,1490,2392,3192,3353]
[0,254,479,633,1085,1490,1821,2392,3192,3353]
[0,254,479,633,1085,1490,2392,2533,3353]
[0,254,633,1085,1534,1821,2173,3353]
[0,2173,3353]
[0,1085,1490,1821,2173,2533,3353]
[0,633,1085,1490,1821,2392,3192,3353]
[0,254,479,633,1085,1490,1821,2173,3353]
[0,1085,1534,2173,2466,3353]
[0,633,1085,2392,3353]
[0,479,633,1085,1534,2392,2533,3353]
[0,633,1085,1490,2173,2533,3353]
[0,254,479,633,1085,1534,2173,3353]
[0,254,479,633,1085,1534,1821,2392,3353]
[0,479,633,1085,2173,3353]
[0,254,479,633,1085,1534,1821,2173,2392,2533,3192,3353]
[0,633,1085,1534,2392,3192,3353]
[0,254,1085,1534,1821,2173,2466,3353]
[0,254,479,1085,1490,1821,2173,2533,3192,3353]
[0,479,633,1085,1490,2392,2533,3353]
[0,254,479,633,1085,1534,2392,2533,3353]
[0,633,2173,3353]
[0,1085,1490,2173,2533,3353]
[0,254,1085,1490,1821,2173,2533,3353]
[0,633,1085,1490,1821,2173,3353]
[0,479,1821,2173,3353]
[0,633,1085,1490,2392,3353]
[0,633,1085,1534,2173,2533,3353]
[0,254,633,1085,1534,1821,2392,3353]
[0,2392,3353]
[0,254,479,633,1085,1490,2392,2533,3192,3353]
[0,254,479,1085,1490,1821,2173,2533,3353]
[0,254,479,633,1085,1490,2392,3353]
[0,633,1085,2173,3353]
[0,479,633,1085,1490,2392,3353]
[0,633,1085,3353]
[0,1085,1534,1821,2173,3353]
[0,254,633,1085,1490,2173,3353]
[0,254,479,1085,1534,1821,2173,2466,3353]
[0,254,633,1085,1490,1821,2392,3192,3353]
[0,633,1085,2173,2533,3353]
[0,1085,2173,3353]
[0,479,2173,3353]
[0,254,479,633,1085,1490,1821,2392,3353]
[0,254,479,1085,1534,1821,2173,3192,3353]
[0,479,633,1085,2392,3353]
[0,479,633,1085,2392,2533,3353]
[0,633,1085,1490,1821,2173,2533,3353]
[0,633,1085,1490,2392,3192,3353]
[0,254,479,633,1085,1534,1821,2173,2533,3353]
