[0,83,264,368,428,544,728,997]
[0,264,368,544,728,997]
[0,544,728,997]
[0,264,542,887,997]
[0,83,264,368,542,728,777,997]
[0,83,264,368,544,728,887,997]
[0,264,368,542,887,997]
[0,83,264,368,542,887,997]
[0,83,264,368,542,728,887,997]
[0,368,544,997]
[0,83,264,368,428,544,728,887,997]
[0,264,368,542,728,887,997]
[0,83,264,368,544,728,777,997]
[0,83,264,368,428,542,997]
[0,367,544,997]
[0,264,542,997]
[0,83,542,997]
[0,83,264,368,428,542,728,887,997]
[0,83,264,368,428,542,728,777,997]
[0,264,544,887,997]
[0,264,544,997]
[0,83,544,997]
[0,83,264,368,544,887,997]
[0,83,264,368,428,542,728,997]
[0,83,367,544,997]
[0,264,368,542,728,997]
[0,264,542,728,997]
[0,264,368,542,997]
[0,83,264,368,542,728,997]
[0,83,264,368,428,544,997]
[0,542,728,887,997]
[0,542,887,997]
[0,264,544,728,997]
[0,542,997]
[0,83,264,368,544,728,997]
[0,544,997]
[0,544,728,887,997]
[0,264,542,728,887,997]
[0,264,368,544,997]
[0,542,728,997]
[0,264,544,728,887,997]
[0,264,368,544,887,997]
[0,544,887,997]
[0,264,368,544,728,887,997]
[0,83,264,368,428,544,728,777,997]
[0,83,368,542,997]
[0,83,264,368,542,997]
[0,368,542,997]
[0,83,368,544,997]
[0,83,264,368,544,997]
