[0,298,525,1344,1491,2020,2554]
[0,2063,2554]
[0,298,525,758,970,1344,1491,2020,2554]
[0,98,298,1898,2554]
[0,98,298,525,758,970,1344,1491,2020,2554]
[0,298,1344,2020,2554]
[0,1344,2020,2554]
[0,201,2063,2554]
[0,970,2020,2554]
[0,1050,2554]
[0,298,1491,2020,2554]
[0,1491,2020,2554]
[0,766,2554]
[0,1050,2020,2554]
[0,201,2056,2554]
[0,201,1050,2063,2554]
[0,970,1491,1898,2554]
[0,98,198,298,525,766,970,1344,1491,1898,2554]
[0,98,1491,2554]
[0,298,1344,1491,2020,2554]
[0,298,970,1344,1491,2020,2554]
[0,298,525,766,970,1344,1491,1898,2554]
[0,2020,2554]
[0,766,1898,2554]
[0,298,1344,1898,2554]
[0,1344,1898,2554]
[0,298,970,1898,2554]
[0,201,2020,2554]
[0,1491,1898,2554]
[0,98,298,970,1898,2554]
[0,98,298,525,970,1344,1491,2020,2554]
[0,298,970,1491,2020,2554]
[0,298,2020,2554]
[0,201,1050,2020,2554]
[0,766,970,1491,1898,2554]
[0,1898,2554]
[0,1491,2554]
[0,198,298,525,758,970,1344,1491,2020,2554]
[0,298,525,970,1491,2020,2554]
[0,766,1491,1898,2554]
[0,298,2554]
[0,298,525,758,970,1491,2020,2554]
[0,298,1344,1491,1898,2554]
[0,298,970,1344,1491,1898,2554]
[0,903,2554]
[0,201,2554]
[0,903,2063,2554]
[0,298,970,2020,2554]
[0,298,525,766,970,1491,1898,2554]
[0,298,970,1491,1898,2554]
[0,298,1898,2554]
[0,298,525,970,1491,1898,2554]
[0,2056,2554]
[0,98,298,1344,1491,1898,2554]
[0,298,525,2020,2554]
[0,98,298,525,1344,1491,2020,2554]
[0,298,1050,1491,2020,2554]
[0,766,970,1898,2554]
[0,198,298,525,766,970,1344,1491,1898,2554]
[0,1050,2063,2554]
[0,970,1898,2554]
[0,98,298,766,970,1344,1491,1898,2554]
[0,98,298,970,1344,1491,1898,2554]
[0,1344,2554]
[0,970,2554]
[0,298,766,970,1491,1898,2554]
[0,98,298,525,766,970,1344,1491,1898,2554]
[0,298,1050,2020,2554]
[0,298,525,970,1344,1491,2020,2554]
[0,298,766,970,1344,1491,1898,2554]
[0,298,525,1491,2020,2554]
[0,201,1050,1491,2020,2554]
[0,98,298,1344,1491,2020,2554]
[0,1050,1491,2020,2554]
[0,201,903,2063,2554]
[0,98,298,970,1491,1898,2554]
[0,970,1491,2020,2554]
[0,98,198,298,525,758,970,1344,1491,2020,2554]
