[0,223,381,2092,2492,3008,3171,3866,4285]
[0,434,2092,2492,3171,3866,4285]
[0,223,381,2092,3171,4285]
[0,434,3108,4285]
[0,381,2092,2492,3171,3866,4285]
[0,223,434,2092,2492,3171,3866,4285]
[0,223,434,1720,2092,2492,3008,3171,3866,4285]
[0,2295,3171,4285]
[0,434,2092,3171,3866,4285]
[0,381,1720,2092,2492,3171,3866,4285]
[0,381,1720,2092,2492,3171,3471,3866,4285]
[0,223,381,1720,2092,2492,3008,3171,3471,3866,4285]
[0,3171,4285]
[0,223,434,2092,3171,3866,4285]
[0,2092,3171,4285]
[0,434,2092,3171,4285]
[0,223,434,2092,2492,3008,3171,3866,4285]
[0,1720,3171,4285]
[0,223,434,1720,2092,2492,3171,3471,3866,4285]
[0,3166,4285]
[0,2092,2492,3171,3866,4285]
[0,223,434,1720,2092,2492,3171,3866,4285]
[0,1720,4285]
[0,434,1720,2092,2492,3171,3866,4285]
[0,223,434,1720,2092,2492,3008,3171,3471,3866,4285]
[0,381,2092,3171,3866,4285]
[0,223,381,2092,3171,3866,4285]
[0,381,1720,2092,2492,3008,3171,3471,3866,4285]
[0,1720,2295,3171,4285]
[0,434,1720,2092,2492,3171,3471,3866,4285]
[0,381,2092,2492,3008,3171,3866,4285]
[0,2092,3166,4285]
[0,223,381,1720,2092,2492,3008,3171,3866,4285]
[0,381,2092,3171,4285]
[0,223,381,2092,2492,3171,3866,4285]
[0,3108,4285]
[0,2092,3171,3866,4285]
[0,381,1720,2092,2492,3008,3171,3866,4285]
[0,381,1720,2295,3171,3866,4285]
[0,1720,2295,3171,3866,4285]
