[0,128,241,458,784,1046]
[0,128,253,458,784,904,1046]
[0,241,784,904,1046]
[0,241,545,784,904,1046]
[0,128,241,345,545,729,784,904,1046]
[0,253,784,1046]
[0,128,241,345,784,904,1046]
[0,128,253,458,784,1046]
[0,241,458,784,1046]
[0,253,545,784,1046]
[0,128,253,784,1046]
[0,241,1046]
[0,128,253,1046]
[0,253,458,784,1046]
[0,253,1046]
[0,128,241,458,784,904,1046]
[0,128,784,1046]
[0,128,241,784,904,1046]
[0,128,253,545,784,1046]
[0,128,253,784,904,1046]
[0,128,241,784,1046]
[0,241,545,784,1046]
[0,128,241,345,545,784,904,1046]
[0,241,458,784,904,1046]
[0,128,241,545,784,904,1046]
[0,128,241,1046]
[0,784,1046]
[0,241,784,1046]
