[0,143,838,929,1133,1238,1465]
[0,249,838,1133,1465]
[0,249,1465]
[0,109,662,776,838,929,1058,1133,1238,1415,1465]
[0,662,838,1415,1465]
[0,143,662,838,929,1133,1238,1415,1465]
[0,143,838,1238,1465]
[0,109,662,838,929,1133,1238,1415,1465]
[0,249,662,838,1415,1465]
[0,249,662,838,929,1133,1238,1415,1465]
[0,776,838,929,1133,1238,1415,1465]
[0,662,1465]
[0,109,838,929,1133,1238,1465]
[0,143,1238,1465]
[0,249,662,838,929,1133,1238,1465]
[0,109,776,838,929,1058,1133,1238,1415,1465]
[0,109,662,838,1133,1238,1465]
[0,109,662,838,1238,1465]
[0,776,838,1238,1415,1465]
[0,1201,1465]
[0,109,776,838,929,1058,1133,1238,1465]
[0,143,776,838,1133,1238,1465]
[0,249,662,838,1133,1238,1465]
[0,143,662,838,929,1058,1133,1238,1415,1465]
[0,662,838,929,1133,1238,1415,1465]
[0,838,1133,1238,1465]
[0,109,838,1238,1465]
[0,838,929,1133,1238,1465]
[0,249,662,838,1238,1465]
[0,143,776,838,1133,1238,1415,1465]
[0,143,662,776,838,929,1058,1133,1238,1415,1465]
[0,143,776,838,929,1133,1238,1415,1465]
[0,249,1133,1465]
[0,249,838,1465]
[0,143,662,838,1238,1415,1465]
[0,662,838,1133,1238,1465]
[0,838,1133,1238,1415,1465]
[0,143,838,1238,1415,1465]
[0,109,662,838,929,1058,1133,1238,1465]
[0,776,838,1238,1465]
[0,143,776,838,929,1058,1133,1238,1465]
[0,109,662,776,838,929,1058,1133,1238,1465]
[0,109,776,838,929,1133,1238,1415,1465]
[0,1133,1238,1465]
[0,838,1415,1465]
[0,838,1133,1465]
[0,109,838,929,1058,1133,1238,1465]
[0,1415,1465]
[0,143,662,838,1133,1238,1415,1465]
[0,662,838,1465]
[0,143,776,838,929,1058,1133,1238,1415,1465]
[0,662,838,929,1133,1238,1465]
[0,838,1201,1465]
[0,249,838,1238,1465]
[0,143,838,929,1058,1133,1238,1465]
[0,143,776,838,1238,1465]
[0,662,838,1238,1465]
[0,1133,1465]
[0,838,1465]
[0,838,1238,1465]
[0,143,776,838,929,1133,1238,1465]
[0,838,929,1133,1238,1415,1465]
[0,662,838,1133,1238,1415,1465]
[0,1238,1465]
[0,776,838,929,1133,1238,1465]
[0,143,838,1133,1238,1465]
[0,143,662,838,929,1133,1238,1465]
[0,143,662,838,1133,1238,1465]
[0,838,1238,1415,1465]
[0,249,662,838,1465]
[0,249,662,838,1133,1238,1415,1465]
[0,143,662,838,929,1058,1133,1238,1465]
[0,143,662,776,838,929,1058,1133,1238,1465]
[0,109,838,1133,1238,1465]
[0,143,662,838,1238,1465]
[0,249,662,1465]
[0,109,776,838,929,1133,1238,1465]
[0,143,776,838,1238,1415,1465]
[0,109,662,838,929,1058,1133,1238,1415,1465]
[0,143,1133,1238,1465]
[0,109,662,838,929,1133,1238,1465]
