[0,718,1055,1911]
[0,230,414,1055,1489,1911]
[0,230,414,1055,1632,1911]
[0,414,849,1055,1632,1911]
[0,414,849,1055,1489,1911]
[0,356,1632,1911]
[0,414,1911]
[0,230,849,1055,1632,1911]
[0,356,849,1632,1911]
[0,230,356,414,849,1055,1489,1911]
[0,414,803,1055,1632,1911]
[0,414,566,718,849,1055,1632,1911]
[0,230,356,414,849,1055,1632,1911]
[0,230,566,849,1055,1632,1911]
[0,230,414,718,849,1055,1489,1911]
[0,230,414,1632,1911]
[0,230,718,849,1055,1632,1911]
[0,414,1055,1489,1911]
[0,414,566,849,1055,1632,1911]
[0,305,719,1055,1911]
[0,414,566,849,1055,1489,1911]
[0,414,566,718,849,1055,1489,1911]
[0,719,1055,1632,1911]
[0,356,414,1055,1489,1911]
[0,230,414,718,849,1055,1632,1911]
[0,230,414,566,849,1055,1632,1911]
[0,356,414,1911]
[0,356,1911]
[0,849,1911]
[0,719,1911]
[0,566,1055,1632,1911]
[0,230,414,566,718,849,1055,1489,1911]
[0,1489,1911]
[0,414,1055,1632,1911]
[0,414,1632,1911]
[0,230,1055,1911]
[0,230,414,849,1055,1632,1911]
[0,230,356,414,1911]
[0,230,414,849,1055,1489,1911]
[0,230,414,566,849,1055,1489,1911]
[0,230,356,414,566,718,849,1055,1632,1911]
[0,230,414,566,718,849,1055,1632,1911]
[0,305,719,1055,1632,1911]
[0,230,566,1055,1632,1911]
[0,356,414,1489,1911]
[0,414,1489,1911]
[0,566,1055,1911]
[0,718,1055,1632,1911]
[0,230,1911]
[0,1055,1489,1911]
[0,230,356,414,566,718,849,1055,1489,1911]
[0,1055,1632,1911]
[0,414,1055,1911]
[0,1055,1911]
[0,356,849,1911]
[0,230,1055,1632,1911]
[0,230,414,1911]
[0,718,849,1055,1632,1911]
[0,230,356,414,718,849,1055,1489,1911]
[0,414,718,849,1055,1632,1911]
[0,230,356,414,1632,1911]
[0,718,1911]
[0,719,1055,1911]
[0,230,356,414,1055,1489,1911]
[0,230,356,566,849,1055,1632,1911]
[0,230,356,414,1055,1632,1911]
[0,414,718,849,1055,1489,1911]
[0,230,356,414,718,849,1055,1632,1911]
