[0,2075,3745,4285]
[0,435,1095,2075,3394,3745,4285]
[0,435,2075,3069,3394,3745,4127,4285]
[0,435,2075,4285]
[0,435,2075,3416,3745,4127,4285]
[0,435,2075,3394,3745,4127,4285]
[0,2075,4130,4285]
[0,2075,4285]
[0,435,2075,3391,4127,4285]
[0,435,2075,3391,4285]
[0,435,2075,3069,3416,3745,4127,4285]
[0,2075,3069,4285]
[0,435,2075,3391,3745,4285]
[0,1095,2075,3069,4285]
[0,435,2075,3394,4127,4285]
[0,435,2075,3391,3745,4127,4285]
[0,435,1095,2075,3069,4285]
[0,435,2075,3069,3394,3745,4285]
[0,435,1095,2075,3069,3416,3745,4127,4285]
[0,435,2075,3069,3416,4285]
[0,435,2075,3416,4127,4285]
[0,435,2075,4130,4285]
[0,435,2075,3745,4285]
[0,435,2075,3394,4124,4285]
[0,1095,4285]
[0,435,2075,3069,4285]
[0,2075,3394,4285]
[0,435,2075,3069,3394,4285]
[0,2075,3416,4285]
[0,435,1095,2075,3394,4285]
[0,1095,2075,3394,4285]
[0,435,1095,2075,3069,3394,3745,4130,4285]
[0,435,2075,3394,3745,4285]
[0,435,1095,2075,3069,3416,4285]
[0,1095,2075,4285]
[0,435,2075,3394,4285]
[0,435,2075,3069,3416,3745,4285]
[0,435,2075,3394,4130,4285]
[0,435,1095,2075,3069,3416,3745,4285]
[0,435,1095,2075,3069,3394,3745,4285]
[0,435,2075,3394,3745,4130,4285]
[0,435,1095,2075,3069,3394,3745,4127,4285]
[0,435,2075,3069,3394,3745,4130,4285]
[0,435,2075,3416,4285]
[0,2075,3391,4285]
[0,435,2075,3416,3745,4285]
