[0,1547,1948,2053]
[0,1583,1640,1816,1948,2053]
[0,1516,1816,1948,2053]
[0,1516,1948,2053]
[0,1510,1583,1816,1888,1948,2053]
[0,1510,1816,1888,1948,2053]
[0,1516,1583,1640,1816,1948,2053]
[0,1516,1816,1888,1948,2053]
[0,1510,1583,1640,1816,1948,2053]
[0,1603,2053]
[0,1550,2053]
[0,1583,2053]
[0,1516,1816,2053]
[0,1550,1948,2053]
[0,1583,1816,1948,2053]
[0,1516,1583,1640,1816,1888,1948,2053]
[0,1510,1583,1640,1816,1888,1948,2053]
[0,1510,2053]
[0,1948,2053]
[0,1516,1583,1816,1888,1948,2053]
[0,1516,1583,1816,1948,2053]
[0,1510,1583,1948,2053]
[0,1603,1948,2053]
[0,1816,2053]
[0,1547,2053]
[0,1510,1583,1816,1948,2053]
[0,1510,1948,2053]
[0,1583,1816,2053]
[0,1516,2053]
[0,1516,1583,1948,2053]
[0,1583,1640,1948,2053]
[0,1583,1948,2053]
[0,1510,1816,2053]
[0,1510,1816,1948,2053]
