[0,106,1138,1271,1343]
[0,106,319,651,902,1190,1271,1343]
[0,319,730,902,1343]
[0,651,1138,1343]
[0,106,730,902,1138,1343]
[0,106,651,864,1138,1343]
[0,379,1343]
[0,319,902,1343]
[0,319,651,864,1138,1343]
[0,106,1343]
[0,319,651,1343]
[0,106,319,730,864,1138,1343]
[0,319,1190,1343]
[0,319,730,902,1138,1343]
[0,106,319,409,730,864,1138,1343]
[0,106,319,409,730,864,1138,1271,1343]
[0,106,319,409,651,902,1190,1343]
[0,319,730,864,1138,1343]
[0,185,1343]
[0,319,902,1190,1343]
[0,319,864,1343]
[0,106,319,730,1343]
[0,106,651,1138,1271,1343]
[0,106,651,1138,1343]
[0,106,1138,1343]
[0,378,1343]
[0,730,902,1138,1343]
[0,106,378,894,1190,1343]
[0,106,730,1271,1343]
[0,106,651,864,1190,1343]
[0,378,864,1343]
[0,319,651,864,1190,1343]
[0,106,378,730,864,1138,1271,1343]
[0,185,1138,1343]
[0,319,651,902,1343]
[0,106,319,1271,1343]
[0,730,1343]
[0,106,319,730,902,1343]
[0,106,651,1190,1343]
[0,730,1138,1343]
[0,106,1190,1343]
[0,106,378,730,864,1138,1343]
[0,106,319,651,902,1138,1343]
[0,106,319,409,651,864,1190,1271,1343]
[0,106,730,902,1138,1271,1343]
[0,319,1138,1343]
[0,106,378,1343]
[0,106,319,730,902,1138,1343]
[0,651,902,1138,1343]
[0,106,319,651,864,1138,1343]
[0,106,319,409,651,902,1138,1343]
[0,378,864,1138,1343]
[0,378,894,1343]
[0,185,730,1190,1343]
[0,319,651,864,1343]
[0,106,319,730,902,1138,1271,1343]
[0,319,902,1138,1343]
[0,106,319,409,730,902,1138,1271,1343]
[0,106,651,902,1138,1343]
[0,106,319,409,651,864,1138,1343]
[0,894,1343]
[0,106,1190,1271,1343]
[0,106,730,1138,1271,1343]
[0,106,651,864,1138,1271,1343]
[0,319,864,1138,1343]
[0,1138,1343]
[0,106,319,409,651,902,1138,1271,1343]
[0,319,730,1343]
[0,319,1343]
[0,106,319,409,730,902,1138,1343]
[0,378,1138,1343]
[0,106,378,864,1138,1271,1343]
[0,106,378,1138,1343]
[0,106,378,1138,1271,1343]
[0,106,319,651,902,1190,1343]
[0,651,902,1190,1343]
[0,106,379,1190,1343]
[0,651,864,1190,1343]
[0,106,730,864,1138,1343]
[0,106,319,409,651,864,1190,1343]
[0,106,651,902,1190,1343]
[0,651,902,1343]
[0,106,319,651,864,1138,1271,1343]
[0,378,730,1343]
[0,106,319,651,864,1190,1343]
[0,379,1190,1343]
[0,651,1190,1343]
[0,106,319,651,902,1138,1271,1343]
[0,106,651,1190,1271,1343]
[0,378,1190,1343]
[0,106,319,730,902,1271,1343]
[0,106,651,864,1190,1271,1343]
[0,902,1343]
[0,319,651,902,1138,1343]
[0,651,1343]
[0,106,730,864,1138,1271,1343]
[0,319,864,1190,1343]
[0,651,864,1343]
[0,1190,1343]
[0,106,378,864,1138,1343]
[0,106,319,409,651,902,1190,1271,1343]
[0,106,651,902,1190,1271,1343]
[0,378,730,894,1343]
[0,106,378,730,894,1190,1343]
[0,106,319,1343]
[0,106,651,902,1138,1271,1343]
[0,106,378,1190,1343]
[0,106,730,1343]
[0,730,864,1138,1343]
[0,106,319,409,651,864,1138,1271,1343]
[0,864,1343]
[0,319,651,902,1190,1343]
[0,1190,1271,1343]
[0,378,730,864,1138,1343]
[0,185,730,1343]
[0,185,1190,1343]
[0,106,730,1138,1343]
[0,378,894,1190,1343]
[0,106,319,651,864,1190,1271,1343]
[0,378,730,894,1190,1343]
[0,106,319,730,1271,1343]
[0,106,319,730,864,1138,1271,1343]
[0,651,864,1138,1343]
