[0,148,257,365,432,539,828,1197]
[0,257,539,828,1001,1059,1197]
[0,257,365,539,828,1197]
[0,365,432,539,828,1001,1059,1197]
[0,148,289,365,432,539,828,1197]
[0,257,539,828,1059,1197]
[0,432,539,828,1001,1059,1197]
[0,257,365,432,539,828,1001,1197]
[0,148,257,365,539,828,1059,1197]
[0,148,289,539,828,1001,1059,1197]
[0,148,289,365,539,828,1197]
[0,365,432,539,828,1197]
[0,257,365,539,828,1001,1197]
[0,289,365,539,828,1001,1059,1197]
[0,148,257,365,539,828,1197]
[0,539,1197]
[0,148,289,365,432,539,828,1001,1197]
[0,1001,1059,1197]
[0,365,1197]
[0,257,365,432,539,828,1001,1059,1197]
[0,289,539,828,1197]
[0,432,539,828,1001,1197]
[0,539,828,1059,1197]
[0,148,257,539,828,1001,1059,1197]
[0,432,539,828,1197]
[0,289,365,432,539,828,1001,1059,1197]
[0,148,289,365,539,828,1001,1197]
[0,148,257,539,828,1059,1197]
[0,148,257,539,828,1197]
[0,148,289,365,432,539,828,1001,1059,1197]
[0,365,1001,1197]
[0,289,365,539,828,1197]
[0,257,539,828,1001,1197]
[0,539,828,1197]
[0,539,1059,1197]
[0,289,365,432,539,828,1197]
[0,148,257,365,539,828,1001,1197]
[0,148,257,539,828,1001,1197]
[0,289,539,828,1001,1059,1197]
[0,148,257,365,432,539,828,1001,1197]
[0,539,1001,1059,1197]
[0,148,289,365,539,828,1001,1059,1197]
[0,148,257,365,432,539,828,1001,1059,1197]
[0,148,289,539,828,1001,1197]
[0,289,365,539,828,1054,1197]
[0,148,289,539,828,1197]
[0,112,289,365,539,828,1054,1197]
[0,539,828,1001,1197]
[0,148,539,1197]
[0,289,365,432,539,828,1001,1197]
[0,257,365,432,539,828,1197]
[0,539,828,1001,1059,1197]
[0,289,539,828,1054,1197]
[0,289,539,828,1001,1197]
[0,112,289,539,828,1054,1197]
[0,112,539,828,1197]
[0,1059,1197]
[0,257,539,828,1197]
[0,365,432,539,828,1001,1197]
[0,289,365,539,828,1001,1197]
