[0,697,1087,1416,2964,3353]
[0,1081,3278,3353]
[0,1087,1416,2379,3353]
[0,697,3278,3353]
[0,3278,3353]
[0,697,1087,1416,1739,2140,2964,3353]
[0,751,3353]
[0,1087,1416,2964,3353]
[0,697,1087,1506,3278,3353]
[0,697,1087,1821,2379,3353]
[0,1087,1416,1821,2140,3353]
[0,697,1087,1416,3278,3353]
[0,1087,3278,3353]
[0,697,1087,1821,2964,3353]
[0,1087,1821,3353]
[0,697,1087,1739,3278,3353]
[0,697,1087,1416,1821,2140,3278,3353]
[0,1087,1821,2379,3353]
[0,697,1087,1416,1821,2379,3278,3353]
[0,697,1087,2140,3353]
[0,697,1087,1416,1739,2140,3278,3353]
[0,697,1087,1416,2140,3353]
[0,1087,3353]
[0,1087,1416,3278,3353]
[0,697,3353]
[0,697,1087,1416,1739,2964,3353]
[0,697,1087,1506,3353]
[0,1087,1416,1739,2140,3353]
[0,751,3278,3353]
[0,697,1087,1739,3353]
[0,697,1087,1416,1821,2140,3353]
[0,697,1087,1416,2379,3353]
[0,1087,2379,3353]
[0,1087,1416,1739,2140,3278,3353]
[0,697,1087,2379,3353]
[0,1087,1416,2140,3278,3353]
[0,1081,1506,3353]
[0,697,1087,1416,1739,2140,3353]
[0,697,1087,1416,2379,3278,3353]
[0,1087,2964,3353]
[0,697,1087,1416,1821,2140,2964,3353]
[0,697,1087,1416,1821,2379,3353]
[0,1081,3353]
[0,697,1087,2964,3353]
[0,1087,1416,1821,2140,3278,3353]
[0,1081,1506,3278,3353]
[0,697,1087,1416,1821,2964,3353]
[0,1087,2140,3353]
[0,697,1087,3353]
[0,1087,1506,3353]
[0,1087,1416,3353]
[0,1087,1506,3278,3353]
[0,697,1087,1416,2140,2964,3353]
[0,1087,1739,3353]
[0,697,1087,2140,2964,3353]
[0,697,1087,3278,3353]
[0,697,1087,1416,3353]
[0,1087,1416,2140,3353]
[0,697,1087,1821,3353]
[0,697,1087,1416,1821,2140,2964,3278,3353]
[0,697,1087,1416,1739,2140,2964,3278,3353]
