[0,1625,1889,2060,2554]
[0,873,1889,2060,2554]
[0,1625,1889,2554]
[0,873,1293,1901,2060,2554]
[0,888,2060,2554]
[0,873,1901,2554]
[0,1221,1901,2060,2554]
[0,1221,1293,1901,2554]
[0,1889,2554]
[0,1221,2060,2554]
[0,993,2554]
[0,873,1901,2060,2554]
[0,993,1889,2554]
[0,873,1625,1889,2554]
[0,873,993,1625,1889,2060,2554]
[0,888,1901,2554]
[0,873,1221,1625,1889,2554]
[0,888,1625,1901,2060,2554]
[0,873,993,1625,1901,2060,2554]
[0,1221,1901,2554]
[0,888,1625,1928,2554]
[0,873,1221,1293,1889,2060,2554]
[0,873,1221,1293,1901,2060,2554]
[0,1221,2554]
[0,873,993,1221,1293,1901,2060,2554]
[0,873,993,1221,1293,1625,1889,2060,2554]
[0,873,1293,2554]
[0,993,1625,1889,2060,2554]
[0,873,1625,2554]
[0,873,993,1221,1293,1889,2060,2554]
[0,873,1625,1889,2060,2554]
[0,873,1889,2554]
[0,873,993,1293,1889,2060,2554]
[0,1221,1293,1889,2554]
[0,873,1293,1889,2060,2554]
[0,1901,2554]
[0,873,1625,1901,2060,2554]
[0,873,1293,1901,2554]
[0,873,993,1293,1901,2060,2554]
[0,873,993,1221,1293,1625,1901,2060,2554]
[0,1221,1293,1901,2060,2554]
[0,873,1221,1625,2554]
[0,873,2554]
[0,1221,1293,2554]
[0,888,1625,1901,2554]
[0,888,1273,1901,2554]
[0,1901,2060,2554]
[0,993,1901,2554]
[0,993,1293,1889,2554]
[0,888,1625,2554]
[0,1889,2060,2554]
[0,873,1625,1901,2554]
[0,888,1273,2554]
[0,873,1221,1625,1889,2060,2554]
[0,873,1221,1625,1901,2060,2554]
[0,888,1901,2060,2554]
[0,873,2060,2554]
[0,873,1221,1625,1901,2554]
[0,888,2554]
[0,1221,1889,2554]
[0,873,1293,1889,2554]
[0,873,993,1221,1625,1889,2060,2554]
[0,873,993,1221,1625,1901,2060,2554]
[0,1221,1293,1889,2060,2554]
[0,1221,1889,2060,2554]
[0,993,1625,1889,2554]
