[0,131,839,912,1343]
[0,131,405,608,839,1048,1343]
[0,131,405,608,839,912,1048,1132,1244,1343]
[0,131,405,1048,1132,1343]
[0,131,405,604,839,1048,1132,1343]
[0,131,405,604,839,912,1048,1132,1244,1343]
[0,131,405,608,1132,1343]
[0,131,405,604,665,839,912,1048,1132,1244,1343]
[0,405,839,1132,1343]
[0,131,405,608,839,1048,1132,1343]
[0,131,405,608,840,1048,1343]
[0,405,839,1048,1343]
[0,405,608,839,1343]
[0,131,405,608,839,1343]
[0,131,405,604,1048,1132,1343]
[0,131,839,1343]
[0,131,405,604,839,1132,1343]
[0,405,1132,1343]
[0,405,608,1343]
[0,405,1048,1343]
[0,131,405,604,839,1048,1343]
[0,405,604,1132,1343]
[0,405,604,839,1343]
[0,405,604,839,1132,1343]
[0,131,405,608,839,912,1343]
[0,131,1343]
[0,131,405,1343]
[0,131,405,608,1048,1132,1343]
[0,131,405,604,1132,1343]
[0,131,405,604,1343]
[0,131,1048,1132,1343]
[0,1132,1343]
[0,839,1343]
[0,405,604,839,1048,1343]
[0,131,405,912,1343]
[0,131,405,604,839,1343]
[0,405,1343]
[0,131,405,608,1343]
[0,131,405,1048,1343]
[0,131,405,604,839,1132,1244,1343]
[0,405,604,1343]
[0,405,608,1132,1343]
[0,131,1132,1343]
[0,405,608,1048,1343]
[0,405,840,1048,1343]
[0,131,405,608,1048,1343]
[0,405,608,840,1048,1343]
[0,131,405,604,839,912,1343]
[0,405,912,1343]
[0,405,608,839,1132,1343]
[0,405,839,1343]
[0,131,405,604,1132,1244,1343]
[0,131,405,604,839,1048,1132,1244,1343]
[0,405,608,839,1048,1343]
[0,131,405,839,912,1343]
[0,131,405,608,1132,1244,1343]
[0,131,405,608,839,1132,1343]
[0,131,405,608,839,1048,1132,1244,1343]
[0,912,1343]
[0,131,405,608,839,1132,1244,1343]
