[0,1120,2045,2866,4758]
[0,2045,2866,3582,4758]
[0,1358,2866,4758]
[0,1470,2866,4758]
[0,317,2866,4758]
[0,1470,2847,3110,4758]
[0,976,2045,2866,3142,4758]
[0,976,2045,2866,3582,4758]
[0,1120,4758]
[0,1470,2866,3983,4758]
[0,2045,4758]
[0,3142,4758]
[0,976,2866,4758]
[0,1120,2045,2866,3983,4758]
[0,1470,2847,4758]
[0,976,2866,3983,4758]
[0,976,2045,2866,4758]
[0,2045,2866,4758]
[0,1470,4758]
[0,2866,3582,4758]
[0,2866,3142,4758]
[0,2045,2866,3983,4758]
[0,976,2866,3142,4758]
[0,2866,4758]
[0,1358,2866,3983,4758]
[0,1120,2866,4758]
[0,3582,4758]
[0,976,2866,3582,4758]
[0,317,976,2045,2866,3582,4758]
[0,1358,4758]
[0,976,4758]
