[0,105,329,579,766,1151,1197]
[0,516,766,1197]
[0,105,588,837,1151,1197]
[0,240,1197]
[0,105,360,588,837,1004,1197]
[0,105,360,588,766,837,1004,1197]
[0,360,837,1004,1197]
[0,105,329,516,766,1197]
[0,105,588,837,1197]
[0,105,329,516,588,766,1004,1197]
[0,105,329,579,766,1197]
[0,240,588,837,1197]
[0,329,516,766,1004,1197]
[0,105,360,516,588,687,766,837,1004,1197]
[0,588,837,1151,1197]
[0,360,516,766,1197]
[0,105,329,516,743,837,1004,1151,1197]
[0,105,329,516,588,743,837,1004,1197]
[0,105,360,516,766,1004,1197]
[0,105,329,516,588,766,837,1004,1197]
[0,105,329,516,588,743,837,1004,1151,1197]
[0,329,579,766,1197]
[0,743,1197]
[0,329,837,1004,1197]
[0,360,516,837,1004,1197]
[0,329,516,837,1197]
[0,105,329,516,687,766,1004,1197]
[0,105,240,588,837,1197]
[0,360,1197]
[0,516,1197]
[0,360,588,837,1004,1197]
[0,240,743,1151,1197]
[0,105,360,516,588,687,766,837,1004,1151,1197]
[0,105,360,516,766,1197]
[0,837,1197]
[0,329,516,766,1197]
[0,105,588,837,1004,1197]
[0,329,837,1197]
[0,105,360,516,588,766,837,1004,1197]
[0,579,766,1151,1197]
[0,105,360,588,837,1004,1151,1197]
[0,105,329,516,766,837,1004,1197]
[0,105,329,516,588,687,766,837,1004,1197]
[0,105,329,516,743,837,1004,1197]
[0,240,588,837,1004,1197]
[0,588,1197]
[0,588,766,1197]
[0,105,360,588,766,1197]
[0,105,329,516,588,687,766,1004,1197]
[0,837,1151,1197]
[0,766,1197]
[0,105,329,516,766,837,1004,1151,1197]
[0,105,360,516,588,766,837,1004,1151,1197]
[0,588,837,1004,1197]
[0,329,766,1197]
[0,360,837,1197]
[0,105,240,588,837,1004,1151,1197]
[0,105,329,516,766,1004,1197]
[0,105,360,588,766,837,1004,1151,1197]
[0,329,579,837,1197]
[0,105,329,516,588,766,837,1004,1151,1197]
[0,360,588,766,1197]
[0,240,579,766,1151,1197]
[0,360,516,766,1004,1197]
[0,240,766,1197]
[0,360,766,1197]
[0,105,329,837,1004,1197]
[0,105,360,516,687,766,1004,1197]
[0,105,329,579,743,837,1004,1151,1197]
[0,105,240,588,837,1004,1197]
[0,105,329,516,837,1004,1197]
[0,105,516,766,1197]
[0,329,579,837,1004,1197]
[0,329,516,837,1004,1197]
[0,105,329,516,588,687,766,837,1004,1151,1197]
[0,360,588,766,1004,1197]
[0,105,329,766,1197]
[0,516,766,1004,1197]
[0,105,329,579,743,837,1004,1197]
[0,105,240,588,837,1151,1197]
[0,105,360,516,837,1004,1151,1197]
[0,240,743,1197]
[0,105,360,516,837,1004,1197]
[0,105,516,837,1004,1197]
[0,360,588,837,1197]
[0,588,837,1197]
[0,329,1197]
[0,579,766,1197]
[0,240,579,766,1197]
[0,516,837,1197]
[0,105,360,516,588,687,766,1004,1197]
[0,360,766,1004,1197]
[0,516,837,1004,1197]
[0,105,360,516,588,766,1004,1197]
[0,105,360,837,1004,1197]
[0,105,329,579,837,1004,1197]
[0,105,360,588,766,1004,1197]
