[0,1546,1747,1969,2053]
[0,1510,1644,1865,2053]
[0,1546,1644,1747,1969,2053]
[0,1546,1597,1945,2053]
[0,1510,1644,1747,2053]
[0,1510,1644,1747,1969,2053]
[0,1546,1597,1969,2053]
[0,1546,1747,2053]
[0,1546,1597,1644,1945,2053]
[0,1510,1945,2053]
[0,1510,1644,1945,2053]
[0,1510,1969,2053]
[0,1546,1644,1747,2053]
[0,1510,1644,1969,2053]
[0,1546,2053]
[0,1546,1597,1644,1969,2053]
[0,1546,1945,2053]
[0,1546,1969,2053]
[0,1510,2053]
[0,1510,1644,2053]
[0,1510,1865,2053]
[0,1546,1597,1644,1747,1969,2053]
