[0,130,642,897,1032,1091,1564,1642]
[0,642,1032,1642]
[0,130,642,725,897,1032,1091,1136,1564,1642]
[0,897,1032,1564,1642]
[0,130,642,725,897,1032,1642]
[0,130,897,1032,1564,1642]
[0,897,1032,1091,1564,1642]
[0,130,897,1032,1091,1136,1564,1642]
[0,130,897,1032,1642]
[0,130,1642]
[0,642,897,1642]
[0,130,642,725,897,1032,1564,1642]
[0,130,897,1091,1564,1642]
[0,642,897,1032,1642]
[0,897,1032,1091,1136,1564,1642]
[0,897,1032,1642]
[0,130,897,1091,1642]
[0,130,1564,1642]
[0,130,642,897,1032,1564,1642]
[0,642,1642]
[0,130,897,1564,1642]
[0,897,1091,1642]
[0,130,642,897,1032,1642]
[0,897,1564,1642]
[0,130,897,1032,1091,1564,1642]
[0,130,897,1642]
[0,897,1642]
[0,130,642,725,897,1032,1091,1564,1642]
[0,130,642,897,1032,1091,1136,1564,1642]
