[0,397,567,609,2122,2388,2509,2613,2956]
[0,397,567,609,2122,2388,2509,2956]
[0,567,2388,2956]
[0,1317,2956]
[0,397,567,609,1317,2122,2388,2509,2613,2956]
[0,115,609,2122,2388,2956]
[0,397,567,609,1269,1317,2122,2388,2509,2613,2956]
[0,397,609,2122,2388,2956]
[0,567,1317,2388,2956]
[0,397,609,2388,2956]
[0,397,567,609,1269,1317,2388,2956]
[0,397,609,2122,2388,2509,2613,2956]
[0,115,567,1317,2388,2956]
[0,397,609,1317,2388,2956]
[0,397,609,1317,2122,2388,2509,2613,2956]
[0,397,609,1317,2122,2388,2956]
[0,609,1317,2956]
[0,397,609,1269,1317,2122,2388,2509,2956]
[0,397,609,1269,1317,2122,2388,2956]
[0,2388,2956]
[0,609,1317,2122,2388,2956]
[0,397,567,609,1269,1317,2122,2388,2956]
[0,609,2122,2388,2956]
[0,397,609,1269,1317,2122,2388,2509,2613,2956]
[0,397,609,2122,2388,2509,2956]
[0,397,567,609,1269,1317,2122,2388,2509,2956]
[0,397,609,1317,2122,2388,2509,2956]
[0,397,567,609,2122,2388,2956]
[0,609,1317,2388,2956]
[0,609,2388,2956]
[0,115,609,2388,2956]
[0,397,609,1269,1317,2388,2956]
[0,1317,2388,2956]
[0,609,2956]
[0,397,609,2956]
[0,567,2956]
