[0,294,639,865,1180]
[0,101,294,672,1180]
[0,686,1081,1180]
[0,292,639,1180]
[0,686,1180]
[0,101,215,686,1081,1180]
[0,215,686,865,962,1180]
[0,101,215,686,962,1180]
[0,101,215,686,1180]
[0,101,215,686,865,974,1081,1180]
[0,672,865,974,1081,1180]
[0,101,294,686,962,1180]
[0,101,294,686,865,1180]
[0,101,215,686,865,962,1081,1180]
[0,294,686,865,1180]
[0,294,686,865,962,1081,1180]
[0,294,672,1180]
[0,215,672,865,974,1180]
[0,294,639,1180]
[0,101,215,686,865,962,1180]
[0,686,962,1180]
[0,686,865,1180]
[0,101,215,686,865,1180]
[0,101,294,639,865,1180]
[0,215,686,962,1180]
[0,101,294,672,865,974,1180]
[0,215,686,1180]
[0,101,215,672,1180]
[0,215,686,865,1180]
[0,686,865,974,1180]
[0,294,686,962,1081,1180]
[0,101,294,686,865,962,1081,1180]
[0,672,865,974,1180]
[0,672,1180]
[0,639,1180]
[0,294,672,865,1180]
[0,101,215,672,865,1180]
[0,101,215,672,865,974,1180]
[0,639,865,1180]
[0,101,215,686,962,1081,1180]
[0,294,672,865,974,1081,1180]
[0,294,672,865,974,1180]
[0,101,215,672,865,974,1081,1180]
[0,101,294,672,865,1180]
[0,215,672,1180]
[0,686,865,962,1081,1180]
[0,215,686,865,974,1180]
[0,865,1180]
[0,101,294,672,865,974,1081,1180]
[0,101,215,686,865,974,1180]
[0,101,294,686,1180]
[0,215,672,865,1180]
[0,101,294,686,865,962,1180]
[0,686,962,1081,1180]
[0,294,686,865,962,1180]
[0,672,865,1180]
[0,292,639,865,1180]
[0,294,686,1180]
[0,101,294,686,962,1081,1180]
[0,686,865,962,1180]
[0,294,686,962,1180]
