[0,100,979,1046]
[0,309,524,649,838,1046]
[0,100,524,649,838,979,1046]
[0,410,524,649,838,1046]
[0,309,410,524,658,838,1046]
[0,100,524,658,979,1046]
[0,524,649,1046]
[0,100,309,410,524,658,838,1046]
[0,321,524,658,1046]
[0,321,658,1046]
[0,100,634,979,1046]
[0,100,524,658,838,1046]
[0,321,524,658,838,1046]
[0,100,309,524,649,838,979,1046]
[0,309,649,1046]
[0,309,524,658,838,1046]
[0,659,1046]
[0,100,1046]
[0,100,524,658,838,979,1046]
[0,410,524,658,838,1046]
[0,321,524,838,1046]
[0,262,659,1046]
[0,634,1046]
[0,524,1046]
[0,100,309,524,658,1046]
[0,100,321,524,658,1046]
[0,100,309,410,524,658,1046]
[0,100,321,524,658,838,979,1046]
[0,309,524,658,1046]
[0,100,309,524,658,838,1046]
[0,100,309,410,524,649,1046]
[0,309,524,649,1046]
[0,100,309,524,649,1046]
[0,100,309,524,649,838,1046]
[0,100,309,410,524,649,838,979,1046]
[0,649,1046]
[0,100,309,410,524,658,838,979,1046]
[0,658,1046]
[0,309,524,1046]
[0,309,524,838,1046]
[0,410,524,658,1046]
[0,309,410,524,658,1046]
[0,524,658,838,1046]
[0,100,321,524,658,838,1046]
[0,410,524,649,1046]
[0,100,309,410,524,649,838,1046]
[0,309,410,524,649,1046]
[0,309,410,524,649,838,1046]
[0,100,524,649,979,1046]
[0,100,524,649,838,1046]
[0,100,309,524,658,838,979,1046]
[0,524,649,838,1046]
[0,524,658,1046]
[0,100,524,658,1046]
[0,100,524,649,1046]
[0,100,634,1046]
[0,524,838,1046]
[0,309,658,1046]
