[0,256,427,480,625,2189]
[0,279,427,625,2189]
[0,279,625,2189]
[0,625,2189]
[0,427,2189]
[0,1502,2189]
[0,759,2189]
[0,279,715,2189]
[0,256,427,625,715,2189]
[0,256,427,480,625,759,2189]
[0,279,427,480,625,2189]
[0,272,427,625,2189]
[0,279,427,625,715,2189]
[0,272,759,2189]
[0,427,1502,2189]
[0,256,715,2189]
[0,256,759,2189]
[0,272,427,480,625,2189]
[0,279,427,715,2189]
[0,715,2189]
[0,272,427,759,2189]
[0,279,427,480,625,715,2189]
[0,272,427,480,625,759,2189]
[0,256,427,480,625,715,2189]
[0,256,427,625,2189]
[0,256,427,715,2189]
[0,256,427,625,759,2189]
[0,272,625,2189]
[0,256,625,2189]
[0,272,427,625,759,2189]
[0,256,427,759,2189]
