[0,305,644,811,1283,1706,2189]
[0,152,937,1085,2189]
[0,515,2189]
[0,152,644,811,2189]
[0,152,305,515,644,811,1283,2189]
[0,515,1022,2189]
[0,152,644,937,1085,2189]
[0,152,305,515,1283,1706,2189]
[0,152,644,811,976,1283,1706,2189]
[0,152,515,644,937,1085,1706,2189]
[0,305,811,1283,2189]
[0,644,1085,1706,2189]
[0,152,305,644,811,976,1283,1706,2189]
[0,152,305,644,811,1283,1706,2189]
[0,152,1085,2189]
[0,152,515,976,1283,1706,2189]
[0,152,976,1283,1706,2189]
[0,152,644,811,1283,1706,2189]
[0,152,644,937,1085,1706,2189]
[0,515,1022,2005,2189]
[0,976,1706,2189]
[0,515,644,937,1085,2189]
[0,305,811,1283,1706,2189]
[0,644,811,1283,1706,2189]
[0,152,644,811,1283,2189]
[0,644,2189]
[0,305,2189]
[0,152,305,515,591,811,976,1283,1706,2189]
[0,305,644,811,1283,2189]
[0,976,2189]
[0,152,515,644,2189]
[0,515,644,1085,2189]
[0,1085,1706,2189]
[0,152,976,1706,2189]
[0,152,515,976,2189]
[0,811,1283,2189]
[0,152,305,515,644,811,2189]
[0,1085,2005,2189]
[0,644,811,2189]
[0,305,515,976,1283,1706,2189]
[0,152,1283,1706,2189]
[0,152,305,937,1085,1706,2189]
[0,515,1085,1706,2189]
[0,515,811,976,1283,1706,2189]
[0,644,937,1085,2189]
[0,515,1283,1706,2189]
[0,515,644,2189]
[0,152,515,591,1283,1706,2189]
[0,305,515,2189]
[0,152,305,1085,1706,2189]
[0,152,2189]
[0,152,305,515,644,811,976,1283,1706,2189]
[0,305,515,1085,2189]
[0,305,1085,2189]
[0,976,1283,1706,2189]
[0,152,305,811,1283,1706,2189]
[0,1085,2189]
[0,305,644,811,2189]
[0,1283,2189]
[0,152,305,515,2189]
[0,1283,1706,2189]
[0,152,305,515,937,1085,1706,2189]
[0,152,1085,2005,2189]
[0,305,644,2189]
[0,152,305,644,811,2189]
[0,644,811,1283,2189]
[0,152,305,1085,2189]
[0,644,1085,2189]
[0,152,305,515,1085,2189]
[0,1168,2189]
[0,152,305,515,644,937,1085,1706,2189]
[0,152,305,515,1085,1706,2189]
[0,515,976,1283,1706,2189]
[0,515,1085,2189]
[0,152,1283,2189]
[0,152,515,644,937,1085,2189]
[0,152,305,515,644,811,1283,1706,2189]
[0,515,1283,2189]
[0,305,515,1283,1706,2189]
[0,152,305,515,937,1085,2189]
[0,305,1085,1706,2189]
[0,1022,2189]
[0,152,305,515,811,976,1283,1706,2189]
[0,152,305,811,976,1283,1706,2189]
[0,515,1168,2189]
[0,152,644,1085,2189]
[0,152,305,515,644,2189]
[0,152,305,644,811,1283,2189]
[0,811,976,1283,1706,2189]
[0,152,305,515,644,937,1085,2189]
[0,937,1085,2189]
[0,152,305,2189]
[0,811,1283,1706,2189]
[0,152,644,2189]
[0,152,937,1085,1706,2189]
[0,305,1283,1706,2189]
[0,152,976,2189]
[0,305,515,1085,1706,2189]
[0,305,811,976,1283,1706,2189]
[0,305,644,811,976,1283,1706,2189]
[0,305,515,811,976,1283,1706,2189]
[0,644,811,976,1283,1706,2189]
[0,515,976,2189]
[0,152,515,1283,1706,2189]
[0,152,644,1085,1706,2189]
[0,152,305,1283,1706,2189]
[0,152,1085,1706,2189]
[0,152,305,937,1085,2189]
