[0,112,558,638,1343]
[0,112,558,1343]
[0,112,558,880,1343]
[0,108,1343]
[0,108,558,638,962,1024,1343]
[0,558,1024,1343]
[0,112,558,638,880,962,1343]
[0,108,558,880,962,1343]
[0,484,596,1024,1343]
[0,112,484,596,962,1024,1343]
[0,108,558,1343]
[0,108,558,638,1343]
[0,484,1024,1343]
[0,108,558,638,1024,1343]
[0,112,558,638,880,962,1024,1343]
[0,112,1343]
[0,484,1343]
[0,108,558,880,1343]
[0,112,558,638,1024,1343]
[0,112,558,638,962,1024,1343]
[0,558,1343]
[0,484,596,1343]
[0,112,484,1343]
[0,558,880,1343]
[0,112,484,596,1343]
[0,112,558,1024,1343]
[0,108,558,638,880,1343]
[0,108,558,638,880,962,1343]
[0,112,558,880,962,1343]
[0,108,558,1024,1343]
[0,108,558,638,880,962,1024,1343]
[0,112,484,596,1024,1343]
[0,112,558,638,880,1343]
