[0,1432,2096,2228,2760,2824]
[0,1432,2096,2824]
[0,1432,1946,2096,2824]
[0,1432,1808,2228,2824]
[0,1432,1808,2228,2760,2824]
[0,2096,2824]
[0,2096,2228,2824]
[0,1432,1946,2096,2228,2824]
[0,1432,2824]
[0,1432,2760,2824]
[0,1432,1808,2760,2824]
[0,1432,1808,2824]
[0,1432,1554,1808,1946,2096,2228,2760,2824]
[0,1432,1808,1946,2096,2228,2824]
[0,1432,2228,2824]
[0,1432,1808,1946,2096,2824]
[0,1432,1946,2096,2228,2760,2824]
[0,1432,1808,1946,2096,2228,2760,2824]
[0,1432,1554,1808,1946,2096,2228,2824]
[0,1432,2096,2228,2824]
