[0,307,1046]
[0,307,515,1046]
[0,307,515,612,725,870,1046]
[0,725,1046]
[0,200,391,515,725,869,1046]
[0,307,404,725,870,1046]
[0,307,391,725,869,1046]
[0,725,870,1046]
[0,515,869,1046]
[0,392,823,1046]
[0,307,515,725,869,1046]
[0,307,391,515,612,725,824,869,1046]
[0,307,404,515,612,725,869,1046]
[0,307,515,725,1046]
[0,870,1046]
[0,307,725,870,1046]
[0,392,1046]
[0,307,869,1046]
[0,200,515,869,1046]
[0,307,404,515,725,870,1046]
[0,307,515,870,1046]
[0,515,725,869,1046]
[0,307,391,515,725,869,1046]
[0,515,1046]
[0,307,404,725,869,1046]
[0,823,1046]
[0,515,725,1046]
[0,307,391,515,612,725,869,1046]
[0,200,1046]
[0,307,515,612,725,869,1046]
[0,725,869,1046]
[0,307,725,1046]
[0,307,515,725,870,1046]
[0,307,870,1046]
[0,200,515,1046]
[0,307,404,515,725,869,1046]
[0,200,869,1046]
[0,307,515,869,1046]
[0,869,1046]
[0,307,404,515,612,725,870,1046]
[0,307,725,869,1046]
[0,200,515,725,869,1046]
