[0,382,439,486,565,632,745,1180]
[0,382,445,486,565,632,745,1180]
[0,445,1180]
[0,382,486,565,745,1180]
[0,766,1180]
[0,382,486,1180]
[0,745,1180]
[0,382,439,632,745,1180]
[0,382,632,745,1180]
[0,382,565,766,1180]
[0,382,565,745,1180]
[0,382,565,632,745,1180]
[0,632,1180]
[0,382,439,745,1180]
[0,382,439,486,745,1180]
[0,382,445,745,1180]
[0,382,445,1180]
[0,382,486,745,1180]
[0,382,632,1180]
[0,486,1180]
[0,382,439,486,565,745,1180]
[0,382,439,565,632,745,1180]
[0,382,439,565,745,1180]
[0,382,766,1180]
[0,382,445,565,632,745,1180]
[0,382,445,632,745,1180]
[0,382,486,565,632,745,1180]
[0,382,745,1180]
