[0,153,336,423,654,922]
[0,153,423,922]
[0,153,336,424,654,760,847,922]
[0,73,153,336,423,497,654,832,922]
[0,654,922]
[0,153,424,654,922]
[0,153,424,654,760,922]
[0,423,922]
[0,153,336,423,654,766,847,922]
[0,88,153,336,423,497,654,766,847,922]
[0,154,654,922]
[0,153,389,497,654,832,922]
[0,153,336,423,654,832,922]
[0,497,654,922]
[0,153,336,423,654,766,922]
[0,153,336,424,654,760,922]
[0,154,922]
[0,153,497,922]
[0,73,153,389,497,654,832,922]
[0,73,153,336,423,497,654,766,847,922]
[0,424,654,922]
[0,153,424,695,922]
[0,153,423,654,922]
[0,153,336,424,497,654,922]
[0,153,336,423,497,654,766,847,922]
[0,153,497,654,922]
[0,497,922]
[0,153,424,922]
[0,153,336,424,497,654,847,922]
[0,424,922]
[0,153,922]
[0,153,423,654,832,922]
[0,153,423,654,766,847,922]
[0,153,423,654,766,922]
[0,153,336,424,654,922]
[0,153,389,497,654,922]
[0,73,153,336,424,497,654,847,922]
[0,153,336,423,497,654,922]
[0,153,336,424,654,847,922]
[0,424,695,922]
[0,423,654,922]
[0,153,424,654,760,847,922]
[0,153,336,423,497,654,832,922]
