[0,102,476,649,1052,2098,2189]
[0,965,2102,2189]
[0,102,220,639,965,1597,2010,2189]
[0,1052,2189]
[0,639,1846,2189]
[0,102,476,965,2189]
[0,476,649,965,2189]
[0,476,1597,2189]
[0,649,1052,1597,2189]
[0,639,1597,2189]
[0,639,965,1597,1846,2010,2189]
[0,102,220,639,965,1846,2189]
[0,220,639,1846,2189]
[0,102,476,639,965,1597,1846,2010,2189]
[0,102,220,965,2189]
[0,102,220,649,965,2189]
[0,220,639,965,1597,2010,2189]
[0,102,220,639,965,2189]
[0,965,1597,2189]
[0,220,649,965,2189]
[0,102,476,1052,2189]
[0,639,2010,2189]
[0,965,2189]
[0,649,1597,2189]
[0,102,476,965,2010,2189]
[0,102,476,649,1052,1597,2072,2189]
[0,102,220,639,965,1597,2189]
[0,639,965,1597,2189]
[0,639,2098,2189]
[0,220,965,2098,2189]
[0,102,220,965,2102,2189]
[0,639,965,1846,2189]
[0,476,639,965,1597,2010,2189]
[0,639,965,1597,2010,2189]
[0,649,965,2189]
[0,102,639,1846,2189]
[0,102,476,1052,2098,2189]
[0,476,2098,2189]
[0,639,2189]
[0,102,476,649,1052,2072,2189]
[0,476,2189]
[0,476,965,1597,2189]
[0,102,220,639,965,1597,1846,2098,2189]
[0,476,1052,2189]
[0,476,965,1597,2010,2189]
[0,220,639,2010,2189]
[0,965,2010,2189]
[0,102,220,639,965,1597,2098,2189]
[0,102,476,639,965,1597,2010,2189]
[0,102,220,639,965,2010,2189]
[0,639,965,2010,2189]
[0,476,1052,2098,2189]
[0,102,639,2189]
[0,476,965,2010,2189]
[0,102,220,649,965,1117,2189]
[0,220,639,965,1597,1846,2010,2189]
[0,649,2189]
[0,476,965,2098,2189]
[0,649,1741,2189]
[0,649,1052,2189]
[0,102,220,649,965,1117,2098,2189]
[0,476,1052,1741,2189]
[0,102,639,2010,2189]
[0,102,639,2098,2189]
[0,220,639,965,1597,1846,2189]
[0,102,220,649,965,1117,2102,2189]
[0,102,220,639,1846,2189]
[0,102,476,965,1597,2010,2189]
[0,102,220,649,965,2098,2189]
[0,1597,2189]
[0,102,476,649,965,1117,2098,2189]
[0,220,965,2189]
[0,476,649,1052,1597,2189]
[0,102,476,649,1052,2189]
[0,102,476,965,1117,2189]
[0,220,639,965,2010,2189]
[0,639,965,1597,1846,2189]
[0,476,639,965,1597,1846,2010,2189]
[0,639,965,2189]
[0,102,220,639,965,1597,1846,2189]
[0,102,220,965,2098,2189]
[0,220,639,2189]
[0,476,649,1052,2072,2189]
[0,102,476,965,1117,2098,2189]
[0,476,649,1052,2189]
[0,102,476,1052,2072,2189]
[0,102,639,965,2010,2189]
[0,102,476,649,965,1117,2189]
[0,476,965,2189]
[0,649,1052,2072,2189]
[0,476,2072,2189]
[0,102,220,639,2189]
[0,102,476,965,2098,2189]
[0,102,220,649,965,2102,2189]
[0,476,649,965,1117,2189]
[0,102,220,639,965,1597,1846,2010,2189]
[0,220,639,965,2189]
[0,102,220,639,2010,2189]
[0,102,220,639,2098,2189]
[0,102,639,965,1597,2010,2189]
[0,649,1052,1597,2072,2189]
[0,220,639,965,1846,2189]
[0,220,965,2102,2189]
[0,649,2072,2189]
[0,220,649,965,1117,2189]
[0,102,476,649,965,2189]
[0,476,965,1117,2189]
[0,476,1052,2072,2189]
[0,965,2098,2189]
[0,476,649,1052,1597,2072,2189]
[0,220,639,965,1597,2189]
[0,102,220,639,965,2098,2189]
