[0,74,364,858,929,1180]
[0,858,1045,1180]
[0,364,546,852,929,1045,1180]
[0,364,858,929,1045,1180]
[0,74,1180]
[0,364,852,929,1180]
[0,74,364,546,852,985,1180]
[0,74,364,858,929,1045,1180]
[0,74,364,852,985,1180]
[0,364,546,858,1045,1180]
[0,364,546,852,1045,1180]
[0,858,929,1045,1180]
[0,364,546,852,985,1180]
[0,852,929,1180]
[0,74,364,858,1045,1180]
[0,364,858,929,1180]
[0,74,364,858,1180]
[0,364,1180]
[0,74,364,546,858,1045,1180]
[0,74,364,546,852,929,1045,1180]
[0,364,852,1180]
[0,364,852,929,1045,1180]
[0,74,364,858,929,985,1045,1180]
[0,364,852,1045,1180]
[0,364,858,929,985,1045,1180]
[0,74,364,546,858,929,1045,1180]
[0,364,858,1045,1180]
[0,74,364,852,929,1180]
[0,858,929,985,1045,1180]
[0,852,1045,1180]
[0,364,858,1180]
[0,364,546,852,1180]
[0,852,1180]
[0,364,852,985,1180]
[0,74,364,1180]
[0,858,929,1180]
[0,858,1180]
[0,74,364,546,858,929,985,1045,1180]
[0,74,364,852,1180]
[0,364,546,858,1180]
[0,74,364,852,929,1045,1180]
