[0,724,1800,2017]
[0,1420,1800,2017]
[0,45,835,1039,1174,1769,2017]
[0,741,1420,2017]
[0,45,1660,2017]
[0,855,1281,1774,2017]
[0,45,1420,2017]
[0,741,1095,1420,1800,2017]
[0,1660,2017]
[0,1420,2017]
[0,45,1420,1800,2017]
[0,1095,1420,1800,2017]
[0,45,1774,2017]
[0,835,1769,2017]
[0,45,855,1095,1174,1774,2017]
[0,741,1095,1420,2017]
[0,45,724,960,1800,2017]
[0,724,960,1420,1800,2017]
[0,45,855,1039,1769,2017]
[0,1774,2017]
[0,45,1800,2017]
[0,45,724,1800,2017]
[0,724,2017]
[0,855,1095,1774,2017]
[0,855,1039,1174,1769,2017]
[0,45,1769,2017]
[0,45,855,1039,1174,1769,2017]
[0,835,1764,2017]
[0,855,1095,1174,1774,2017]
[0,45,855,1774,2017]
[0,724,960,1420,2017]
[0,1800,2017]
[0,835,1095,2017]
[0,724,960,2017]
[0,1174,2017]
[0,1769,2017]
[0,45,2017]
[0,741,2017]
[0,45,835,1769,2017]
[0,835,1095,1764,2017]
[0,45,835,1095,1764,2017]
[0,835,1039,1174,1769,2017]
[0,855,1281,2017]
[0,45,1174,2017]
[0,724,1420,2017]
[0,552,1420,2017]
[0,855,1774,2017]
[0,1095,1420,2017]
[0,45,741,1095,1420,1800,2017]
[0,45,724,960,1420,1800,2017]
[0,855,1039,1769,2017]
[0,724,960,1800,2017]
[0,855,2017]
[0,45,855,1281,1774,2017]
[0,45,1095,1420,1800,2017]
[0,1764,2017]
[0,855,1769,2017]
[0,835,2017]
[0,835,1039,1769,2017]
[0,45,835,1039,1769,2017]
