[0,974,1983,2956]
[0,276,974,2956]
[0,276,1988,2349,2956]
[0,276,666,790,973,1988,2349,2956]
[0,276,974,1983,2956]
[0,276,790,1988,2349,2956]
[0,276,2349,2956]
[0,974,2956]
[0,975,1983,2956]
[0,975,1983,2349,2956]
[0,974,1988,2349,2956]
[0,276,2956]
[0,790,1180,1983,2956]
[0,973,1988,2956]
[0,1180,1983,2349,2956]
[0,276,1180,1983,2349,2956]
[0,790,1983,2956]
[0,276,975,1983,2956]
[0,1983,2349,2956]
[0,790,1988,2349,2956]
[0,276,1180,2956]
[0,1988,2956]
[0,2349,2956]
[0,276,975,2956]
[0,790,1180,1988,2349,2956]
[0,276,973,2956]
[0,276,666,790,1180,1983,2349,2956]
[0,1180,2956]
[0,276,975,1983,2349,2956]
[0,276,1983,2349,2956]
[0,1180,1988,2956]
[0,276,790,1180,1983,2349,2956]
[0,975,2121,2956]
[0,975,2956]
[0,276,790,973,1988,2349,2956]
[0,276,975,2121,2956]
[0,973,2956]
[0,973,1988,2349,2956]
[0,1983,2956]
[0,276,974,1988,2349,2956]
[0,276,1180,1988,2349,2956]
[0,276,790,1983,2349,2956]
[0,276,666,790,1983,2349,2956]
[0,790,1988,2956]
[0,974,1983,2349,2956]
[0,790,1983,2349,2956]
[0,1180,1983,2956]
[0,790,1180,1983,2349,2956]
[0,1180,1988,2349,2956]
[0,974,1988,2956]
[0,1988,2349,2956]
[0,276,973,1988,2349,2956]
[0,276,974,1983,2349,2956]
[0,2121,2956]
[0,276,790,1180,1988,2349,2956]
[0,276,973,1988,2956]
[0,790,1180,1988,2956]
[0,276,974,1988,2956]
