[0,77,228,328,435,838,996,1625,1911]
[0,77,177,228,328,435,718,867,996,1625,1911]
[0,765,1625,1911]
[0,228,996,1625,1911]
[0,177,228,328,435,996,1625,1911]
[0,328,435,1625,1911]
[0,77,228,328,435,996,1625,1911]
[0,435,996,1625,1911]
[0,435,1911]
[0,996,1911]
[0,228,1911]
[0,77,177,228,328,435,838,996,1625,1911]
[0,328,435,718,867,996,1625,1911]
[0,320,1572,1911]
[0,228,328,435,838,996,1625,1911]
[0,77,228,328,435,1911]
[0,328,435,996,1625,1911]
[0,765,1911]
[0,435,1625,1911]
[0,228,328,435,718,867,996,1625,1911]
[0,366,838,1625,1911]
[0,320,1911]
[0,228,328,435,718,996,1625,1911]
[0,77,435,1625,1911]
[0,77,228,328,435,765,838,996,1625,1911]
[0,996,1625,1911]
[0,77,435,1911]
[0,1572,1911]
[0,228,328,435,1911]
[0,77,177,228,328,435,765,838,996,1625,1911]
[0,228,328,435,1625,1911]
[0,177,228,328,435,1625,1911]
[0,366,838,1911]
[0,435,718,996,1625,1911]
[0,228,328,435,996,1625,1911]
[0,328,435,838,996,1625,1911]
[0,435,838,996,1625,1911]
[0,77,228,328,435,718,996,1625,1911]
[0,228,765,1625,1911]
[0,328,435,718,996,1625,1911]
[0,77,228,765,1911]
[0,77,228,328,435,1625,1911]
[0,838,1911]
[0,328,435,1911]
[0,435,718,867,996,1625,1911]
[0,77,435,996,1625,1911]
[0,435,996,1911]
[0,77,228,765,996,1625,1911]
[0,228,765,1911]
[0,77,228,328,435,718,867,996,1625,1911]
[0,77,177,228,328,435,718,996,1625,1911]
[0,765,996,1625,1911]
[0,177,228,328,435,1911]
[0,838,1625,1911]
[0,77,228,765,1625,1911]
[0,177,366,838,1625,1911]
[0,1625,1911]
[0,228,765,996,1625,1911]
[0,77,765,1911]
[0,228,1625,1911]
[0,77,177,228,328,435,996,1625,1911]
