[0,384,871,1230,2211]
[0,391,871,2211]
[0,324,1913,2211]
[0,324,684,1230,1913,2211]
[0,324,1145,2211]
[0,384,684,871,2211]
[0,871,2211]
[0,391,2211]
[0,684,1230,2211]
[0,384,684,871,1230,1781,1913,2211]
[0,384,684,871,1137,1230,1621,1781,1913,2211]
[0,324,871,1913,2211]
[0,384,1230,2211]
[0,324,684,871,1230,1781,1913,2211]
[0,324,1230,2211]
[0,324,684,871,1145,1781,1913,2211]
[0,634,1101,1913,2211]
[0,684,871,2211]
[0,391,871,1137,1230,2211]
[0,324,871,2211]
[0,384,871,1230,1913,2211]
[0,391,684,871,1137,1230,1621,1781,1913,2211]
[0,384,1230,1913,2211]
[0,384,871,2211]
[0,384,1137,1230,1781,1913,2211]
[0,391,684,871,1230,1621,1913,2211]
[0,324,684,1145,1913,2211]
[0,384,684,871,1230,1913,2211]
[0,1913,2211]
[0,1145,2211]
[0,391,871,1137,1230,1781,1913,2211]
[0,391,684,871,1621,1781,1913,2211]
[0,391,1230,1781,1913,2211]
[0,384,871,1913,2211]
[0,391,871,1230,2211]
[0,384,684,871,1913,2211]
[0,871,1781,2211]
[0,324,1145,1913,2211]
[0,384,684,871,1230,1621,1781,1913,2211]
[0,324,684,871,1913,2211]
[0,384,871,1230,1621,1913,2211]
[0,391,871,1230,1621,1913,2211]
[0,384,684,871,1145,1913,2211]
[0,391,684,871,1230,1781,1913,2211]
[0,391,1230,1913,2211]
[0,391,684,871,1230,1913,2211]
[0,684,2211]
[0,384,871,1230,1781,1913,2211]
[0,391,871,1621,1913,2211]
[0,391,1137,1230,2211]
[0,384,871,1137,1230,1781,1913,2211]
[0,324,684,871,1230,2211]
[0,391,871,1913,2211]
[0,324,684,1145,2211]
[0,384,2211]
[0,384,684,871,1621,1913,2211]
[0,324,684,871,1781,1913,2211]
[0,391,684,871,1621,1913,2211]
[0,324,684,1230,2211]
[0,384,684,871,1230,1621,1913,2211]
[0,1781,2211]
[0,324,2211]
[0,634,1913,2211]
[0,634,1101,2211]
[0,391,684,871,2211]
[0,324,684,871,2211]
[0,384,684,871,1781,1913,2211]
[0,384,684,871,1137,1230,1781,1913,2211]
[0,391,684,871,1781,1913,2211]
[0,634,2211]
[0,391,871,1230,1781,1913,2211]
[0,684,1145,2211]
[0,384,871,1145,1913,2211]
[0,391,684,871,1137,1230,1781,1913,2211]
[0,384,684,871,1145,1781,1913,2211]
[0,391,871,1230,1913,2211]
[0,391,684,871,1230,1621,1781,1913,2211]
[0,324,684,871,1230,1913,2211]
[0,391,871,1137,1230,1913,2211]
[0,391,684,871,1913,2211]
[0,384,684,871,1621,1781,1913,2211]
[0,324,684,871,1145,1913,2211]
[0,391,1230,2211]
[0,871,1913,2211]
[0,384,1230,1781,1913,2211]
[0,1230,2211]
[0,384,871,1621,1913,2211]
