[0,1011,1465]
[0,241,576,758,1011,1375,1465]
[0,241,758,1465]
[0,243,576,1011,1465]
[0,119,320,576,758,1011,1465]
[0,119,320,758,1465]
[0,243,576,1465]
[0,119,1465]
[0,241,758,896,1375,1465]
[0,241,320,576,758,1465]
[0,241,576,758,896,1465]
[0,243,758,1011,1375,1465]
[0,320,1011,1375,1465]
[0,241,758,1011,1375,1465]
[0,320,1375,1465]
[0,758,1011,1465]
[0,320,576,758,1011,1375,1465]
[0,243,758,1465]
[0,320,576,1465]
[0,243,758,1011,1465]
[0,241,758,896,1465]
[0,320,758,1011,1465]
[0,576,758,1011,1375,1465]
[0,119,320,576,758,1465]
[0,241,320,576,758,1011,1465]
[0,241,320,576,758,896,1375,1465]
[0,320,576,758,1011,1465]
[0,119,320,576,758,1011,1375,1465]
[0,119,320,576,758,929,1011,1375,1465]
[0,243,576,758,1011,1465]
[0,320,758,1465]
[0,1375,1465]
[0,243,576,1011,1375,1465]
[0,241,320,758,1465]
[0,576,1465]
[0,320,576,758,1465]
[0,320,576,1011,1465]
[0,243,576,758,1011,1375,1465]
[0,576,758,1465]
[0,320,1011,1465]
[0,576,1011,1465]
[0,119,320,1465]
[0,241,320,576,758,1011,1375,1465]
[0,241,758,1011,1465]
[0,243,576,1375,1465]
[0,241,320,576,758,896,1465]
[0,241,1465]
[0,758,1465]
[0,576,758,1011,1465]
[0,243,1465]
[0,320,576,1011,1375,1465]
[0,320,1465]
[0,241,576,758,1011,1465]
[0,241,320,1465]
[0,243,1375,1465]
[0,241,576,758,1465]
[0,241,576,758,896,1375,1465]
