[0,493,534,882,995,1046]
[0,622,1046]
[0,293,357,493,534,622,882,985,1046]
[0,293,426,534,622,882,985,1046]
[0,293,357,534,622,816,1046]
[0,293,357,534,622,882,1046]
[0,293,534,622,762,882,985,1046]
[0,293,534,762,1046]
[0,293,534,762,882,995,1046]
[0,293,762,816,1046]
[0,293,357,493,534,762,882,995,1046]
[0,493,882,1046]
[0,493,534,882,985,1046]
[0,493,882,995,1046]
[0,293,357,534,622,762,816,882,995,1046]
[0,995,1046]
[0,534,622,882,1046]
[0,293,1046]
[0,293,534,882,1046]
[0,622,882,985,1046]
[0,293,534,816,1046]
[0,293,357,493,534,762,816,882,985,1046]
[0,493,1046]
[0,293,357,493,534,622,762,816,882,995,1046]
[0,293,357,493,534,882,995,1046]
[0,293,534,622,882,985,1046]
[0,293,357,534,622,882,995,1046]
[0,293,622,1046]
[0,293,534,762,882,985,1046]
[0,293,493,534,622,882,995,1046]
[0,293,882,995,1046]
[0,882,1046]
[0,293,357,882,1046]
[0,762,816,1046]
[0,985,1046]
[0,293,762,882,1046]
[0,293,357,493,534,622,762,816,882,985,1046]
[0,293,357,493,534,882,985,1046]
[0,293,534,622,762,816,882,995,1046]
[0,293,357,882,985,1046]
[0,293,622,882,1046]
[0,762,1046]
[0,293,882,985,1046]
[0,293,357,534,762,882,995,1046]
[0,293,534,882,995,1046]
[0,293,426,534,622,882,995,1046]
[0,293,426,534,622,882,1046]
[0,293,816,1046]
[0,293,882,1046]
[0,293,357,493,882,995,1046]
[0,293,493,534,882,985,1046]
[0,293,357,534,622,762,816,882,1046]
[0,293,357,493,1046]
[0,493,534,995,1046]
[0,293,357,534,762,1046]
[0,534,622,882,995,1046]
[0,534,882,1046]
[0,534,1046]
[0,493,995,1046]
[0,293,534,622,816,1046]
[0,293,534,622,882,1046]
[0,293,357,534,1046]
[0,293,357,534,762,882,985,1046]
[0,293,357,493,534,762,882,985,1046]
[0,293,534,622,882,995,1046]
[0,293,534,882,985,1046]
[0,293,357,1046]
[0,622,882,995,1046]
[0,534,622,1046]
[0,293,534,995,1046]
[0,293,357,493,534,622,882,995,1046]
[0,293,493,534,995,1046]
[0,293,357,534,622,882,985,1046]
[0,293,995,1046]
[0,293,493,1046]
[0,493,534,1046]
[0,493,985,1046]
[0,293,426,534,882,1046]
[0,882,995,1046]
[0,293,357,534,622,762,816,1046]
[0,293,357,534,622,762,882,1046]
[0,293,357,493,882,1046]
[0,293,534,762,816,882,1046]
[0,293,534,1046]
[0,293,357,534,762,816,882,995,1046]
[0,293,493,882,1046]
[0,293,357,534,762,882,1046]
[0,293,357,493,534,995,1046]
[0,882,985,1046]
[0,293,357,534,762,816,1046]
[0,293,566,1046]
[0,293,534,622,762,816,882,1046]
[0,293,762,882,995,1046]
[0,293,357,534,622,762,816,882,985,1046]
[0,493,882,985,1046]
[0,293,426,534,1046]
[0,293,357,493,534,762,816,882,995,1046]
[0,293,426,493,534,622,882,995,1046]
[0,293,357,534,762,816,882,985,1046]
[0,293,534,762,816,882,995,1046]
[0,493,534,622,882,995,1046]
[0,293,534,762,816,1046]
[0,293,357,534,762,816,882,1046]
[0,293,357,493,882,985,1046]
[0,293,534,762,882,1046]
[0,493,534,985,1046]
[0,534,622,882,985,1046]
[0,293,493,534,622,882,985,1046]
[0,293,357,534,622,1046]
[0,293,357,882,995,1046]
[0,293,762,882,985,1046]
[0,293,534,622,1046]
[0,293,534,622,762,816,882,985,1046]
[0,293,426,493,534,622,882,985,1046]
[0,293,534,762,816,882,985,1046]
[0,493,534,622,882,985,1046]
[0,622,882,1046]
[0,293,534,622,762,816,1046]
[0,293,534,622,762,882,1046]
[0,293,357,534,622,762,882,985,1046]
[0,293,357,534,995,1046]
