[0,269,616,935,1875]
[0,269,616,1327,1519,1875]
[0,616,1875]
[0,255,1875]
[0,269,510,616,781,935,1219,1327,1519,1875]
[0,255,616,935,1519,1875]
[0,255,616,884,1875]
[0,269,616,935,1327,1875]
[0,616,884,1519,1875]
[0,616,884,1875]
[0,269,616,781,935,1327,1519,1875]
[0,563,1875]
[0,269,616,1771,1875]
[0,269,616,935,1219,1327,1519,1875]
[0,269,616,935,1327,1519,1875]
[0,269,616,935,1771,1875]
[0,255,643,1875]
[0,190,269,616,781,935,1219,1327,1519,1771,1875]
[0,255,616,884,1327,1519,1787,1875]
[0,269,616,935,1327,1519,1771,1875]
[0,255,616,935,1327,1519,1875]
[0,255,616,884,1519,1875]
[0,616,884,1327,1875]
[0,269,616,935,1219,1327,1519,1771,1875]
[0,255,616,884,1327,1519,1875]
[0,616,1519,1875]
[0,255,616,1327,1519,1787,1875]
[0,255,616,1519,1875]
[0,269,616,1519,1875]
[0,269,1875]
[0,616,935,1519,1875]
[0,255,616,884,1787,1875]
[0,255,643,1787,1875]
[0,255,616,1327,1519,1875]
[0,255,616,884,1327,1875]
[0,190,269,510,616,781,935,1219,1327,1519,1771,1875]
[0,255,616,1875]
[0,255,616,884,1327,1787,1875]
[0,269,616,781,935,1219,1327,1519,1771,1875]
[0,269,616,1327,1519,1787,1875]
[0,643,1875]
[0,616,1327,1875]
[0,269,510,616,781,935,1219,1327,1519,1771,1875]
[0,255,616,935,1327,1519,1787,1875]
[0,269,616,1875]
[0,255,616,1787,1875]
[0,269,616,781,935,1219,1327,1519,1875]
[0,616,935,1327,1875]
[0,269,616,935,1519,1875]
[0,616,935,1875]
[0,269,616,935,1327,1771,1875]
[0,190,269,616,935,1219,1327,1519,1771,1875]
[0,269,616,935,1327,1519,1787,1875]
