[0,593,882,989,1161,1209,1419]
[0,593,882,1209,1419]
[0,593,882,1161,1209,1419]
[0,593,882,1419]
[0,593,882,1243,1419]
[0,565,882,1419]
[0,593,882,989,1209,1419]
[0,891,1419]
[0,891,1243,1419]
[0,537,1159,1419]
[0,1243,1419]
[0,882,1419]
[0,537,882,1209,1419]
[0,593,882,1159,1209,1419]
[0,593,891,986,1209,1419]
[0,1159,1419]
[0,593,891,1243,1419]
[0,593,891,1209,1419]
[0,593,891,986,1163,1209,1419]
[0,593,891,1419]
[0,593,1209,1419]
[0,593,891,1163,1209,1419]
[0,882,1243,1419]
[0,565,882,1209,1419]
[0,882,1209,1419]
[0,593,1243,1419]
[0,537,1419]
[0,593,1419]
[0,537,882,1419]
[0,1209,1419]
