[0,297,521,688,955,1343]
[0,297,521,688,791,961,1343]
[0,733,1343]
[0,297,688,961,1343]
[0,297,455,521,688,791,961,1259,1343]
[0,297,521,688,961,1343]
[0,84,297,552,688,791,961,1259,1343]
[0,84,297,455,521,688,791,961,1259,1343]
[0,297,1343]
[0,297,521,733,1343]
[0,688,961,1343]
[0,84,297,521,688,791,961,1259,1343]
[0,138,1237,1343]
[0,138,1259,1343]
[0,297,552,688,961,1343]
[0,297,733,1343]
[0,297,521,733,961,1259,1343]
[0,297,688,961,1259,1343]
[0,587,889,1343]
[0,138,688,1259,1343]
[0,297,552,688,1343]
[0,587,1343]
[0,84,138,297,455,521,688,791,961,1259,1343]
[0,297,552,688,791,961,1259,1343]
[0,138,1343]
[0,297,521,688,961,1259,1343]
[0,138,587,1237,1343]
[0,297,521,688,955,1259,1343]
[0,688,1343]
[0,297,552,688,791,961,1343]
[0,138,587,889,1343]
[0,655,1343]
[0,297,521,733,961,1343]
[0,138,587,1343]
[0,297,733,961,1343]
[0,297,552,688,961,1259,1343]
[0,84,138,297,552,688,791,961,1259,1343]
[0,138,688,961,1259,1343]
[0,297,688,955,1343]
[0,138,587,889,1237,1343]
[0,263,1343]
[0,138,688,961,1343]
[0,297,521,688,791,961,1259,1343]
[0,297,521,688,1343]
[0,138,688,1343]
[0,297,688,1343]
[0,138,655,1343]
[0,84,138,297,521,688,791,961,1259,1343]
