[0,66,229,677,773,1249]
[0,160,229,677,773,911,1112,1249]
[0,96,229,677,911,1249]
[0,214,677,911,1112,1249]
[0,160,229,677,911,1112,1249]
[0,229,677,788,911,1112,1249]
[0,66,229,677,788,1112,1249]
[0,229,677,1249]
[0,214,677,911,1249]
[0,66,229,677,788,1249]
[0,58,229,677,773,1249]
[0,66,229,279,677,773,911,1112,1249]
[0,214,677,1249]
[0,160,229,677,773,1112,1249]
[0,229,788,1112,1249]
[0,229,677,911,1112,1249]
[0,229,677,773,911,1112,1249]
[0,66,229,677,773,911,1112,1249]
[0,58,229,677,773,911,1112,1249]
[0,96,229,677,773,911,1112,1249]
[0,229,677,773,1249]
[0,160,229,677,773,1249]
[0,229,677,773,1112,1249]
[0,229,677,788,1112,1249]
[0,677,1249]
[0,229,773,1249]
[0,229,677,788,1249]
[0,96,229,677,773,1249]
[0,58,229,773,1249]
[0,677,911,1249]
[0,229,677,911,1249]
[0,96,229,677,911,1112,1249]
[0,66,229,677,788,911,1112,1249]
[0,229,773,1112,1249]
[0,229,788,1249]
[0,96,229,677,773,1112,1249]
[0,773,1249]
[0,58,229,677,773,1112,1249]
[0,66,229,677,773,1112,1249]
[0,788,1249]
