[0,223,363,443,553,815,969]
[0,117,223,363,443,553,815,969]
[0,117,223,363,443,815,969]
[0,117,223,363,483,553,707,815,969]
[0,117,223,363,483,553,815,969]
[0,223,363,483,553,815,969]
[0,363,483,815,969]
[0,117,223,363,815,969]
[0,363,443,815,969]
[0,223,363,443,815,969]
[0,223,363,483,815,969]
[0,553,815,969]
[0,443,553,815,969]
[0,223,363,553,707,815,969]
[0,363,815,969]
[0,553,969]
[0,223,363,553,815,969]
[0,363,553,969]
[0,117,223,363,483,815,969]
[0,363,483,553,815,969]
[0,483,553,815,969]
[0,363,553,815,969]
[0,223,363,815,969]
[0,815,969]
[0,363,443,553,815,969]
[0,117,223,363,553,707,815,969]
[0,363,969]
[0,117,223,363,443,553,707,815,969]
[0,117,223,363,553,815,969]
