[0,340,586,1389,1632]
[0,613,1632]
[0,81,587,1389,1632]
[0,81,141,340,586,1389,1632]
[0,263,1632]
[0,81,586,1389,1632]
[0,81,587,1321,1389,1632]
[0,81,141,586,1321,1389,1632]
[0,586,1389,1632]
[0,81,141,263,340,587,1321,1389,1632]
[0,81,141,340,587,1321,1389,1632]
[0,95,587,1389,1632]
[0,81,340,586,1321,1389,1632]
[0,81,340,586,1389,1632]
[0,81,263,340,587,1389,1632]
[0,340,586,1632]
[0,81,263,340,586,1321,1389,1632]
[0,586,1632]
[0,613,1389,1632]
[0,81,586,1321,1389,1632]
[0,81,141,263,340,586,1321,1389,1632]
[0,81,263,340,587,1321,1389,1632]
[0,81,340,587,1321,1389,1632]
[0,81,263,340,586,1389,1632]
[0,263,1389,1632]
[0,587,1389,1632]
[0,126,613,1389,1632]
[0,81,141,340,587,1389,1632]
[0,81,141,340,586,1321,1389,1632]
[0,340,587,1389,1632]
[0,340,587,1632]
[0,587,1632]
[0,81,340,587,1389,1632]
[0,81,141,587,1321,1389,1632]
