[0,151,433,920,1136,1180]
[0,1047,1180]
[0,151,316,433,536,920,994,1180]
[0,151,433,536,585,994,1136,1180]
[0,151,193,433,536,994,1136,1180]
[0,433,536,920,994,1180]
[0,316,433,920,994,1136,1180]
[0,920,1136,1180]
[0,151,920,1136,1180]
[0,151,433,536,920,1180]
[0,151,994,1180]
[0,433,920,994,1136,1180]
[0,316,433,536,920,1180]
[0,151,316,433,536,585,920,994,1180]
[0,994,1136,1180]
[0,151,433,994,1136,1180]
[0,151,193,433,536,585,994,1136,1180]
[0,151,433,536,920,994,1180]
[0,433,536,994,1180]
[0,151,193,994,1180]
[0,151,994,1136,1180]
[0,151,585,920,1136,1180]
[0,151,433,536,585,920,994,1136,1180]
[0,151,585,920,1180]
[0,151,193,994,1136,1180]
[0,433,536,585,920,1180]
[0,433,994,1180]
[0,433,536,585,920,994,1180]
[0,316,433,920,994,1180]
[0,433,994,1136,1180]
[0,316,433,536,585,920,994,1136,1180]
[0,151,193,433,994,1136,1180]
[0,151,920,1180]
[0,316,433,536,920,994,1180]
[0,585,1180]
[0,151,433,536,994,1136,1180]
[0,151,433,536,585,920,994,1180]
[0,316,433,536,585,920,994,1180]
[0,433,1180]
[0,151,433,536,585,920,1180]
[0,994,1180]
[0,433,920,1180]
[0,433,536,585,920,994,1136,1180]
[0,433,536,920,1180]
[0,151,433,920,1180]
[0,433,536,585,994,1180]
[0,151,433,920,994,1136,1180]
[0,151,193,1180]
[0,151,1180]
[0,151,193,433,536,585,920,994,1136,1180]
[0,151,316,433,920,1180]
[0,151,193,316,433,536,585,920,994,1136,1180]
[0,920,994,1136,1180]
[0,151,433,536,585,994,1180]
[0,151,433,920,994,1180]
[0,151,433,536,994,1180]
[0,433,920,994,1180]
[0,433,536,585,994,1136,1180]
[0,151,433,994,1180]
[0,433,536,994,1136,1180]
[0,920,994,1180]
[0,920,1180]
[0,316,433,920,1180]
[0,536,585,920,1180]
[0,585,920,1180]
[0,151,316,433,536,920,1180]
[0,151,1136,1180]
[0,316,433,536,585,920,1180]
[0,151,316,433,536,585,920,994,1136,1180]
