[0,391,757,1248,1517,2120]
[0,664,1248,1533,2120]
[0,391,526,664,757,1248,1426,1533,2120]
[0,1533,2120]
[0,526,1248,1533,2120]
[0,391,664,757,1248,1533,2120]
[0,391,664,757,1533,2120]
[0,391,526,664,757,1248,1533,2120]
[0,391,526,1517,2120]
[0,391,1517,2120]
[0,757,1517,2120]
[0,526,1517,2120]
[0,757,1248,1517,2120]
[0,391,526,1248,1426,2120]
[0,57,391,1248,1517,2120]
[0,391,1248,1517,2120]
[0,1248,1426,2120]
[0,1517,2120]
[0,391,757,1517,2120]
[0,391,526,1426,2120]
[0,757,1248,2120]
[0,757,1426,2120]
[0,391,526,2120]
[0,526,1426,2120]
[0,391,664,1533,2120]
[0,526,1248,1517,2120]
[0,391,1248,2120]
[0,391,526,1248,1533,2120]
[0,1248,2120]
[0,391,757,2120]
[0,664,1533,2120]
[0,1426,2120]
[0,1248,1533,2120]
[0,391,757,1248,2120]
[0,526,2120]
[0,391,664,1248,1533,2120]
[0,757,2120]
[0,391,526,1248,1426,1533,2120]
[0,57,391,757,1248,1517,2120]
[0,391,664,1248,1517,2120]
[0,391,526,664,1248,1426,1533,2120]
[0,57,1248,1517,2120]
[0,391,664,1517,2120]
[0,526,1248,1426,2120]
[0,391,526,1248,1517,2120]
[0,391,526,664,1248,1533,2120]
[0,391,526,1533,2120]
[0,1248,1517,2120]
[0,664,1517,2120]
[0,664,2120]
[0,526,1533,2120]
