[0,316,2876,4758]
[0,89,316,1050,2510,2876,3874,4758]
[0,316,1050,2510,2876,3874,4758]
[0,96,1050,2510,2876,3959,4758]
[0,2876,3959,4758]
[0,96,2510,2876,4758]
[0,1050,2510,2876,3874,4758]
[0,1080,2876,3959,4758]
[0,2899,3959,4758]
[0,1080,2899,3959,4758]
[0,1050,2510,2876,4758]
[0,2510,2876,3574,4758]
[0,316,2876,3874,4758]
[0,96,1080,2510,2899,3959,4758]
[0,2876,4758]
[0,1050,2876,3574,4758]
[0,1050,2510,2876,3574,4758]
[0,1050,2876,3959,4758]
[0,2510,2876,3959,4758]
[0,96,4758]
[0,2510,2899,4758]
[0,89,316,1050,2510,2876,3574,4758]
[0,316,1050,2510,2876,3574,4758]
[0,316,1050,2510,2876,4758]
[0,1050,2899,4758]
[0,316,1050,2510,2876,3959,4758]
[0,2510,2899,3959,4758]
[0,1050,2510,2876,3959,4758]
[0,96,1080,2876,3959,4758]
[0,96,1050,2510,2899,3959,4758]
[0,1050,2899,3959,4758]
[0,89,316,1050,2510,2876,3959,4758]
[0,1080,2510,2899,3959,4758]
[0,2876,3874,4758]
[0,1080,2876,4758]
[0,316,1050,2876,3874,4758]
[0,2510,2876,4758]
[0,96,2876,4758]
[0,96,2510,2899,4758]
[0,316,1050,2876,4758]
[0,1050,2876,3874,4758]
[0,96,2510,2876,3959,4758]
[0,2510,2876,3874,4758]
[0,89,316,1050,2510,2876,3110,3959,4758]
[0,96,1080,2876,4758]
[0,316,1050,2510,2876,3110,3959,4758]
[0,2899,4758]
[0,1050,2510,2899,3959,4758]
[0,96,2510,2899,3959,4758]
[0,1050,2876,4758]
[0,1080,2899,4758]
[0,2876,3574,4758]
