[0,120,185,466,580,698,761,832,1264]
[0,120,185,466,580,761,831,1264]
[0,580,761,1264]
[0,120,1102,1264]
[0,761,1102,1264]
[0,120,466,1264]
[0,466,580,761,832,1264]
[0,120,466,580,761,832,1264]
[0,120,761,832,1264]
[0,832,1264]
[0,580,761,832,1264]
[0,451,1264]
[0,761,831,1264]
[0,120,580,1264]
[0,160,466,831,1102,1264]
[0,160,466,580,1264]
[0,160,466,831,1264]
[0,160,831,1102,1264]
[0,761,1264]
[0,160,466,580,761,831,1264]
[0,466,1264]
[0,120,761,1102,1264]
[0,1102,1264]
[0,160,1264]
[0,580,761,831,1264]
[0,160,1102,1264]
[0,160,580,761,1264]
[0,120,1264]
[0,120,185,466,580,761,832,1264]
[0,466,831,1102,1264]
[0,160,466,580,761,1264]
[0,466,831,1264]
[0,466,580,1264]
[0,466,580,761,831,1264]
[0,120,185,466,580,698,761,831,1264]
[0,120,466,580,761,831,1264]
[0,160,466,720,831,1102,1264]
[0,120,832,1264]
[0,761,832,1264]
[0,831,1264]
[0,160,761,1102,1264]
[0,580,1264]
[0,160,720,831,1264]
[0,160,831,1264]
[0,160,580,1264]
[0,120,580,761,1264]
[0,160,720,831,1102,1264]
[0,466,580,761,1264]
[0,831,1102,1264]
[0,120,466,580,761,1264]
