[0,186,318,721,920,1110,1633,1904,2017]
[0,186,318,721,820,1079,1263,1633,1904,2017]
[0,920,1633,2017]
[0,186,318,721,1910,2017]
[0,318,806,1110,1633,2017]
[0,186,318,721,1263,1633,2017]
[0,806,2017]
[0,318,721,2017]
[0,186,318,721,1633,1904,2017]
[0,318,721,920,1633,2017]
[0,318,806,1904,2017]
[0,318,721,1633,2017]
[0,318,721,920,2017]
[0,539,2017]
[0,318,721,1110,1263,1633,2017]
[0,186,318,721,2017]
[0,721,1633,2017]
[0,186,318,721,1633,1910,2017]
[0,186,318,721,920,1110,2017]
[0,318,721,1110,1263,1633,1910,2017]
[0,721,1263,2017]
[0,318,806,2017]
[0,186,318,721,920,1110,1910,2017]
[0,318,721,920,1110,2017]
[0,186,318,721,1110,1263,2017]
[0,820,2017]
[0,186,318,721,1633,2017]
[0,318,920,2017]
[0,186,318,721,920,1633,2017]
[0,186,318,721,1079,1263,1633,2017]
[0,318,2017]
[0,318,806,1110,2017]
[0,318,721,920,1110,1633,2017]
[0,318,539,806,1110,1633,1904,2017]
[0,186,318,721,920,1633,1910,2017]
[0,318,721,1633,1910,2017]
[0,186,318,721,1263,2017]
[0,318,920,1633,2017]
[0,318,1910,2017]
[0,318,539,806,1633,1904,2017]
[0,186,318,721,1110,1263,1633,1910,2017]
[0,318,539,806,1110,1633,2017]
[0,721,1263,1633,2017]
[0,318,721,1110,1263,2017]
[0,186,318,721,1079,1263,1633,1904,2017]
[0,186,318,721,820,1110,1263,1633,1910,2017]
[0,186,318,721,1263,1633,1904,2017]
[0,318,721,1263,1633,1910,2017]
[0,318,820,2017]
[0,186,318,721,920,1110,1633,1910,2017]
[0,920,2017]
[0,318,806,1633,2017]
[0,186,318,721,920,1110,1904,2017]
[0,318,721,920,1910,2017]
[0,318,721,1263,1633,2017]
[0,806,1633,2017]
[0,318,539,806,1110,2017]
[0,318,721,1910,2017]
[0,318,539,806,2017]
[0,186,318,539,721,1079,1263,1633,1904,2017]
[0,186,318,721,920,1110,1633,2017]
[0,318,920,1110,2017]
[0,318,721,1263,2017]
[0,318,721,920,1633,1910,2017]
[0,186,318,539,721,820,1079,1263,1633,1904,2017]
[0,721,2017]
[0,318,806,1633,1904,2017]
[0,186,318,539,721,1079,1263,1633,2017]
[0,186,318,721,1904,2017]
[0,186,318,721,920,2017]
[0,318,539,806,1633,2017]
[0,186,318,721,1110,1263,1633,2017]
[0,318,539,721,1079,1263,1633,2017]
[0,318,721,920,1110,1910,2017]
[0,318,721,1079,1263,1633,2017]
