[0,505,1104,1197]
[0,101,263,766,1197]
[0,101,263,412,505,766,1197]
[0,101,263,336,412,505,766,847,1148,1197]
[0,101,263,505,766,1197]
[0,101,263,766,1104,1197]
[0,412,837,1197]
[0,101,263,412,505,847,1197]
[0,456,1147,1197]
[0,263,505,766,1104,1197]
[0,387,837,1104,1197]
[0,101,263,412,505,766,1147,1197]
[0,505,837,1104,1197]
[0,847,1197]
[0,263,766,1197]
[0,101,263,505,766,901,1197]
[0,412,766,1197]
[0,505,901,1197]
[0,263,766,1104,1197]
[0,193,412,837,1104,1197]
[0,101,263,336,412,505,766,901,1148,1197]
[0,193,1197]
[0,193,412,837,1197]
[0,412,456,766,1104,1197]
[0,263,505,837,1104,1197]
[0,456,766,1104,1197]
[0,1148,1197]
[0,193,837,1197]
[0,101,263,456,847,1147,1197]
[0,101,263,412,456,847,1147,1197]
[0,101,263,505,766,1147,1197]
[0,505,1147,1197]
[0,505,1197]
[0,101,263,412,505,766,1104,1197]
[0,101,263,456,766,1104,1197]
[0,101,263,412,505,766,1148,1197]
[0,837,1197]
[0,101,263,336,412,505,766,1104,1148,1197]
[0,456,837,1104,1197]
[0,101,263,505,901,1197]
[0,263,456,837,1197]
[0,101,263,412,505,766,1104,1148,1197]
[0,263,456,847,1147,1197]
[0,101,263,412,456,766,1104,1197]
[0,505,847,1197]
[0,263,456,766,1104,1197]
[0,263,505,901,1197]
[0,456,1197]
[0,101,263,412,505,837,1104,1197]
[0,263,505,837,1197]
[0,101,263,456,837,1104,1197]
[0,766,1197]
[0,101,263,336,412,505,766,847,1197]
[0,263,456,837,1104,1197]
[0,263,456,766,1197]
[0,193,1104,1197]
[0,101,263,505,766,1104,1197]
[0,101,263,412,505,766,901,1197]
[0,101,263,505,766,1148,1197]
[0,101,263,336,412,505,766,901,1104,1148,1197]
[0,101,263,456,847,1197]
[0,412,456,847,1147,1197]
[0,505,1148,1197]
[0,412,766,1104,1197]
[0,456,837,1197]
[0,263,412,456,847,1147,1197]
[0,263,505,766,1197]
[0,387,1197]
[0,101,263,336,412,505,766,1148,1197]
[0,263,412,456,766,1104,1197]
[0,263,505,766,1148,1197]
[0,101,263,505,847,1197]
[0,101,263,412,505,766,901,1148,1197]
[0,101,263,336,412,505,766,901,1197]
[0,101,263,505,837,1104,1197]
[0,505,766,1147,1197]
[0,505,837,1197]
[0,101,263,336,412,505,766,1197]
[0,263,505,766,901,1197]
[0,263,456,847,1197]
[0,101,263,412,505,766,847,1148,1197]
[0,456,766,1197]
[0,456,847,1197]
[0,193,837,1104,1197]
[0,456,847,1147,1197]
[0,101,263,412,505,766,847,1197]
[0,1104,1197]
[0,101,263,412,505,901,1197]
[0,263,505,847,1197]
[0,101,263,456,837,1197]
[0,387,1104,1197]
[0,505,766,1197]
[0,263,505,766,1147,1197]
[0,263,1197]
[0,387,837,1197]
[0,901,1197]
[0,101,263,336,412,505,766,847,1104,1148,1197]
[0,456,1104,1197]
[0,263,1104,1197]
[0,101,263,505,837,1197]
[0,412,1104,1197]
[0,101,263,456,766,1197]
[0,505,766,1104,1197]
[0,505,766,1148,1197]
[0,1147,1197]
[0,412,1197]
