[0,498,850,1167,2017]
[0,850,1167,2017]
[0,498,1167,2017]
[0,201,498,850,1038,1167,1806,2017]
[0,201,2017]
[0,498,2017]
[0,1167,2017]
[0,1156,2017]
[0,850,2017]
[0,201,392,498,850,1038,1167,2017]
[0,392,2017]
[0,201,850,2017]
[0,201,392,850,1038,1167,2017]
[0,201,498,740,850,1038,1167,1644,1806,2017]
[0,201,498,850,1038,1167,2017]
[0,372,850,1156,2017]
[0,392,850,1167,2017]
[0,372,1156,2017]
[0,201,498,850,1167,1644,1806,2017]
[0,201,392,850,1038,1167,1806,2017]
[0,201,498,740,850,1038,1167,2017]
[0,372,2017]
[0,201,392,498,850,1038,1167,1806,2017]
[0,498,850,1167,1806,2017]
[0,201,440,850,1038,1167,2017]
[0,201,392,850,1167,1806,2017]
[0,440,2017]
[0,201,392,850,1167,2017]
[0,201,850,1167,2017]
[0,201,392,498,740,850,1038,1167,2017]
[0,201,498,850,1038,1167,1644,1806,2017]
[0,201,392,498,740,850,1038,1167,1644,1806,2017]
[0,392,1167,2017]
[0,440,850,1167,2017]
[0,440,850,1156,2017]
[0,440,1156,2017]
[0,201,498,850,1167,2017]
[0,201,440,850,1167,2017]
[0,201,440,850,1156,2017]
[0,201,498,850,1167,1806,2017]
[0,201,392,498,850,1038,1167,1644,1806,2017]
[0,392,850,1167,1806,2017]
[0,440,1167,2017]
