[0,268,716,963,1264]
[0,105,268,491,963,1264]
[0,268,459,1264]
[0,105,594,1264]
[0,256,459,1264]
[0,953,1264]
[0,105,268,459,963,1264]
[0,105,268,594,1264]
[0,105,298,491,963,1035,1264]
[0,268,459,716,963,1264]
[0,105,298,594,1264]
[0,256,716,1264]
[0,298,594,1264]
[0,268,1264]
[0,963,1264]
[0,268,716,1264]
[0,256,491,963,1264]
[0,105,459,963,1035,1264]
[0,105,256,491,716,963,1264]
[0,256,491,1264]
[0,105,256,459,716,963,1264]
[0,105,268,594,963,1264]
[0,459,1264]
[0,105,256,491,963,1035,1264]
[0,252,1264]
[0,268,491,1264]
[0,256,459,963,1264]
[0,256,491,716,963,1264]
[0,105,256,459,963,1035,1264]
[0,105,268,459,716,963,1264]
[0,256,459,716,963,1264]
[0,268,594,1264]
[0,268,594,963,1264]
[0,298,491,963,1264]
[0,298,963,1264]
[0,298,1264]
[0,105,256,491,963,1264]
[0,268,459,963,1264]
[0,252,953,1264]
[0,594,963,1264]
[0,105,491,963,1264]
[0,105,268,459,963,1035,1264]
[0,491,1264]
[0,105,298,594,963,1264]
[0,459,963,1264]
[0,268,491,963,1264]
[0,256,963,1264]
[0,105,256,459,963,1264]
[0,110,1264]
[0,105,963,1264]
[0,105,268,459,716,963,1035,1264]
[0,268,963,1264]
[0,105,298,491,963,1264]
[0,491,963,1264]
[0,105,459,963,1264]
[0,105,459,1264]
[0,594,1264]
[0,256,716,963,1264]
[0,105,491,963,1035,1264]
[0,105,1264]
[0,105,256,459,716,963,1035,1264]
[0,110,594,1264]
[0,105,298,491,671,963,1264]
[0,105,256,491,716,963,1035,1264]
[0,298,594,963,1264]
[0,105,491,1264]
[0,716,1264]
[0,298,491,671,963,1264]
[0,256,1264]
