[0,919,970,1046]
[0,564,790,883,970,1046]
[0,564,883,1046]
[0,564,690,790,1046]
[0,690,1046]
[0,919,1046]
[0,564,790,919,970,1046]
[0,747,1046]
[0,747,790,919,970,1046]
[0,564,690,883,970,1046]
[0,690,883,1046]
[0,564,919,970,1046]
[0,564,690,970,1046]
[0,564,790,970,1046]
[0,564,790,1046]
[0,564,690,747,790,883,970,1046]
[0,564,690,747,919,970,1046]
[0,564,747,790,883,970,1046]
[0,747,790,883,970,1046]
[0,564,1046]
[0,747,883,1046]
[0,564,690,790,883,1046]
[0,747,790,970,1046]
[0,564,883,970,1046]
[0,564,747,790,919,970,1046]
[0,564,690,747,970,1046]
[0,564,690,747,790,919,970,1046]
[0,564,970,1046]
[0,747,883,970,1046]
[0,564,690,747,1046]
[0,747,790,1046]
[0,564,690,883,1046]
[0,564,690,919,970,1046]
[0,564,790,883,1046]
[0,564,690,1046]
[0,564,690,790,883,970,1046]
[0,747,790,883,1046]
[0,747,919,970,1046]
[0,747,970,1046]
[0,564,690,747,883,970,1046]
