[0,351,418,588,922]
[0,170,357,418,472,588,768,829,922]
[0,80,170,418,588,829,922]
[0,80,170,357,418,472,588,768,829,922]
[0,472,588,922]
[0,418,588,768,829,922]
[0,80,170,418,588,922]
[0,170,472,588,922]
[0,80,170,357,418,588,922]
[0,170,357,418,472,588,922]
[0,170,418,588,768,829,922]
[0,418,922]
[0,128,170,357,418,588,829,922]
[0,170,424,588,922]
[0,170,418,588,922]
[0,424,588,922]
[0,170,357,418,588,829,922]
[0,170,424,922]
[0,418,588,922]
[0,80,128,170,357,418,472,588,768,829,922]
[0,128,170,357,418,472,588,768,829,922]
[0,128,170,357,418,588,768,829,922]
[0,351,424,588,922]
[0,424,922]
[0,170,351,418,472,588,922]
[0,170,472,922]
[0,170,418,588,829,922]
[0,80,170,357,418,588,768,829,922]
[0,128,170,357,418,472,588,922]
[0,170,351,424,588,922]
[0,80,170,357,418,588,829,922]
[0,418,588,829,922]
[0,170,357,418,588,922]
[0,128,170,357,418,588,922]
[0,357,418,588,922]
[0,80,170,418,588,768,829,922]
[0,170,357,418,588,768,829,922]
[0,472,922]
[0,170,351,418,588,922]
