[0,82,2017]
[0,82,297,562,852,1766,2017]
[0,859,2017]
[0,88,297,532,786,852,1307,1746,2017]
[0,562,1766,2017]
[0,297,562,859,1180,1307,1606,2017]
[0,562,852,1664,2017]
[0,562,852,1078,1280,1606,2017]
[0,562,859,1307,1606,2017]
[0,381,852,1664,2017]
[0,562,859,2017]
[0,297,562,852,1664,2017]
[0,562,859,1180,1307,1606,2017]
[0,297,562,852,2017]
[0,297,562,1664,2017]
[0,247,852,1621,2017]
[0,297,562,1280,1606,2017]
[0,806,2017]
[0,562,852,2017]
[0,297,532,1307,1746,2017]
[0,88,297,532,786,852,2017]
[0,88,297,532,786,852,1746,2017]
[0,297,562,1180,1307,1606,2017]
[0,315,2017]
[0,82,297,562,787,859,1180,1307,1606,2017]
[0,88,297,532,2017]
[0,82,297,562,1664,2017]
[0,82,297,562,859,1606,2017]
[0,82,297,562,852,1664,2017]
[0,297,852,2017]
[0,852,2017]
[0,82,297,562,852,1280,1606,2017]
[0,562,1664,2017]
[0,88,297,532,786,852,1180,1307,1746,2017]
[0,297,532,852,1180,1307,1746,2017]
[0,852,1180,1307,1606,2017]
[0,852,1621,2017]
[0,88,2017]
[0,82,297,562,859,1180,1307,1606,2017]
[0,82,562,859,2017]
[0,88,297,852,1746,2017]
[0,82,297,562,2017]
[0,806,1664,2017]
[0,532,2017]
[0,532,852,1746,2017]
[0,297,562,852,1280,1606,2017]
[0,532,1746,2017]
[0,297,562,852,1180,1307,1606,2017]
[0,297,852,1746,2017]
[0,82,297,562,859,1307,1606,2017]
[0,859,1606,2017]
[0,88,297,532,852,913,1180,1307,1746,2017]
[0,381,852,2017]
[0,532,786,2017]
[0,297,562,852,1078,1280,1606,2017]
[0,562,852,1280,1606,2017]
[0,562,852,1766,2017]
[0,562,1606,2017]
[0,297,532,2017]
[0,852,1280,1606,2017]
[0,532,1307,1746,2017]
[0,82,787,859,2017]
[0,82,297,562,1766,2017]
[0,297,562,1766,2017]
[0,82,297,562,1180,1307,1606,2017]
[0,88,532,2017]
[0,88,297,532,852,1746,2017]
[0,297,532,1180,1307,1746,2017]
[0,532,786,1307,1746,2017]
[0,297,562,859,2017]
[0,82,297,562,787,859,1606,2017]
[0,88,297,532,1307,1746,2017]
[0,88,852,1746,2017]
[0,297,562,859,1606,2017]
[0,562,2017]
[0,852,1078,1280,1606,2017]
[0,532,852,1307,2017]
[0,297,532,852,1307,1746,2017]
[0,562,1307,1606,2017]
[0,82,297,562,852,1078,1280,1606,2017]
[0,562,852,1307,1606,2017]
[0,82,562,787,859,2017]
[0,247,2017]
[0,852,1606,2017]
[0,297,1746,2017]
[0,297,562,2017]
[0,82,297,562,787,859,2017]
[0,297,532,786,1307,1746,2017]
[0,562,1180,1307,1606,2017]
[0,532,852,1307,1746,2017]
[0,297,532,786,2017]
[0,82,297,562,787,859,1307,1606,2017]
[0,88,297,532,786,1307,1746,2017]
[0,88,852,1664,2017]
[0,297,532,1746,2017]
[0,297,562,1606,2017]
[0,88,381,852,1664,2017]
[0,297,562,852,1307,1606,2017]
[0,88,297,532,852,1180,1307,1746,2017]
[0,297,2017]
[0,82,297,562,852,1180,1307,1606,2017]
[0,247,806,1664,2017]
[0,82,297,562,1280,1606,2017]
[0,852,1766,2017]
[0,88,852,2017]
[0,247,806,2017]
[0,562,852,1180,1307,1606,2017]
[0,1307,2017]
[0,82,297,562,1606,2017]
[0,562,859,1606,2017]
[0,562,1280,1606,2017]
[0,82,562,2017]
[0,297,562,1307,1606,2017]
[0,852,1307,1606,2017]
[0,297,562,852,1766,2017]
[0,852,1746,2017]
[0,532,852,2017]
[0,88,297,532,1746,2017]
[0,82,859,2017]
[0,297,562,859,1307,1606,2017]
[0,82,297,562,1307,1606,2017]
[0,88,297,532,1180,1307,1746,2017]
[0,297,532,852,1746,2017]
[0,852,1664,2017]
[0,82,297,562,859,2017]
[0,88,297,532,786,2017]
[0,532,1307,2017]
