[0,236,953,997]
[0,254,431,531,953,997]
[0,254,431,531,766,997]
[0,254,531,766,885,997]
[0,254,431,531,618,696,997]
[0,254,531,618,953,997]
[0,254,530,619,953,997]
[0,254,431,531,885,997]
[0,530,619,997]
[0,193,254,431,531,618,696,766,885,997]
[0,193,254,431,531,618,691,766,885,997]
[0,531,618,997]
[0,254,431,531,618,885,997]
[0,254,431,531,997]
[0,254,997]
[0,236,997]
[0,254,431,531,618,691,766,885,953,997]
[0,254,431,531,618,696,766,997]
[0,254,531,997]
[0,193,254,431,531,618,696,766,953,997]
[0,254,619,997]
[0,193,254,431,531,618,691,766,953,997]
[0,254,431,531,766,885,997]
[0,254,530,619,997]
[0,254,431,531,618,696,766,885,997]
[0,254,431,531,618,953,997]
[0,254,431,531,618,997]
[0,254,431,531,618,766,997]
[0,619,997]
[0,254,766,997]
[0,254,431,531,618,691,766,997]
[0,254,431,531,618,696,953,997]
[0,531,997]
[0,254,431,531,618,691,997]
[0,193,254,431,531,618,696,766,997]
[0,254,431,531,618,691,766,885,997]
[0,193,254,431,531,618,696,766,885,953,997]
[0,254,531,766,997]
[0,254,431,531,618,696,885,997]
[0,254,431,531,618,696,766,885,953,997]
[0,254,431,531,618,766,885,997]
[0,254,531,885,997]
[0,254,531,953,997]
[0,254,431,531,618,691,953,997]
[0,236,530,619,997]
[0,254,431,531,618,696,766,953,997]
[0,193,254,431,531,618,691,766,885,953,997]
[0,254,953,997]
[0,254,431,531,618,691,766,953,997]
[0,236,530,619,953,997]
[0,254,618,997]
[0,236,531,997]
[0,236,531,953,997]
[0,236,619,997]
[0,193,254,431,531,618,691,766,997]
[0,618,997]
[0,254,531,618,997]
[0,530,997]
