[0,199,453,873,1085,1288,1782,2017]
[0,153,372,873,1085,2017]
[0,873,1085,1288,1782,2017]
[0,134,372,1085,2017]
[0,199,873,1288,2017]
[0,453,873,1085,1288,1782,2017]
[0,199,372,873,1085,1826,2017]
[0,453,1085,2017]
[0,199,873,1085,2017]
[0,873,1782,2017]
[0,199,372,873,1085,1288,1746,1826,2017]
[0,134,199,372,521,873,1085,1288,1782,2017]
[0,1279,2017]
[0,372,873,1085,1288,2017]
[0,1085,2017]
[0,199,372,873,1085,2017]
[0,372,2017]
[0,134,2017]
[0,453,873,1085,2017]
[0,372,873,1085,1288,1782,2017]
[0,71,199,372,521,873,1085,1288,1746,1826,2017]
[0,199,1279,2017]
[0,372,1085,1782,2017]
[0,134,372,873,1085,1288,1782,2017]
[0,873,1288,2017]
[0,199,873,1085,1826,2017]
[0,873,2017]
[0,199,372,873,1085,1288,2017]
[0,250,2017]
[0,372,873,1085,1782,2017]
[0,199,372,521,873,1085,1288,1782,2017]
[0,199,372,521,873,1085,1288,1826,2017]
[0,199,372,873,1085,1288,1782,2017]
[0,199,372,873,1085,1746,1826,2017]
[0,199,1085,2017]
[0,1333,2017]
[0,199,873,1085,1288,2017]
[0,71,199,372,521,873,1085,1288,1782,2017]
[0,153,199,372,873,1085,2017]
[0,134,372,873,1085,1288,2017]
[0,873,1085,2017]
[0,134,372,873,1085,2017]
[0,199,372,1333,2017]
[0,1288,2017]
[0,372,873,1085,2017]
[0,199,1333,2017]
[0,71,199,873,1085,1288,1782,2017]
[0,873,1085,1782,2017]
[0,199,873,1085,1288,1782,2017]
[0,199,873,1085,1288,1826,2017]
[0,153,873,1085,2017]
[0,453,873,1085,1288,2017]
[0,153,1085,2017]
[0,71,199,372,873,1085,1746,1826,2017]
[0,134,372,521,873,1085,1288,1782,2017]
[0,134,199,372,873,1085,1288,1782,2017]
[0,453,1085,1782,2017]
[0,453,2017]
[0,71,199,372,873,1085,2017]
[0,199,1288,2017]
[0,873,1085,1288,2017]
[0,199,372,521,873,1085,1288,1746,1826,2017]
[0,71,199,453,873,1085,1288,1782,2017]
[0,199,873,1085,1746,1826,2017]
[0,372,521,873,1085,1288,1782,2017]
[0,372,1085,2017]
[0,134,372,2017]
[0,153,2017]
[0,199,372,873,1085,1288,1826,2017]
[0,453,873,1085,1782,2017]
[0,199,2017]
