[0,87,614,987,1121,1459,1609,1810]
[0,296,614,987,1491,1609,1810]
[0,87,614,987,1810]
[0,296,614,987,1115,1810]
[0,614,987,1609,1810]
[0,133,614,987,1121,1609,1810]
[0,133,614,987,1810]
[0,133,614,987,1121,1810]
[0,87,614,987,1609,1810]
[0,87,296,614,987,1115,1491,1609,1810]
[0,614,1810]
[0,296,614,987,1459,1609,1810]
[0,614,987,1121,1491,1609,1810]
[0,614,987,1121,1609,1810]
[0,296,614,987,1121,1459,1609,1810]
[0,614,987,1810]
[0,614,987,1115,1609,1810]
[0,296,614,987,1115,1609,1810]
[0,296,614,987,1121,1810]
[0,87,614,987,1115,1810]
[0,296,614,987,1115,1491,1609,1810]
[0,87,614,987,1115,1491,1609,1810]
[0,87,296,614,987,1121,1459,1609,1810]
[0,614,987,1115,1810]
[0,404,1810]
[0,296,614,987,1121,1491,1609,1810]
[0,614,987,1459,1609,1810]
[0,87,614,987,1459,1609,1810]
[0,614,987,1121,1459,1609,1810]
[0,87,296,614,987,1115,1810]
[0,296,614,987,1609,1810]
[0,296,1810]
[0,87,614,987,1121,1609,1810]
[0,87,614,987,1121,1491,1609,1810]
[0,296,614,1810]
[0,87,614,1810]
[0,614,987,1121,1810]
[0,296,614,987,1121,1609,1810]
[0,296,614,987,1810]
[0,87,296,614,987,1115,1609,1810]
[0,87,296,614,987,1121,1491,1609,1810]
[0,87,614,987,1121,1810]
[0,614,987,1491,1609,1810]
[0,133,614,1810]
[0,87,614,987,1491,1609,1810]
[0,614,987,1115,1491,1609,1810]
