[0,500,698,939,1080,1180]
[0,80,390,445,698,1180]
[0,305,648,1180]
[0,379,648,1180]
[0,80,379,698,1080,1180]
[0,379,445,698,1180]
[0,80,698,1080,1180]
[0,80,379,445,648,1180]
[0,80,390,445,500,648,698,939,1080,1180]
[0,80,648,1180]
[0,80,445,500,698,1180]
[0,334,445,648,1180]
[0,305,445,648,1080,1180]
[0,80,445,500,698,1080,1180]
[0,80,334,445,648,1180]
[0,80,390,698,939,1080,1180]
[0,648,1180]
[0,80,390,648,1180]
[0,80,445,500,698,939,1080,1180]
[0,390,648,1180]
[0,80,305,445,648,1180]
[0,390,698,939,1080,1180]
[0,80,379,445,698,1180]
[0,698,939,1080,1180]
[0,80,698,1180]
[0,80,390,445,500,698,1180]
[0,80,698,939,1080,1180]
[0,80,390,445,698,1080,1180]
[0,80,390,698,1080,1180]
[0,80,379,648,1180]
[0,80,305,445,648,1080,1180]
[0,80,379,445,500,698,1180]
[0,379,445,500,698,1180]
[0,500,698,939,1180]
[0,80,379,445,500,698,1080,1180]
[0,379,698,1180]
[0,500,698,1080,1180]
[0,698,1180]
[0,80,390,698,1180]
[0,390,698,1180]
[0,80,379,445,698,1080,1180]
[0,334,648,1180]
[0,500,698,1180]
[0,80,390,445,698,939,1080,1180]
[0,698,1080,1180]
[0,390,698,1080,1180]
[0,80,379,698,1180]
[0,80,500,698,1080,1180]
[0,390,698,939,1180]
[0,80,334,648,1180]
[0,80,305,648,1180]
[0,80,390,445,500,698,1080,1180]
[0,80,390,445,648,1180]
[0,80,500,698,1180]
[0,305,445,648,1180]
[0,80,390,445,500,698,939,1080,1180]
[0,698,939,1180]
[0,379,445,648,1180]
[0,80,500,698,939,1080,1180]
[0,334,698,1180]
[0,390,445,500,698,1180]
[0,445,500,698,1180]
[0,390,445,698,1180]
[0,379,698,1080,1180]
