[0,86,1479,1704,1869,2053]
[0,415,1696,2053]
[0,86,415,1479,1704,2053]
[0,1696,2053]
[0,1632,2053]
[0,415,540,916,1479,1704,1869,2053]
[0,86,415,1479,1704,1869,1951,2053]
[0,1479,1696,1916,2053]
[0,86,415,1479,1696,1916,2053]
[0,86,338,415,540,1479,1704,1869,2053]
[0,415,1479,1704,1869,2053]
[0,1479,1704,1918,2053]
[0,86,338,415,540,1479,1632,1704,1869,1951,2053]
[0,1479,1704,1869,2053]
[0,86,415,1479,1704,1916,2053]
[0,86,338,415,540,1479,1632,1704,1869,1918,2053]
[0,86,415,540,916,1479,1704,1869,1951,2053]
[0,415,1479,1696,2053]
[0,1704,2053]
[0,86,338,415,1479,1704,1916,2053]
[0,86,338,415,1479,1704,2053]
[0,86,415,1479,1632,1704,1916,2053]
[0,415,916,1479,1704,2053]
[0,86,338,415,1479,1704,1918,2053]
[0,86,1479,1696,2053]
[0,415,540,1479,1704,1918,2053]
[0,415,1479,1696,1916,2053]
[0,415,916,2053]
[0,415,1704,2053]
[0,86,415,540,916,1479,1704,1869,2053]
[0,86,415,540,1479,1704,1918,2053]
[0,1704,1918,2053]
[0,86,338,415,1479,1632,1704,1869,1918,2053]
[0,86,415,1479,1704,1918,2053]
[0,86,338,415,1479,1632,1704,1869,1951,2053]
[0,86,338,415,1479,1632,1704,1916,2053]
[0,86,415,540,1479,1704,1869,2053]
[0,916,2053]
[0,1479,1696,2053]
[0,86,338,415,1479,1632,1704,1918,2053]
[0,86,338,415,540,1479,1632,1704,1918,2053]
[0,415,1479,1704,2053]
[0,86,338,415,1479,1704,1869,2053]
[0,86,415,1479,1632,1704,1869,2053]
[0,415,1479,1704,1916,2053]
[0,86,415,1479,1696,2053]
[0,86,1479,1704,1918,2053]
[0,86,415,1479,1704,1869,2053]
[0,415,1479,1704,1918,2053]
[0,86,338,415,540,1479,1704,1918,2053]
[0,86,338,415,540,916,1479,1704,1869,1951,2053]
[0,86,1479,1704,2053]
[0,86,338,415,540,1479,1704,1869,1951,2053]
[0,415,540,1479,1704,1869,2053]
[0,86,338,415,1479,1632,1704,1869,2053]
[0,86,338,415,1479,1704,1869,1951,2053]
[0,86,338,415,540,1479,1632,1704,1869,2053]
[0,415,916,1479,1704,1869,2053]
[0,86,338,415,540,916,1479,1632,1704,1869,1951,2053]
[0,86,415,540,1479,1704,1869,1951,2053]
[0,1704,1869,2053]
[0,415,2053]
[0,1479,1704,2053]
[0,415,916,1704,2053]
