[0,511,1127,2033,2759]
[0,255,511,1127,2033,2376,2759]
[0,511,1127,1581,2033,2376,2759]
[0,255,1127,2759]
[0,255,511,1127,2021,2376,2759]
[0,438,1127,2021,2759]
[0,438,1127,2033,2759]
[0,511,1127,2033,2376,2759]
[0,1127,1998,2759]
[0,255,511,1127,1581,2033,2376,2759]
[0,1127,2759]
[0,1127,2033,2376,2759]
[0,255,1127,2033,2376,2759]
[0,255,511,1127,1581,2021,2376,2759]
[0,438,1127,1998,2376,2759]
[0,438,1127,2021,2376,2759]
[0,511,1127,1581,2021,2759]
[0,1127,2033,2759]
[0,511,1127,1581,2033,2759]
[0,1127,2021,2759]
[0,511,1127,1581,2021,2376,2759]
[0,890,2759]
[0,438,1127,1998,2759]
[0,890,2033,2759]
[0,255,1127,2033,2759]
[0,511,1127,2021,2376,2759]
[0,511,1127,2021,2759]
