[0,510,625,843,932,1073,1180]
[0,99,510,625,843,932,1075,1180]
[0,625,843,932,1073,1116,1180]
[0,510,843,932,1073,1116,1180]
[0,99,843,1073,1180]
[0,510,625,843,932,1073,1116,1180]
[0,1073,1116,1180]
[0,932,1180]
[0,99,151,520,625,843,932,1073,1180]
[0,843,1073,1116,1180]
[0,520,625,843,932,1073,1116,1180]
[0,843,1073,1180]
[0,510,843,1073,1180]
[0,843,932,1075,1180]
[0,843,1075,1180]
[0,99,510,625,843,932,1073,1116,1180]
[0,508,625,843,1075,1180]
[0,99,510,625,843,1075,1180]
[0,510,843,1180]
[0,510,625,1180]
[0,419,520,625,843,1073,1180]
[0,843,932,1073,1116,1180]
[0,99,520,625,843,932,1073,1180]
[0,510,625,843,1073,1180]
[0,99,625,843,932,1073,1180]
[0,419,520,625,843,932,1073,1116,1180]
[0,625,843,1180]
[0,508,625,843,932,1075,1180]
[0,99,151,843,932,1073,1180]
[0,625,843,1073,1180]
[0,625,843,932,1073,1180]
[0,510,625,843,1075,1180]
[0,508,625,1180]
[0,99,510,625,843,932,1073,1180]
[0,545,1180]
[0,510,625,843,932,1075,1180]
[0,713,1073,1180]
[0,99,520,625,843,1073,1180]
[0,508,625,843,1180]
[0,510,843,932,1073,1180]
[0,625,843,1075,1180]
[0,625,843,932,1075,1180]
[0,419,520,625,843,932,1073,1180]
[0,99,625,843,1073,1180]
[0,1075,1180]
[0,520,625,843,932,1073,1180]
[0,1073,1180]
[0,99,151,625,843,932,1073,1180]
[0,843,932,1073,1180]
[0,510,843,932,1075,1180]
[0,625,1073,1180]
[0,99,520,625,843,932,1073,1116,1180]
[0,510,843,1075,1180]
[0,520,625,843,1073,1180]
[0,510,625,843,1180]
[0,843,932,1180]
[0,99,510,625,843,1073,1180]
[0,843,1180]
[0,625,1180]
[0,713,1180]
[0,545,1073,1180]
[0,99,843,932,1073,1180]
