[0,56,231,481,641,948,1367,1810]
[0,561,1367,1810]
[0,68,453,641,1121,1367,1704,1810]
[0,453,641,1367,1704,1810]
[0,56,1367,1810]
[0,68,1367,1810]
[0,231,481,641,1367,1704,1810]
[0,231,453,1367,1637,1810]
[0,1367,1810]
[0,56,231,481,641,948,1367,1602,1769,1810]
[0,453,641,1367,1810]
[0,231,1121,1367,1810]
[0,453,1367,1704,1810]
[0,453,1810]
[0,56,231,481,641,948,1367,1602,1810]
[0,56,481,641,1367,1810]
[0,481,1367,1810]
[0,231,453,1367,1810]
[0,231,1367,1704,1810]
[0,68,1810]
[0,481,948,1367,1810]
[0,60,231,481,1367,1704,1810]
[0,561,1367,1704,1810]
[0,56,641,1367,1810]
[0,60,231,453,641,948,1367,1637,1767,1810]
[0,56,231,481,641,1367,1602,1810]
[0,56,231,481,1367,1602,1810]
[0,641,1367,1810]
[0,231,453,1367,1704,1810]
[0,231,453,948,1367,1810]
[0,231,453,641,1367,1637,1810]
[0,1367,1704,1810]
[0,948,1367,1810]
[0,68,1704,1810]
[0,453,641,1121,1367,1704,1810]
[0,60,231,453,641,1367,1637,1810]
[0,453,1367,1810]
[0,1704,1810]
[0,56,231,481,1367,1810]
[0,231,481,641,1367,1810]
[0,60,231,453,641,1121,1367,1704,1810]
[0,68,453,1367,1704,1810]
[0,1121,1367,1810]
[0,68,561,1367,1704,1810]
[0,231,453,641,948,1367,1637,1810]
[0,231,453,641,1121,1367,1810]
[0,68,1367,1704,1810]
[0,68,561,1367,1810]
[0,231,453,641,1367,1810]
[0,231,1810]
[0,60,231,453,641,948,1367,1637,1810]
[0,231,481,641,948,1367,1810]
[0,60,231,481,641,1367,1704,1810]
[0,231,453,641,1367,1704,1810]
[0,56,231,1367,1602,1810]
[0,231,453,641,948,1367,1810]
[0,231,481,641,1367,1602,1810]
[0,453,1121,1367,1810]
[0,231,481,1367,1602,1810]
[0,561,1810]
[0,56,481,1367,1810]
[0,231,481,948,1367,1602,1810]
[0,56,231,481,641,1367,1810]
[0,231,1367,1810]
[0,56,481,1810]
[0,231,948,1367,1810]
[0,231,481,641,948,1367,1602,1810]
[0,56,1810]
[0,231,1367,1602,1810]
[0,231,453,1121,1367,1810]
[0,231,481,948,1367,1810]
[0,481,1810]
[0,481,641,1367,1810]
[0,641,1810]
[0,231,453,641,1121,1367,1704,1810]
[0,68,453,641,1367,1704,1810]
[0,231,1367,1637,1810]
[0,231,481,1367,1810]
[0,56,231,1367,1810]
[0,453,641,1121,1367,1810]
[0,231,481,1367,1704,1810]
