[0,933,1672,2017]
[0,1262,1661,2017]
[0,1124,1661,2017]
[0,933,1124,1498,1661,1812,1946,2017]
[0,179,530,933,1124,1661,2017]
[0,1124,1498,2017]
[0,179,933,1262,1661,2017]
[0,179,933,1124,1288,1498,1812,2017]
[0,179,530,933,1124,1498,1812,2017]
[0,1262,2017]
[0,179,933,1124,1288,1498,1946,2017]
[0,179,933,1262,1498,1946,2017]
[0,179,530,933,1124,1661,1946,2017]
[0,179,1262,1661,2017]
[0,179,933,1124,1498,1812,2017]
[0,933,1124,1498,1812,1946,2017]
[0,179,1262,1498,2017]
[0,933,1124,1288,1498,1812,1946,2017]
[0,530,1262,1661,2017]
[0,179,933,1124,1288,1498,2017]
[0,179,530,933,1262,1661,1936,2017]
[0,179,933,1124,1498,2017]
[0,1124,1812,2017]
[0,179,1262,1661,1936,2017]
[0,933,1124,1288,1498,1661,1812,2017]
[0,933,1262,1661,2017]
[0,933,1124,1661,2017]
[0,933,1124,1498,2017]
[0,530,1124,1661,2017]
[0,1116,1798,2017]
[0,933,2017]
[0,530,1124,1498,2017]
[0,933,1124,1661,1812,1946,2017]
[0,179,933,1262,1661,1936,2017]
[0,179,530,933,1124,1946,2017]
[0,933,1124,1498,1661,1812,2017]
[0,179,933,1124,2017]
[0,179,530,933,1124,1288,1498,1812,2017]
[0,179,530,933,1124,2017]
[0,1124,2017]
[0,933,1124,1661,1812,2017]
[0,530,933,1124,1661,2017]
[0,179,530,933,1262,1936,2017]
[0,530,1124,1498,1812,2017]
[0,179,530,933,1262,1498,2017]
[0,530,933,1124,2017]
[0,530,933,1262,1661,2017]
[0,179,530,933,1124,1288,1498,1946,2017]
[0,530,933,1262,2017]
[0,530,933,1124,1498,1812,2017]
[0,179,530,933,1262,2017]
[0,1262,1498,2017]
[0,179,530,933,1124,1498,2017]
[0,179,933,1262,1498,2017]
[0,933,1124,1812,1946,2017]
[0,179,1262,1936,2017]
[0,1124,1498,1812,2017]
[0,933,1262,2017]
[0,179,933,1124,1288,1498,1661,1812,1946,2017]
[0,530,1124,2017]
[0,933,1124,1288,1498,1812,2017]
[0,1116,2017]
[0,933,1124,1288,1498,1946,2017]
[0,933,1124,1288,1498,2017]
[0,179,1124,2017]
[0,179,933,1124,1288,1498,1812,1946,2017]
[0,933,1262,1498,2017]
[0,933,1124,1288,1498,1661,1812,1946,2017]
[0,179,933,1124,1288,1498,1661,1812,2017]
[0,530,1262,2017]
[0,1672,2017]
[0,179,1116,1798,2017]
[0,933,1124,1812,2017]
[0,179,530,933,1262,1661,2017]
[0,933,1124,1498,1812,2017]
[0,530,933,1124,1498,2017]
[0,179,1262,2017]
[0,179,530,933,1124,1288,1498,1812,1946,2017]
[0,179,530,933,1124,1288,1498,2017]
[0,530,933,1262,1498,2017]
[0,179,933,1262,2017]
[0,933,1124,2017]
[0,179,933,1124,1498,1812,1946,2017]
[0,179,530,933,1262,1498,1946,2017]
[0,179,1262,1498,1946,2017]
