[0,176,313,367,645,702,1180]
[0,176,367,645,875,1010,1180]
[0,645,702,1180]
[0,176,645,875,1010,1180]
[0,176,313,367,645,702,875,1180]
[0,645,875,1010,1058,1180]
[0,367,645,875,1180]
[0,367,645,1180]
[0,645,702,1058,1180]
[0,1010,1058,1105,1180]
[0,176,645,702,1058,1180]
[0,176,645,1180]
[0,536,1010,1180]
[0,645,702,1010,1058,1105,1180]
[0,176,313,367,645,702,875,1010,1058,1180]
[0,176,367,645,1180]
[0,176,645,702,875,1180]
[0,1010,1180]
[0,176,367,645,702,1180]
[0,176,367,645,702,875,1180]
[0,645,875,1010,1180]
[0,645,1010,1058,1180]
[0,176,367,645,875,1180]
[0,176,313,367,645,702,875,1010,1180]
[0,176,367,645,875,1058,1180]
[0,536,1180]
[0,367,645,1058,1180]
[0,176,645,1058,1180]
[0,176,645,875,1180]
[0,176,645,702,1010,1058,1180]
[0,176,645,702,875,1010,1058,1105,1180]
[0,176,645,875,1058,1180]
[0,176,367,645,702,875,1010,1180]
[0,645,1058,1180]
[0,176,645,702,1010,1058,1105,1180]
[0,645,875,1180]
[0,176,367,645,702,875,1010,1058,1105,1180]
[0,176,645,875,1010,1058,1180]
[0,645,1180]
[0,176,313,367,645,702,875,1010,1058,1105,1180]
[0,1010,1058,1180]
[0,367,645,875,1058,1180]
[0,176,645,702,875,1010,1058,1180]
[0,176,645,702,875,1010,1180]
[0,645,1010,1058,1105,1180]
[0,176,367,645,702,875,1010,1058,1180]
[0,645,702,1010,1058,1180]
[0,176,645,702,1180]
