[0,277,371,579,693,759,984,1038,1180]
[0,277,425,497,579,759,1180]
[0,277,624,1180]
[0,277,579,738,984,1180]
[0,277,497,579,759,1180]
[0,624,1180]
[0,277,371,425,497,579,693,759,984,1038,1180]
[0,277,425,505,599,759,984,1180]
[0,277,599,693,759,984,1180]
[0,277,738,984,1180]
[0,277,425,497,579,693,759,984,1180]
[0,277,371,425,505,599,759,984,1180]
[0,277,579,759,1180]
[0,277,371,425,505,599,759,1180]
[0,277,371,425,497,579,759,984,1180]
[0,277,738,1180]
[0,277,599,759,984,1180]
[0,277,371,579,759,1180]
[0,738,1180]
[0,277,371,425,505,599,693,759,984,1180]
[0,277,759,984,1180]
[0,277,371,579,738,984,1180]
[0,277,579,759,984,1180]
[0,277,371,579,759,984,1038,1180]
[0,277,425,505,599,693,759,984,1180]
[0,277,371,624,759,984,1038,1180]
[0,277,497,579,759,984,1180]
[0,277,371,624,759,984,1180]
[0,277,624,984,1180]
[0,277,599,759,1180]
[0,277,425,497,579,693,759,984,1038,1180]
[0,277,371,624,759,1180]
[0,277,371,425,497,579,759,984,1038,1180]
[0,277,425,497,579,759,984,1180]
[0,277,505,599,693,759,984,1180]
[0,759,1180]
[0,277,579,738,1180]
[0,277,693,1180]
[0,277,759,1180]
[0,277,624,759,1180]
[0,277,371,579,693,759,984,1180]
[0,693,1180]
[0,277,624,759,984,1180]
[0,277,371,425,599,759,1180]
[0,277,425,505,599,759,1180]
[0,277,505,599,759,1180]
[0,277,371,579,738,1180]
[0,277,371,579,759,984,1180]
[0,277,425,497,579,759,984,1038,1180]
[0,277,505,599,759,984,1180]
[0,277,371,425,497,579,759,1180]
[0,277,371,599,759,1180]
