[0,131,330,881,1033,1151,1343]
[0,330,484,1343]
[0,340,881,1343]
[0,131,330,406,1033,1151,1343]
[0,881,1343]
[0,131,340,881,1033,1151,1343]
[0,947,1343]
[0,131,330,406,947,1033,1343]
[0,131,330,406,484,881,1033,1151,1343]
[0,131,330,881,947,1343]
[0,131,1033,1151,1343]
[0,131,340,406,484,881,947,1343]
[0,131,330,484,881,1151,1343]
[0,131,330,406,1151,1343]
[0,131,330,484,881,1343]
[0,131,881,1151,1343]
[0,340,484,881,1343]
[0,131,340,406,881,947,1033,1151,1343]
[0,131,901,1123,1343]
[0,340,484,881,1151,1343]
[0,131,340,1343]
[0,131,330,881,1343]
[0,330,1343]
[0,131,947,1033,1151,1343]
[0,131,340,881,947,1033,1151,1343]
[0,131,330,484,881,1033,1151,1343]
[0,131,340,881,947,1343]
[0,340,901,1123,1343]
[0,310,1343]
[0,131,330,406,881,1151,1343]
[0,131,1123,1343]
[0,131,330,406,947,1343]
[0,131,330,406,947,1033,1151,1343]
[0,131,340,484,881,1151,1343]
[0,340,1343]
[0,330,881,1343]
[0,330,947,1343]
[0,131,330,947,1033,1343]
[0,131,1343]
[0,131,1151,1343]
[0,131,881,947,1343]
[0,131,330,406,484,1343]
[0,131,330,406,484,881,1151,1343]
[0,340,1123,1343]
[0,131,340,406,484,881,947,1033,1151,1343]
[0,1123,1343]
[0,330,881,1151,1343]
[0,131,330,1033,1343]
[0,131,330,406,881,947,1033,1151,1343]
[0,131,330,406,484,881,947,1033,1151,1343]
[0,131,330,947,1343]
[0,131,330,406,484,881,1343]
[0,131,330,1033,1151,1343]
[0,131,330,406,881,947,1343]
[0,340,1151,1343]
[0,131,340,901,1123,1343]
[0,1151,1343]
[0,131,330,881,1151,1343]
[0,131,330,406,881,947,1033,1343]
[0,131,947,1033,1343]
[0,131,340,406,881,947,1343]
[0,131,881,947,1033,1343]
[0,131,340,484,881,947,1343]
[0,340,881,1151,1343]
[0,330,1033,1343]
[0,901,1123,1343]
[0,131,330,1151,1343]
[0,131,330,947,1033,1151,1343]
[0,131,330,484,1343]
[0,131,340,881,1343]
[0,131,947,1343]
[0,131,881,947,1033,1151,1343]
[0,881,1151,1343]
[0,131,340,484,881,1033,1151,1343]
[0,330,484,881,1151,1343]
[0,131,330,406,484,881,947,1343]
[0,131,340,881,1151,1343]
[0,330,484,881,1343]
[0,340,901,1343]
[0,406,1343]
[0,901,1343]
[0,131,330,406,1343]
[0,131,340,484,881,947,1033,1151,1343]
[0,131,330,1343]
[0,131,340,484,881,1343]
[0,330,1151,1343]
