[0,625,1006,1175,1803,2034,2547,2714,2824]
[0,498,2034,2714,2824]
[0,1175,2824]
[0,498,625,1006,1175,1803,2034,2174,2824]
[0,498,1803,2034,2174,2824]
[0,498,613,1803,2034,2174,2824]
[0,498,1175,1803,2149,2547,2714,2824]
[0,2174,2824]
[0,625,2174,2714,2824]
[0,498,613,1803,2034,2174,2547,2824]
[0,498,1175,1553,2034,2174,2547,2714,2824]
[0,498,1803,2149,2547,2824]
[0,1175,2174,2824]
[0,613,2034,2547,2824]
[0,625,2174,2824]
[0,498,613,920,1175,1803,2034,2174,2824]
[0,498,625,1803,2034,2174,2547,2714,2824]
[0,498,2174,2547,2824]
[0,498,2034,2174,2824]
[0,498,1175,1803,2034,2174,2547,2824]
[0,498,1175,1803,2034,2174,2824]
[0,625,1803,2034,2174,2547,2824]
[0,613,2824]
[0,2149,2824]
[0,498,1175,1803,2149,2824]
[0,625,1006,1175,1803,2034,2174,2547,2824]
[0,613,920,1175,1803,2034,2547,2824]
[0,625,1803,2034,2174,2824]
[0,583,2414,2824]
[0,613,920,1175,1803,2034,2824]
[0,498,1175,1553,2174,2547,2714,2824]
[0,625,1006,1175,1803,2034,2174,2824]
[0,613,920,1175,2034,2824]
[0,498,625,1175,1803,2034,2174,2824]
[0,498,1803,2034,2547,2824]
[0,2109,2824]
[0,613,1175,1803,2034,2547,2714,2824]
[0,498,2824]
[0,1175,2149,2824]
[0,625,1006,1175,1803,2034,2174,2547,2714,2824]
[0,498,2547,2824]
[0,498,1175,1803,2034,2547,2824]
[0,613,2034,2547,2714,2824]
[0,498,2714,2824]
[0,625,1803,2034,2824]
[0,498,625,1175,1803,2034,2174,2547,2714,2824]
[0,583,2051,2590,2824]
[0,2034,2824]
[0,625,1006,1175,1803,2034,2824]
[0,498,613,1803,2034,2174,2547,2714,2824]
[0,613,1175,1803,2034,2824]
[0,625,1175,2034,2547,2824]
[0,613,920,1175,1803,2034,2547,2714,2824]
[0,613,1175,2034,2547,2824]
[0,498,1175,1553,2034,2174,2547,2824]
[0,498,625,1006,1175,1803,2034,2174,2547,2714,2824]
[0,498,613,920,1175,1803,2034,2174,2547,2824]
[0,498,1175,1553,2174,2547,2824]
[0,625,1803,2034,2174,2547,2714,2824]
[0,625,2824]
[0,498,613,1175,1803,2034,2174,2824]
[0,498,1175,1803,2149,2547,2824]
[0,498,1175,2149,2824]
[0,613,920,2034,2547,2824]
[0,625,1803,2034,2547,2824]
[0,498,1803,2034,2547,2714,2824]
[0,498,613,1175,1803,2034,2174,2547,2824]
[0,498,1175,1553,2034,2174,2824]
[0,498,625,1006,1175,1803,2034,2174,2547,2824]
[0,498,2174,2824]
[0,498,1803,2149,2824]
[0,2051,2824]
[0,498,613,1175,1553,2034,2174,2824]
[0,613,1803,2034,2174,2824]
[0,625,1803,2034,2547,2714,2824]
[0,498,1175,2034,2824]
[0,498,613,1175,1803,2034,2174,2547,2714,2824]
[0,625,1175,1803,2034,2547,2714,2824]
[0,498,1803,2034,2824]
[0,498,625,1175,1803,2034,2174,2547,2824]
[0,613,920,1175,1803,2034,2174,2547,2824]
[0,613,1803,2034,2547,2714,2824]
[0,613,2034,2714,2824]
[0,613,1803,2034,2824]
[0,498,1175,2034,2547,2824]
[0,613,920,2034,2824]
[0,613,920,1175,2034,2547,2824]
[0,498,2174,2547,2714,2824]
[0,498,2174,2714,2824]
[0,498,613,1175,1553,2034,2174,2547,2824]
[0,583,2051,2824]
[0,498,2149,2824]
[0,625,1175,1803,2034,2824]
[0,613,1175,1803,2034,2174,2824]
[0,498,2109,2824]
[0,498,613,920,1175,1803,2034,2174,2547,2714,2824]
[0,498,1803,2149,2547,2714,2824]
[0,498,2149,2547,2824]
[0,498,1175,1803,2034,2547,2714,2824]
[0,498,2034,2824]
[0,625,2034,2547,2824]
[0,498,2149,2714,2824]
[0,498,625,1803,2034,2174,2547,2824]
[0,498,1175,2174,2824]
[0,625,2034,2714,2824]
[0,613,2034,2824]
[0,613,1803,2034,2547,2824]
[0,498,1175,1803,2034,2824]
[0,625,2034,2547,2714,2824]
[0,498,1175,2174,2547,2824]
[0,498,613,1175,1553,2034,2174,2547,2714,2824]
[0,625,1175,1803,2034,2547,2824]
[0,625,2174,2547,2714,2824]
[0,613,1803,2034,2174,2547,2714,2824]
[0,498,1175,1553,2174,2824]
[0,498,625,1803,2034,2174,2824]
[0,625,2034,2824]
[0,613,2714,2824]
[0,625,1175,2034,2824]
[0,613,1175,1803,2034,2547,2824]
[0,498,2034,2547,2824]
[0,498,2034,2547,2714,2824]
[0,613,1175,2034,2824]
[0,613,920,1175,1803,2034,2174,2547,2714,2824]
[0,583,2824]
[0,1175,2034,2824]
[0,613,920,1175,1803,2034,2174,2824]
[0,498,2149,2547,2714,2824]
[0,613,1803,2034,2174,2547,2824]
[0,625,2714,2824]
[0,498,1175,2174,2547,2714,2824]
[0,625,2174,2547,2824]
[0,625,1006,1175,1803,2034,2547,2824]
