[0,1208,1427]
[0,472,639,821,928,1208,1284,1327,1427]
[0,805,1427]
[0,472,635,846,928,1208,1427]
[0,472,635,821,928,1208,1284,1427]
[0,846,1208,1427]
[0,192,639,928,1208,1427]
[0,639,821,928,1208,1284,1427]
[0,192,635,846,1208,1427]
[0,639,846,1427]
[0,635,928,1427]
[0,472,635,846,1208,1427]
[0,635,846,1208,1284,1327,1427]
[0,472,635,821,928,1208,1284,1327,1427]
[0,472,635,846,928,1208,1284,1327,1427]
[0,928,1427]
[0,472,635,821,928,1208,1427]
[0,192,635,846,928,1208,1284,1427]
[0,928,1208,1427]
[0,635,1427]
[0,1284,1427]
[0,635,846,1427]
[0,821,1284,1427]
[0,846,1427]
[0,635,821,928,1208,1427]
[0,635,846,1208,1427]
[0,639,821,1284,1427]
[0,639,821,1427]
[0,192,639,821,928,1208,1284,1427]
[0,635,846,1208,1284,1427]
[0,639,821,928,1208,1284,1327,1427]
[0,472,639,928,1208,1427]
[0,639,1427]
[0,472,639,821,928,1208,1284,1427]
[0,846,1284,1427]
[0,192,635,846,928,1208,1427]
[0,635,928,1208,1284,1327,1427]
[0,635,928,1208,1284,1427]
[0,635,821,1427]
[0,635,821,928,1208,1284,1427]
[0,639,821,928,1208,1427]
[0,821,1427]
[0,192,639,821,928,1208,1284,1327,1427]
[0,639,846,1284,1427]
[0,635,928,1208,1427]
[0,805,1284,1427]
[0,192,635,846,928,1208,1284,1327,1427]
[0,635,821,1284,1427]
[0,635,846,928,1208,1427]
[0,472,635,846,928,1208,1284,1427]
[0,635,846,928,1208,1284,1327,1427]
[0,192,639,821,928,1208,1427]
[0,639,928,1427]
[0,639,928,1208,1427]
[0,635,846,1284,1427]
[0,635,846,928,1208,1284,1427]
[0,472,635,928,1208,1427]
[0,635,821,928,1208,1284,1327,1427]
[0,472,639,821,928,1208,1427]
