[0,920,1135,1780,1868,2017]
[0,53,706,1024,1780,1868,2017]
[0,53,920,1135,1215,1780,1868,2017]
[0,53,664,1215,2017]
[0,746,1817,2017]
[0,1024,2017]
[0,920,1135,1215,1780,1868,2017]
[0,664,1780,1868,2017]
[0,664,1780,2017]
[0,53,920,1780,1868,2017]
[0,53,706,1024,1169,1817,2017]
[0,221,1465,2017]
[0,53,2017]
[0,706,1024,2017]
[0,920,1868,2017]
[0,706,1024,1780,1868,2017]
[0,1191,2017]
[0,53,410,746,1817,2017]
[0,53,664,920,1780,1868,2017]
[0,746,2017]
[0,569,1191,2017]
[0,53,1191,2017]
[0,53,706,1024,2017]
[0,569,1191,1817,2017]
[0,53,664,1868,2017]
[0,53,746,1375,1817,2017]
[0,53,746,2017]
[0,53,664,1215,1868,2017]
[0,53,920,1135,1780,1868,2017]
[0,746,1375,1817,2017]
[0,664,920,1135,1780,1868,2017]
[0,410,746,1375,1817,2017]
[0,1780,2017]
[0,664,920,1135,1868,2017]
[0,664,920,1868,2017]
[0,1215,1868,2017]
[0,664,920,1780,1868,2017]
[0,664,1215,1780,1868,2017]
[0,746,1375,2017]
[0,1191,1817,2017]
[0,53,569,1191,1817,2017]
[0,706,1868,2017]
[0,664,920,1135,1215,1780,1868,2017]
[0,664,920,1135,2017]
[0,664,1215,2017]
[0,706,1024,1169,1868,2017]
[0,410,746,1375,2017]
[0,569,2017]
[0,664,920,2017]
[0,53,706,1024,1215,1780,1868,2017]
[0,706,1817,2017]
[0,706,1024,1215,2017]
[0,1024,1780,2017]
[0,706,1024,1169,1817,2017]
[0,706,1024,1215,1868,2017]
[0,53,1191,1817,2017]
[0,569,1817,2017]
[0,706,1024,1215,1780,1868,2017]
[0,53,1215,1868,2017]
[0,706,1780,1868,2017]
[0,53,706,1024,1169,2017]
[0,664,1215,1868,2017]
[0,53,746,1817,2017]
[0,53,664,920,1135,1215,1780,1868,2017]
[0,920,1135,1868,2017]
[0,664,1868,2017]
[0,920,1135,2017]
[0,53,706,1780,1868,2017]
[0,706,1024,1780,2017]
[0,706,1024,1868,2017]
[0,1215,2017]
[0,920,2017]
[0,706,1024,1817,2017]
[0,53,1215,2017]
[0,410,746,2017]
[0,706,2017]
[0,664,2017]
[0,1465,2017]
[0,664,1135,1215,1780,1868,2017]
[0,53,706,2017]
[0,920,1780,1868,2017]
[0,53,664,2017]
[0,53,410,746,1375,1817,2017]
[0,706,1024,1169,1780,1868,2017]
[0,706,1024,1169,2017]
[0,53,706,1024,1169,1780,1868,2017]
[0,410,746,1817,2017]
