[0,220,456,672,905,1180]
[0,73,220,296,456,550,672,805,905,1120,1180]
[0,73,220,456,672,805,905,1180]
[0,73,220,456,517,1180]
[0,73,220,456,550,905,1180]
[0,220,320,456,672,805,905,1180]
[0,73,220,456,517,905,1180]
[0,439,905,1180]
[0,220,456,550,745,805,905,1180]
[0,220,456,1180]
[0,73,220,456,550,745,805,905,1120,1180]
[0,220,456,805,905,1180]
[0,220,905,1180]
[0,220,456,672,805,905,1180]
[0,220,517,905,1180]
[0,73,220,296,456,550,672,805,905,1180]
[0,220,456,517,805,905,1180]
[0,220,456,517,745,805,905,1180]
[0,220,456,905,1120,1180]
[0,220,456,905,1180]
[0,220,456,550,805,905,1180]
[0,905,1180]
[0,73,220,456,1180]
[0,220,456,745,905,1180]
[0,220,456,550,804,905,1180]
[0,456,905,1180]
[0,220,456,517,1180]
[0,220,456,550,1180]
[0,220,456,804,905,1180]
[0,73,220,456,517,672,805,905,1180]
[0,517,1180]
[0,550,1180]
[0,73,220,456,550,745,805,905,1180]
[0,73,220,456,550,804,905,1120,1180]
[0,73,220,456,905,1120,1180]
[0,220,456,517,905,1180]
[0,220,456,745,805,1180]
[0,220,456,550,745,805,1180]
[0,73,220,320,456,517,672,805,905,1120,1180]
[0,73,220,456,517,672,805,905,1120,1180]
[0,456,550,1180]
[0,73,220,804,905,1120,1180]
[0,220,456,517,1120,1180]
[0,73,220,456,517,805,905,1180]
[0,220,456,745,1180]
[0,73,220,456,550,805,905,1120,1180]
[0,73,220,456,905,1180]
[0,73,220,804,905,1180]
[0,745,1180]
[0,517,905,1180]
[0,220,804,905,1180]
[0,73,220,456,517,905,1120,1180]
[0,73,220,456,550,805,905,1180]
[0,73,129,220,296,456,550,805,905,1120,1180]
[0,73,220,456,550,804,905,1180]
[0,220,456,550,905,1180]
[0,439,1180]
[0,220,456,672,1180]
[0,73,220,456,550,1180]
[0,73,220,456,517,805,905,1120,1180]
[0,73,220,905,1180]
[0,220,456,550,672,805,905,1180]
[0,220,456,745,805,905,1180]
[0,73,220,456,517,1120,1180]
[0,456,745,1180]
[0,456,1180]
[0,73,220,456,517,745,805,905,1180]
[0,220,1120,1180]
[0,220,296,456,550,805,905,1180]
[0,73,129,220,296,456,550,672,805,905,1120,1180]
[0,73,220,1180]
[0,73,220,456,805,905,1180]
[0,73,220,456,517,745,805,905,1120,1180]
[0,220,1180]
[0,73,220,296,456,550,805,905,1180]
[0,73,220,1120,1180]
[0,220,456,550,745,1180]
[0,73,129,220,320,456,517,672,805,905,1120,1180]
[0,73,220,320,456,672,805,905,1180]
[0,73,220,296,456,550,805,905,1120,1180]
[0,220,296,456,550,672,805,905,1180]
[0,73,220,320,456,517,672,805,905,1180]
