[0,49,257,441,553,655,832,875,969]
[0,49,162,257,441,553,655,753,832,875,969]
[0,49,655,875,969]
[0,162,463,655,969]
[0,162,441,553,655,753,875,969]
[0,49,162,338,463,655,875,969]
[0,49,338,441,655,969]
[0,162,463,655,875,969]
[0,655,969]
[0,49,162,441,553,655,875,969]
[0,49,257,441,553,655,875,969]
[0,49,162,463,655,969]
[0,49,162,338,441,553,655,753,875,969]
[0,162,441,553,655,832,875,969]
[0,49,257,441,553,655,753,875,969]
[0,147,441,655,969]
[0,162,338,463,655,969]
[0,162,257,441,553,655,875,969]
[0,162,338,463,655,875,969]
[0,162,338,441,553,655,875,969]
[0,49,655,969]
[0,49,162,257,441,553,655,753,875,969]
[0,49,969]
[0,655,875,969]
[0,49,257,441,553,655,753,832,875,969]
[0,257,441,655,969]
[0,49,162,441,553,655,969]
[0,147,655,969]
[0,162,441,553,655,875,969]
[0,162,257,441,553,655,753,969]
[0,49,257,441,655,969]
[0,162,441,655,969]
[0,162,441,553,655,969]
[0,49,162,441,553,655,832,875,969]
[0,257,441,553,655,753,969]
[0,147,338,463,655,969]
[0,338,441,655,969]
[0,162,257,441,553,655,753,875,969]
[0,257,655,969]
[0,162,338,441,553,655,969]
[0,162,338,441,655,875,969]
[0,49,257,441,553,655,969]
[0,162,338,441,553,655,753,969]
[0,257,969]
[0,49,338,441,655,875,969]
[0,162,441,553,655,753,969]
[0,441,655,969]
[0,463,655,969]
[0,147,969]
[0,162,338,441,553,655,816,875,969]
[0,49,162,338,441,553,655,816,875,969]
[0,49,162,338,441,553,655,875,969]
[0,162,969]
[0,147,338,463,655,875,969]
[0,49,162,441,655,969]
[0,162,441,655,875,969]
[0,49,162,463,655,875,969]
[0,338,969]
[0,147,463,655,969]
[0,49,162,338,441,553,655,753,832,875,969]
[0,338,441,655,875,969]
[0,162,338,441,655,969]
[0,441,969]
[0,463,969]
[0,257,441,553,655,875,969]
[0,162,338,441,553,655,753,875,969]
[0,49,162,441,553,655,753,832,875,969]
[0,338,655,969]
[0,49,441,655,969]
[0,257,441,553,655,753,875,969]
[0,49,162,338,441,553,655,832,875,969]
[0,257,441,553,655,969]
[0,49,162,441,553,655,753,875,969]
[0,49,162,257,441,553,655,875,969]
[0,49,162,338,441,655,875,969]
[0,49,162,441,655,875,969]
[0,147,463,655,875,969]
[0,162,257,441,553,655,969]
