[0,667,2368,2956]
[0,667,1413,2956]
[0,667,854,2956]
[0,366,667,854,1413,2154,2368,2722,2956]
[0,366,667,1413,2368,2722,2956]
[0,366,667,1413,2368,2956]
[0,336,1413,2221,2956]
[0,336,1413,2956]
[0,764,1413,2221,2956]
[0,667,854,2097,2368,2956]
[0,764,1413,2368,2956]
[0,366,667,1413,2154,2368,2722,2956]
[0,366,667,854,1413,2154,2368,2956]
[0,336,667,854,1413,2154,2368,2956]
[0,667,1413,2368,2956]
[0,336,1413,2368,2956]
[0,336,667,854,1413,2097,2368,2956]
[0,366,667,854,1413,2154,2368,2722,2850,2956]
[0,667,1413,2154,2368,2956]
[0,667,854,2368,2956]
[0,1413,2221,2956]
[0,336,1413,2097,2368,2956]
[0,666,854,1413,2154,2368,2956]
[0,1413,2368,2956]
[0,2097,2368,2956]
[0,666,1413,2368,2956]
[0,666,1413,2956]
[0,666,854,2956]
[0,336,667,854,1413,2154,2368,2850,2956]
[0,666,2368,2956]
[0,336,666,854,1413,2154,2368,2956]
[0,764,2956]
[0,667,2956]
[0,336,667,854,1413,2154,2368,2722,2956]
[0,336,667,1413,2368,2722,2956]
[0,336,667,854,1413,2154,2368,2722,2850,2956]
[0,336,666,1413,2154,2368,2956]
[0,336,666,1413,2368,2956]
[0,2221,2956]
[0,666,854,2368,2956]
[0,1413,2956]
[0,667,854,1413,2368,2956]
[0,336,1413,2154,2368,2956]
[0,667,2097,2368,2956]
[0,336,667,1413,2154,2368,2722,2956]
[0,336,667,1413,2154,2368,2956]
[0,2368,2956]
[0,336,667,1413,2097,2368,2956]
[0,667,854,1413,2097,2368,2956]
[0,336,667,1413,2368,2956]
[0,667,1413,2097,2368,2956]
[0,667,854,1413,2154,2368,2956]
[0,366,667,854,1413,2154,2368,2850,2956]
[0,666,1413,2154,2368,2956]
[0,666,854,1413,2368,2956]
[0,336,2956]
[0,666,2956]
[0,366,667,1413,2154,2368,2956]
[0,764,1413,2956]
