[0,1342,1635,2067,2673,2824]
[0,2060,2824]
[0,1342,2019,2824]
[0,1342,1635,2019,2591,2824]
[0,1342,1635,2060,2591,2824]
[0,1342,1635,1865,2060,2673,2824]
[0,1342,1635,2060,2824]
[0,1342,2824]
[0,2066,2824]
[0,1342,2067,2824]
[0,1342,2067,2673,2824]
[0,1495,2066,2591,2824]
[0,1342,1635,2189,2824]
[0,1342,2189,2591,2824]
[0,1342,2067,2591,2824]
[0,2019,2824]
[0,1342,1635,1865,2067,2824]
[0,1342,1635,1865,2060,2591,2824]
[0,1714,2547,2824]
[0,1342,2060,2824]
[0,1495,2066,2824]
[0,1342,2060,2673,2824]
[0,1342,1635,2189,2591,2824]
[0,1342,1635,1865,2067,2673,2824]
[0,1342,2019,2591,2824]
[0,1342,1635,2019,2824]
[0,2067,2824]
[0,1342,1635,1865,2060,2824]
[0,1342,1635,2067,2824]
[0,1342,1645,2067,2591,2824]
[0,1342,1645,2067,2824]
[0,1342,2189,2824]
[0,1342,1635,2060,2673,2824]
[0,1342,2060,2591,2824]
[0,1342,2673,2824]
[0,1714,2824]
