[0,99,1015,1195,1343]
[0,99,319,521,670,883,1195,1343]
[0,264,521,670,949,1343]
[0,99,669,715,1343]
[0,99,264,521,715,1343]
[0,264,949,1195,1343]
[0,99,264,669,715,1343]
[0,99,319,521,670,883,1343]
[0,99,670,715,1343]
[0,319,521,670,883,1015,1195,1343]
[0,99,319,521,1015,1195,1343]
[0,264,521,669,949,1195,1343]
[0,264,521,1343]
[0,319,521,1015,1195,1343]
[0,264,521,669,1343]
[0,99,319,521,949,1195,1343]
[0,99,264,521,669,715,949,1343]
[0,715,1343]
[0,949,1195,1343]
[0,99,319,521,670,949,1195,1343]
[0,99,264,949,1343]
[0,99,319,1015,1195,1343]
[0,99,1015,1343]
[0,264,521,715,1343]
[0,319,521,949,1195,1343]
[0,319,1015,1195,1343]
[0,99,264,521,670,715,949,1343]
[0,99,521,670,883,1343]
[0,319,521,670,883,1343]
[0,319,521,949,1343]
[0,319,521,1015,1343]
[0,99,883,1343]
[0,99,949,1343]
[0,319,949,1343]
[0,670,1343]
[0,319,521,670,1015,1343]
[0,264,949,1343]
[0,99,264,715,1343]
[0,99,264,521,949,1195,1343]
[0,264,521,670,949,1195,1343]
[0,99,264,521,669,1343]
[0,264,521,949,1195,1343]
[0,883,1343]
[0,99,264,521,670,949,1195,1343]
[0,949,1343]
[0,99,715,1343]
[0,1015,1343]
[0,99,264,521,1343]
[0,99,521,1343]
[0,264,715,1343]
[0,319,1343]
[0,264,521,949,1343]
[0,99,264,670,715,1343]
[0,319,949,1195,1343]
[0,99,319,521,670,1015,1195,1343]
[0,99,1343]
[0,319,521,670,949,1195,1343]
[0,122,883,1343]
[0,264,1343]
[0,1015,1195,1343]
[0,99,264,521,669,949,1343]
[0,319,521,670,1015,1195,1343]
[0,319,521,670,883,1195,1343]
[0,99,264,949,1195,1343]
[0,99,264,521,670,949,1343]
[0,521,1343]
[0,99,319,521,670,883,1015,1195,1343]
[0,264,521,669,949,1343]
[0,319,1015,1343]
[0,319,521,670,949,1343]
[0,99,319,949,1195,1343]
[0,99,264,521,669,949,1195,1343]
[0,670,883,1343]
[0,99,949,1195,1343]
[0,99,264,521,949,1343]
[0,521,670,883,1343]
[0,319,521,883,1343]
[0,99,264,521,669,715,1343]
[0,319,883,1343]
[0,99,670,883,1343]
[0,122,1343]
[0,99,264,521,669,715,949,1195,1343]
[0,99,264,521,670,715,949,1195,1343]
[0,99,264,521,670,715,1343]
