[0,60,257,658,1046,1250,2554]
[0,257,1250,2280,2554]
[0,257,658,1046,1250,1610,2554]
[0,257,1250,1749,2280,2554]
[0,1250,1610,2554]
[0,1250,1610,2215,2554]
[0,257,1250,2554]
[0,257,724,1250,1610,2215,2382,2554]
[0,257,658,1046,1250,1610,2215,2554]
[0,257,658,1250,2554]
[0,257,1046,1250,2280,2554]
[0,257,724,1046,1250,1610,1824,2215,2554]
[0,257,658,1046,1250,1610,2215,2382,2554]
[0,257,724,1046,1250,1461,1610,1824,2215,2382,2554]
[0,257,658,1046,1250,2554]
[0,724,1250,1610,2554]
[0,257,724,1250,2280,2554]
[0,724,1250,1610,2215,2554]
[0,1250,2215,2554]
[0,60,257,658,1046,1250,1610,2215,2382,2554]
[0,257,1046,1250,1610,1824,2554]
[0,257,1046,1250,2554]
[0,257,1250,1610,2554]
[0,257,658,1046,1250,1468,1610,2215,2382,2554]
[0,257,724,1250,1610,2280,2554]
[0,257,1250,1610,1824,2554]
[0,724,1250,2215,2554]
[0,257,658,1250,1610,2215,2554]
[0,257,724,1250,2554]
[0,257,658,1250,1468,1610,2215,2382,2554]
[0,257,724,1046,1250,1610,1824,2554]
[0,257,724,1250,1610,1824,2280,2554]
[0,257,1046,1250,1610,2554]
[0,1221,2554]
[0,257,724,1250,1610,2554]
[0,257,724,1250,1610,1824,2554]
[0,1250,2554]
[0,257,658,1250,1610,2554]
[0,1250,1610,2280,2554]
[0,1250,2280,2554]
[0,658,1250,1610,2215,2554]
[0,257,658,1250,1610,2215,2382,2554]
[0,257,724,1046,1250,1610,1824,2280,2554]
[0,257,724,1046,1250,1610,1824,2215,2382,2554]
[0,1250,1610,1824,2554]
[0,257,724,1250,2215,2554]
[0,724,1250,1610,2280,2554]
[0,1250,1749,2280,2554]
[0,257,1046,1250,1749,2280,2554]
[0,658,1250,1610,2554]
[0,724,1250,2280,2554]
[0,257,724,1250,1610,1824,2215,2554]
[0,60,257,658,1046,1250,1610,2554]
[0,724,1250,2554]
[0,1250,1749,2554]
[0,658,1250,2554]
[0,257,658,1250,2215,2554]
[0,257,724,1250,1610,1824,2215,2382,2554]
[0,658,1250,2215,2554]
[0,1121,2554]
[0,60,257,658,1046,1250,1468,1610,2215,2382,2554]
[0,257,724,1250,1610,2215,2554]
