[0,486,700,1427]
[0,225,486,1225,1427]
[0,225,486,700,863,1002,1225,1357,1427]
[0,225,486,863,1120,1225,1427]
[0,225,486,1427]
[0,225,486,700,863,1120,1270,1357,1427]
[0,700,863,1120,1270,1427]
[0,225,486,700,863,1120,1270,1427]
[0,486,700,863,1002,1225,1427]
[0,225,486,700,863,1427]
[0,486,1225,1427]
[0,225,486,700,863,1002,1225,1427]
[0,700,863,1120,1427]
[0,700,1427]
[0,486,700,863,1120,1427]
[0,486,700,863,1427]
[0,225,863,1120,1225,1357,1427]
[0,486,700,863,1120,1225,1427]
[0,225,486,700,863,1225,1427]
[0,486,700,863,1120,1357,1427]
[0,486,863,1120,1427]
[0,225,486,1225,1357,1427]
[0,225,486,700,863,1120,1225,1357,1427]
[0,225,486,700,863,1002,1120,1270,1357,1427]
[0,700,863,1225,1427]
[0,225,486,700,863,1120,1225,1427]
[0,225,486,700,863,1002,1120,1225,1357,1427]
[0,863,1120,1270,1427]
[0,225,486,863,1120,1225,1357,1427]
[0,700,863,1120,1357,1427]
[0,225,700,1427]
[0,1120,1427]
[0,486,1225,1357,1427]
[0,486,863,1427]
[0,225,486,700,863,1002,1120,1270,1427]
[0,486,700,863,1002,1225,1357,1427]
[0,486,700,863,1120,1270,1427]
[0,486,1120,1427]
[0,225,486,700,863,1270,1427]
[0,863,1120,1225,1427]
[0,1225,1427]
[0,863,1120,1357,1427]
[0,700,863,1270,1427]
[0,225,863,1225,1427]
[0,863,1270,1427]
[0,1225,1357,1427]
[0,700,863,1002,1225,1427]
[0,225,486,700,863,1002,1120,1225,1427]
[0,486,700,863,1270,1427]
[0,700,863,1427]
[0,225,1427]
[0,1226,1427]
[0,863,1427]
[0,863,1120,1427]
[0,225,486,863,1427]
[0,700,863,1002,1225,1357,1427]
[0,225,486,700,1427]
[0,225,863,1120,1225,1427]
[0,700,863,1120,1225,1427]
[0,1270,1427]
[0,486,700,863,1225,1427]
[0,486,1427]
[0,863,1120,1225,1357,1427]
[0,863,1225,1427]
[0,225,486,863,1225,1427]
[0,1120,1357,1427]
[0,486,863,1225,1427]
[0,225,863,1427]
[0,486,700,863,1120,1225,1357,1427]
