[0,217,1046]
[0,43,577,750,848,976,1046]
[0,208,263,336,577,750,848,976,1046]
[0,208,577,750,848,976,1046]
[0,43,208,263,336,577,722,848,976,1046]
[0,208,336,577,722,1046]
[0,43,217,419,577,722,1046]
[0,43,208,263,577,750,848,976,1046]
[0,976,1046]
[0,208,1046]
[0,208,419,577,750,1046]
[0,208,577,976,1046]
[0,217,419,577,722,848,976,1046]
[0,217,419,722,1046]
[0,208,419,722,1046]
[0,208,577,1046]
[0,208,336,577,750,848,1046]
[0,263,577,976,1046]
[0,577,750,1046]
[0,208,336,577,722,848,1046]
[0,217,577,722,1046]
[0,577,722,848,1046]
[0,419,1046]
[0,208,336,577,750,1046]
[0,208,419,577,750,848,976,1046]
[0,208,336,577,722,848,976,1046]
[0,208,263,577,750,848,976,1046]
[0,208,336,419,577,722,848,976,1046]
[0,577,750,848,976,1046]
[0,263,577,1046]
[0,208,577,722,1046]
[0,577,976,1046]
[0,208,577,750,1046]
[0,208,336,419,577,722,848,1046]
[0,217,419,1046]
[0,208,577,722,848,976,1046]
[0,208,419,577,750,848,1046]
[0,43,217,577,722,1046]
[0,208,263,336,419,577,722,848,976,1046]
[0,577,722,1046]
[0,208,419,577,722,848,1046]
[0,217,577,722,848,1046]
[0,208,419,1046]
[0,263,577,750,1046]
[0,577,722,848,976,1046]
[0,419,722,1046]
[0,43,577,1046]
[0,43,208,577,722,848,976,1046]
[0,208,419,577,722,848,976,1046]
[0,43,1046]
[0,217,577,1046]
[0,43,577,722,848,976,1046]
[0,208,263,336,419,577,750,848,976,1046]
[0,43,577,722,1046]
[0,43,208,263,336,577,750,848,976,1046]
[0,43,217,577,722,848,976,1046]
[0,208,263,577,722,848,976,1046]
[0,208,577,722,848,1046]
[0,43,577,750,976,1046]
[0,577,1046]
[0,577,722,976,1046]
[0,43,208,263,336,419,577,722,848,976,1046]
[0,217,577,722,848,976,1046]
[0,217,419,577,722,1046]
[0,263,577,750,976,1046]
[0,43,208,577,750,848,976,1046]
[0,208,336,577,750,848,976,1046]
[0,208,263,336,577,722,848,976,1046]
[0,43,217,419,577,722,848,976,1046]
[0,208,577,750,976,1046]
[0,208,336,419,577,750,848,1046]
[0,43,208,263,577,722,848,976,1046]
[0,208,577,750,848,1046]
[0,577,750,976,1046]
[0,43,577,976,1046]
[0,43,208,263,336,419,577,750,848,976,1046]
[0,208,336,419,577,750,848,976,1046]
[0,577,750,848,1046]
[0,217,419,577,722,848,1046]
[0,43,577,722,976,1046]
[0,208,419,577,722,1046]
