[0,180,1180]
[0,64,180,691,860,1180]
[0,64,180,698,964,1180]
[0,180,698,860,1180]
[0,64,180,458,555,691,860,1180]
[0,64,180,458,555,684,860,1180]
[0,64,180,555,691,860,1180]
[0,205,698,953,1180]
[0,205,698,1180]
[0,180,555,698,860,964,1180]
[0,180,555,698,964,1180]
[0,64,180,698,860,1180]
[0,655,902,1180]
[0,458,684,1180]
[0,180,698,860,964,1180]
[0,180,250,555,698,860,964,1180]
[0,180,698,1180]
[0,698,964,1180]
[0,180,458,555,684,860,1180]
[0,180,458,684,1180]
[0,250,698,860,964,1180]
[0,180,555,698,860,1180]
[0,180,458,555,698,860,964,1180]
[0,64,180,684,860,1180]
[0,180,250,698,860,964,1180]
[0,180,458,555,698,964,1180]
[0,205,1180]
[0,180,655,902,1180]
[0,64,180,250,458,555,698,860,964,1180]
[0,698,1180]
[0,64,180,458,555,698,860,964,1180]
[0,64,698,1180]
[0,180,250,458,555,698,860,964,1180]
[0,64,180,458,555,698,817,860,964,1180]
[0,180,458,684,860,1180]
[0,698,860,1180]
[0,180,698,964,1180]
[0,180,458,555,698,860,1180]
[0,180,555,691,860,1180]
[0,250,555,698,860,964,1180]
[0,180,655,1180]
[0,64,180,250,458,555,691,860,1180]
[0,902,1180]
[0,684,1180]
[0,64,180,250,698,860,964,1180]
[0,250,1180]
[0,655,1180]
[0,64,180,698,860,964,1180]
[0,64,180,458,555,698,817,860,1180]
[0,180,458,555,691,860,1180]
[0,64,205,655,902,1180]
[0,698,953,1180]
[0,180,684,860,1180]
[0,180,691,860,1180]
[0,64,180,250,458,555,684,860,1180]
[0,250,698,964,1180]
[0,64,205,691,860,1180]
[0,205,691,1180]
[0,180,250,458,555,684,860,1180]
[0,64,180,250,555,698,860,964,1180]
[0,64,180,250,458,555,698,817,860,964,1180]
[0,64,180,555,698,964,1180]
[0,64,180,458,555,698,964,1180]
[0,205,655,902,1180]
[0,180,691,1180]
[0,64,205,698,953,1180]
[0,250,698,1180]
[0,205,691,860,1180]
[0,180,684,1180]
[0,250,555,698,964,1180]
[0,64,180,555,698,860,1180]
[0,964,1180]
[0,953,1180]
[0,691,1180]
[0,205,655,1180]
[0,64,180,458,684,860,1180]
[0,64,180,458,555,698,860,1180]
[0,180,250,458,555,691,860,1180]
[0,860,1180]
