[0,97,194,619,831,1058,1180]
[0,97,194,502,619,831,1180]
[0,97,194,831,1058,1180]
[0,194,444,665,831,1180]
[0,675,1180]
[0,99,194,444,502,711,831,1058,1180]
[0,99,194,444,711,1058,1180]
[0,194,502,665,831,1180]
[0,444,502,665,1180]
[0,831,1058,1180]
[0,502,619,1180]
[0,97,194,831,1180]
[0,99,194,444,665,831,1052,1180]
[0,194,444,665,1180]
[0,99,194,444,831,1052,1180]
[0,194,831,1058,1180]
[0,502,711,1180]
[0,99,194,444,711,1052,1180]
[0,619,831,1180]
[0,444,502,711,1180]
[0,444,831,1180]
[0,99,194,444,831,1180]
[0,194,394,502,709,1058,1180]
[0,194,619,831,1058,1180]
[0,97,194,394,502,619,709,831,1058,1180]
[0,99,194,253,444,711,831,1058,1180]
[0,709,1180]
[0,821,1180]
[0,194,711,1180]
[0,194,711,1052,1180]
[0,99,194,502,665,831,1052,1180]
[0,99,194,444,502,711,831,1052,1180]
[0,194,444,502,711,1180]
[0,194,709,1180]
[0,711,1180]
[0,99,194,444,711,831,1052,1180]
[0,99,194,665,1180]
[0,99,194,444,502,711,1052,1180]
[0,99,194,444,502,665,831,1180]
[0,194,502,619,831,1180]
[0,194,444,831,1180]
[0,99,194,444,711,1180]
[0,99,194,444,665,1180]
[0,99,194,665,831,1180]
[0,194,665,831,1180]
[0,194,444,711,831,1058,1180]
[0,194,675,1180]
[0,194,394,709,831,1058,1180]
[0,444,1180]
[0,194,831,1180]
[0,97,194,502,619,831,1058,1180]
[0,99,194,444,711,831,1058,1180]
[0,99,194,444,502,711,1058,1180]
[0,97,194,253,394,502,619,709,831,1058,1180]
[0,194,444,831,1052,1180]
[0,97,194,394,502,709,1180]
[0,99,194,253,444,711,831,1052,1180]
[0,99,194,253,444,502,711,831,1052,1180]
[0,97,194,394,502,619,831,1058,1180]
[0,99,194,444,502,665,831,1052,1180]
[0,831,1180]
[0,194,502,619,831,1058,1180]
[0,99,194,444,665,831,1180]
[0,194,709,831,1058,1180]
[0,194,394,709,1058,1180]
[0,99,194,711,831,1052,1180]
[0,502,665,1180]
[0,194,394,502,619,831,1180]
[0,194,444,711,1180]
[0,99,194,253,444,502,711,831,1058,1180]
[0,99,194,711,831,1058,1180]
[0,194,502,665,831,1052,1180]
[0,194,394,709,1180]
[0,99,194,831,1180]
[0,97,194,619,831,1180]
[0,99,194,711,1052,1180]
[0,97,194,394,502,709,1058,1180]
[0,619,1180]
[0,194,665,831,1052,1180]
[0,764,1180]
[0,194,665,1180]
[0,97,194,394,502,709,831,1058,1180]
[0,194,444,711,831,1052,1180]
[0,194,711,831,1052,1180]
[0,194,444,502,665,1180]
[0,194,444,711,1052,1180]
[0,97,194,394,502,619,831,1180]
[0,99,194,444,502,665,1180]
[0,97,194,253,394,502,709,831,1058,1180]
[0,194,619,831,1180]
[0,97,194,709,1180]
[0,99,194,711,1058,1180]
[0,665,1180]
[0,99,194,665,831,1052,1180]
[0,444,711,1180]
[0,194,394,502,619,831,1058,1180]
[0,194,821,1180]
[0,444,665,1180]
[0,394,709,1180]
[0,194,711,1058,1180]
[0,194,444,665,831,1052,1180]
[0,99,194,444,502,711,1180]
[0,99,194,711,1180]
[0,194,711,831,1058,1180]
[0,194,444,711,1058,1180]
[0,97,194,394,709,1180]
[0,194,394,502,709,1180]
[0,194,394,502,709,831,1058,1180]
[0,194,709,1058,1180]
