[0,539,1136,1579,1809,1941,2053]
[0,781,1578,1809,1941,2053]
[0,1516,1653,1749,1810,1941,2053]
[0,1136,1579,1809,2053]
[0,1579,1809,2053]
[0,1516,1666,1810,1941,2053]
[0,1579,1941,2053]
[0,1579,2053]
[0,1516,1809,1941,2053]
[0,539,781,1578,1809,1941,2053]
[0,539,1578,2053]
[0,1666,1941,2053]
[0,1516,1666,1749,1810,1941,2053]
[0,1578,1653,1941,2053]
[0,1579,1809,1941,2053]
[0,1578,1666,1941,2053]
[0,1155,1578,1810,1941,2053]
[0,1516,1653,1810,1941,2053]
[0,45,539,1136,1579,1809,1941,2053]
[0,1516,1653,2053]
[0,539,1155,1578,1810,2053]
[0,1516,1809,2053]
[0,1578,1809,1941,2053]
[0,1516,1666,2053]
[0,1516,1941,2053]
[0,1155,1578,1810,2053]
[0,1653,1941,2053]
[0,1578,1653,1809,1941,2053]
[0,1136,1579,2053]
[0,539,1136,1579,1809,2053]
[0,1578,1941,2053]
[0,45,539,781,1578,1653,1809,1941,2053]
[0,1578,1809,2053]
[0,1155,1578,2053]
[0,781,1578,1653,1809,1941,2053]
[0,1653,2053]
[0,1578,2053]
[0,1666,2053]
[0,539,1155,1578,1666,1810,1941,2053]
[0,45,1136,1579,1809,1941,2053]
[0,1578,1810,1941,2053]
[0,45,1155,1578,1666,1810,1941,2053]
[0,539,2053]
[0,539,1136,1579,2053]
[0,1136,1579,1809,1941,2053]
[0,45,539,1155,1578,1666,1810,1941,2053]
[0,539,1579,2053]
[0,539,781,1578,1653,1809,1941,2053]
[0,539,781,1578,2053]
[0,1516,2053]
[0,1516,1810,1941,2053]
[0,1578,1666,1810,1941,2053]
[0,781,2053]
[0,1516,1666,1810,2053]
[0,539,781,1578,1809,2053]
[0,1578,1810,2053]
[0,739,2053]
[0,781,1578,2053]
[0,539,1155,1578,2053]
[0,1155,1578,1666,1810,1941,2053]
[0,1516,1653,1810,2053]
[0,1516,1810,2053]
[0,781,1578,1809,2053]
[0,45,1578,1666,1810,1941,2053]
[0,539,1155,1578,1810,1941,2053]
