[0,681,1043,1286,1427]
[0,598,681,1043,1298,1427]
[0,681,1043,1298,1427]
[0,681,1271,1427]
[0,192,591,681,1043,1286,1427]
[0,1286,1427]
[0,192,266,591,681,1043,1286,1427]
[0,681,1298,1427]
[0,192,681,1043,1286,1427]
[0,192,598,681,1043,1298,1427]
[0,681,1286,1427]
[0,591,681,1043,1286,1427]
[0,601,1271,1427]
[0,591,681,1298,1427]
[0,591,681,1043,1298,1427]
[0,591,681,1286,1427]
[0,598,681,1298,1427]
[0,335,681,1271,1427]
[0,601,1427]
[0,192,681,1427]
[0,1271,1427]
[0,681,1427]
[0,192,681,1043,1298,1427]
[0,335,681,1427]
[0,681,1043,1427]
[0,192,681,1043,1427]
[0,192,266,598,681,1043,1298,1427]
