[0,174,566,728,1046]
[0,174,603,1046]
[0,118,174,566,728,1046]
[0,174,591,728,1046]
[0,932,1046]
[0,271,728,1046]
[0,174,338,591,728,1046]
[0,174,728,1046]
[0,174,338,566,728,932,1046]
[0,174,338,1046]
[0,174,566,932,1046]
[0,620,728,1046]
[0,591,728,1046]
[0,566,1046]
[0,174,338,566,1046]
[0,174,1046]
[0,603,1046]
[0,605,932,1046]
[0,174,932,1046]
[0,174,338,566,728,1046]
[0,118,174,338,620,728,1046]
[0,174,603,932,1046]
[0,174,271,620,728,1046]
[0,566,728,1046]
[0,605,1046]
[0,174,620,728,1046]
[0,174,338,728,1046]
[0,174,338,566,932,1046]
[0,174,566,1046]
[0,118,174,338,566,728,1046]
[0,271,620,728,1046]
[0,118,174,338,591,728,1046]
[0,728,1046]
[0,118,174,338,566,728,932,1046]
[0,174,338,620,728,1046]
