[0,59,223,460,502,693,925,1187,1427]
[0,1187,1427]
[0,223,1187,1427]
[0,693,925,1187,1427]
[0,223,693,925,1187,1427]
[0,925,1187,1427]
[0,223,925,1187,1427]
[0,502,1187,1427]
[0,219,502,693,925,1187,1427]
[0,219,1427]
[0,219,1187,1427]
[0,59,223,502,693,925,1187,1427]
[0,502,1427]
[0,223,502,693,799,925,1187,1427]
[0,460,1427]
[0,223,502,693,925,1187,1427]
[0,223,1427]
[0,59,223,502,693,799,925,1187,1427]
[0,223,502,1187,1427]
[0,925,1427]
[0,59,223,460,502,693,799,925,1187,1427]
[0,219,925,1187,1427]
[0,219,693,925,1187,1427]
