[0,1480,1848,2127,2554]
[0,1848,2127,2554]
[0,298,1046,1434,1675,1848,2164,2554]
[0,298,769,1480,1675,1848,2164,2554]
[0,298,789,1480,1848,2164,2554]
[0,1480,1848,2164,2554]
[0,1046,1434,1848,2164,2554]
[0,298,1046,1848,2554]
[0,1046,1151,1434,1675,1848,2554]
[0,1434,1848,2554]
[0,298,1046,1434,1848,2554]
[0,298,789,1848,2554]
[0,789,1480,1675,1848,2554]
[0,298,1046,1434,1675,1848,2554]
[0,935,1480,1848,2554]
[0,1651,1848,2554]
[0,298,789,1848,2164,2554]
[0,955,2554]
[0,298,1046,1434,1848,2164,2554]
[0,1434,1675,1848,2554]
[0,298,769,1480,1848,2554]
[0,935,1848,2127,2554]
[0,769,1480,1848,2554]
[0,298,769,1480,1675,1848,2554]
[0,935,2554]
[0,1046,1848,2554]
[0,298,769,1848,2554]
[0,789,1848,2127,2554]
[0,789,1480,1675,1848,2127,2554]
[0,1434,2554]
[0,935,1480,1848,2127,2554]
[0,298,769,1480,1848,2164,2554]
[0,935,1480,1675,1848,2127,2554]
[0,1775,2554]
[0,789,1480,1848,2164,2554]
[0,769,2554]
[0,1480,1675,1848,2127,2554]
[0,298,789,1480,1848,2554]
[0,298,1046,1675,1848,2554]
[0,769,1480,1675,1848,2554]
[0,1046,2554]
[0,955,1848,2554]
[0,298,769,1848,2164,2554]
[0,955,1775,2554]
[0,298,789,1480,1675,1848,2164,2554]
[0,1434,1848,2164,2554]
[0,298,789,1848,2127,2554]
[0,955,1651,1848,2554]
[0,298,1046,1151,1434,1675,1848,2554]
[0,1046,1434,1675,1848,2554]
[0,298,1046,1848,2164,2554]
[0,1046,1675,1848,2554]
[0,789,1848,2554]
[0,769,1848,2164,2554]
[0,769,1480,1848,2164,2554]
[0,789,1480,1848,2127,2554]
[0,1848,2554]
[0,935,1848,2554]
[0,1046,1848,2164,2554]
[0,935,1775,2554]
[0,769,1848,2554]
[0,1480,1848,2554]
[0,298,789,1480,1675,1848,2127,2554]
[0,1046,1434,1848,2554]
[0,789,2554]
[0,789,1848,2164,2554]
[0,1434,1848,2127,2554]
[0,298,789,1480,1848,2127,2554]
[0,789,1480,1848,2554]
[0,298,789,1480,1675,1848,2554]
[0,1480,1675,1848,2554]
