[0,1105,1197]
[0,535,837,1197]
[0,147,486,535,837,1043,1105,1146,1197]
[0,147,486,535,837,1043,1146,1197]
[0,535,837,1043,1197]
[0,837,1043,1197]
[0,147,837,1043,1105,1146,1197]
[0,147,837,1146,1197]
[0,147,535,837,1043,1197]
[0,147,486,535,837,1146,1197]
[0,147,837,1043,1146,1197]
[0,248,837,1197]
[0,248,837,1146,1197]
[0,248,1146,1197]
[0,220,1197]
[0,220,837,1197]
[0,147,837,1197]
[0,220,1146,1197]
[0,837,1197]
[0,147,535,837,1197]
[0,147,837,1043,1197]
[0,147,535,837,1146,1197]
[0,248,1105,1197]
[0,147,1146,1197]
[0,220,837,1146,1197]
[0,1146,1197]
[0,147,1197]
[0,248,1197]
[0,147,535,837,1043,1146,1197]
