[0,263,1284,2759]
[0,263,1120,1373,1973,2336,2759]
[0,263,1116,1373,1973,2336,2759]
[0,1124,1973,2759]
[0,263,691,1124,1357,1973,2237,2334,2386,2759]
[0,263,691,1124,1357,1973,2334,2759]
[0,263,1124,1973,2334,2759]
[0,263,1124,1357,1973,2334,2759]
[0,1006,2759]
[0,1006,1973,2336,2759]
[0,1116,2759]
[0,263,691,1124,1357,1973,2336,2759]
[0,263,1124,1973,2336,2759]
[0,263,691,1124,1357,1973,2237,2334,2759]
[0,263,1124,1357,1973,2336,2759]
[0,263,1006,1124,1357,1973,2237,2336,2386,2759]
[0,263,1006,1357,1973,2336,2759]
[0,691,1357,1973,2334,2759]
[0,263,1116,1357,1973,2336,2759]
[0,691,1357,2334,2759]
[0,1120,1973,2336,2759]
[0,263,691,1124,1357,1973,2237,2336,2759]
[0,1120,2759]
[0,263,1006,1357,1973,2237,2336,2386,2759]
[0,263,1120,1973,2336,2759]
[0,1120,1973,2759]
[0,691,1357,1973,2336,2759]
[0,263,1006,1357,1973,2237,2336,2759]
[0,1357,2334,2759]
[0,1124,2759]
[0,1284,2336,2759]
[0,691,1357,2759]
[0,691,1357,2336,2759]
[0,1116,1973,2759]
[0,263,1284,1973,2336,2759]
[0,1116,1973,2336,2759]
[0,1357,2336,2759]
[0,1357,2759]
[0,263,1124,1973,2759]
[0,1124,1973,2334,2759]
[0,263,1006,1124,1357,1973,2336,2759]
[0,263,691,1357,1973,2334,2759]
[0,1357,1973,2334,2759]
[0,1284,2759]
[0,1973,2759]
[0,263,691,1357,1973,2336,2759]
[0,1357,1973,2336,2759]
[0,1284,1973,2336,2759]
[0,263,1973,2759]
[0,1006,1973,2759]
[0,263,1116,1973,2336,2759]
[0,1124,1973,2336,2759]
[0,1006,1357,1973,2336,2759]
[0,263,1006,1124,1357,1973,2237,2336,2759]
