[0,2031,2812]
[0,456,1231,2031,2487,2812]
[0,1091,2812]
[0,617,1751,2487,2812]
[0,225,456,1751,2031,2487,2812]
[0,456,2487,2812]
[0,456,1091,1751,2031,2487,2812]
[0,1091,1751,2812]
[0,413,2812]
[0,225,617,1751,2487,2693,2812]
[0,225,456,1091,1231,1751,2031,2487,2693,2812]
[0,225,456,1091,1231,2487,2812]
[0,225,456,2487,2812]
[0,225,456,1091,1231,2031,2487,2812]
[0,1751,2812]
[0,225,456,1091,1231,2031,2487,2693,2812]
[0,225,617,1751,2031,2487,2693,2812]
[0,617,2487,2812]
[0,225,456,2031,2487,2812]
[0,456,2031,2812]
[0,225,456,1091,1231,1751,2031,2487,2812]
[0,225,456,1091,1751,2031,2487,2812]
[0,225,456,1751,2031,2487,2693,2812]
[0,456,1231,2487,2812]
[0,617,2812]
[0,225,617,1751,2031,2487,2812]
[0,617,1751,2031,2487,2812]
[0,456,2031,2487,2812]
[0,456,1751,2812]
[0,225,456,1231,2031,2487,2812]
[0,1231,2812]
[0,1231,2031,2812]
[0,225,456,1231,2487,2693,2812]
[0,617,1751,2812]
[0,456,1231,2031,2812]
[0,2487,2693,2812]
[0,456,2812]
[0,225,456,1231,2487,2812]
[0,456,1751,2031,2487,2812]
[0,1091,2302,2812]
[0,225,617,1751,2487,2812]
[0,456,1091,1751,2487,2812]
[0,456,1231,2812]
[0,413,2487,2812]
[0,2487,2812]
[0,225,617,2487,2693,2812]
[0,225,456,2487,2693,2812]
[0,225,456,2031,2487,2693,2812]
[0,617,2487,2693,2812]
[0,456,1751,2487,2812]
[0,456,1091,1751,2812]
[0,225,617,2487,2812]
[0,2302,2812]
[0,225,456,1091,1231,2487,2693,2812]
