[0,227,997,1206,1343]
[0,156,997,1343]
[0,227,484,997,1206,1343]
[0,428,997,1206,1343]
[0,326,1006,1343]
[0,380,1006,1206,1343]
[0,156,326,484,997,1206,1343]
[0,326,1343]
[0,326,997,1343]
[0,484,1006,1206,1343]
[0,227,997,1343]
[0,156,997,1206,1343]
[0,227,1006,1343]
[0,156,380,1006,1343]
[0,156,326,484,676,1006,1343]
[0,156,380,997,1343]
[0,326,484,676,1006,1343]
[0,326,484,1006,1343]
[0,1006,1343]
[0,326,484,997,1343]
[0,227,1343]
[0,997,1343]
[0,156,326,484,885,997,1206,1343]
[0,227,484,1006,1206,1343]
[0,156,428,997,1343]
[0,484,1343]
[0,380,997,1206,1343]
[0,484,1006,1343]
[0,156,326,484,676,1006,1117,1206,1343]
[0,156,484,1006,1206,1343]
[0,484,997,1343]
[0,227,1006,1206,1343]
[0,156,326,484,676,926,1006,1117,1206,1343]
[0,227,484,1006,1343]
[0,156,326,484,926,1006,1117,1206,1343]
[0,156,484,997,1206,1343]
[0,428,997,1343]
[0,227,943,1206,1343]
[0,227,484,997,1343]
[0,156,1343]
[0,156,326,484,1006,1206,1343]
[0,156,484,1006,1117,1206,1343]
[0,156,326,997,1206,1343]
[0,380,1343]
[0,326,676,1006,1343]
[0,156,380,997,1206,1343]
[0,156,428,997,1206,1343]
[0,380,1006,1343]
[0,156,326,484,885,997,1117,1206,1343]
[0,156,326,885,997,1206,1343]
[0,156,484,1006,1343]
[0,227,943,1343]
[0,156,326,997,1343]
[0,943,1343]
[0,156,326,484,1006,1343]
[0,428,1343]
[0,156,326,484,997,1343]
[0,156,380,1006,1206,1343]
[0,156,484,997,1343]
[0,484,997,1206,1343]
[0,380,997,1343]
[0,156,326,484,676,1006,1206,1343]
[0,676,1006,1343]
[0,156,326,484,1006,1117,1206,1343]
[0,326,997,1206,1343]
