[0,448,966,1223,1678,2189]
[0,448,966,1678,1825,2189]
[0,448,966,1678,2003,2189]
[0,284,448,623,966,1223,1678,1825,2003,2189]
[0,69,284,623,966,1223,1825,2189]
[0,161,448,623,966,1223,1678,1825,2003,2189]
[0,966,1223,1678,2189]
[0,966,2189]
[0,448,966,1223,1825,2189]
[0,161,966,1678,1825,2189]
[0,284,448,623,966,1223,1825,2189]
[0,448,623,966,1223,1678,1825,2189]
[0,448,623,966,1223,1678,2003,2189]
[0,284,623,966,1825,2189]
[0,69,448,966,1086,1825,2189]
[0,69,284,966,1825,2189]
[0,161,966,1825,2189]
[0,623,966,1825,2189]
[0,69,448,966,1678,1825,2189]
[0,448,966,1825,2189]
[0,1678,2189]
[0,448,2189]
[0,161,448,623,966,1086,1678,1825,2189]
[0,448,966,1086,1678,1825,2189]
[0,284,623,966,1223,1825,2189]
[0,966,1223,1678,2003,2189]
[0,966,1086,1825,2189]
[0,69,448,623,966,1086,1678,1825,2003,2189]
[0,284,448,623,966,1223,1678,1825,2189]
[0,69,284,966,1223,1825,2189]
[0,448,623,966,1678,1825,2189]
[0,69,448,623,966,1223,1678,1825,2189]
[0,966,1678,2189]
[0,448,623,966,1678,2003,2189]
[0,161,448,623,966,1825,2189]
[0,161,448,623,966,1223,1678,2003,2189]
[0,448,623,966,1223,1678,1825,2003,2189]
[0,448,623,966,1678,1825,2003,2189]
[0,448,623,966,1825,2189]
[0,623,2189]
[0,448,966,2189]
[0,69,284,623,966,1223,1678,1825,2189]
[0,161,448,623,966,1678,1825,2189]
[0,966,1086,1678,1825,2189]
[0,69,448,966,1086,1678,1825,2189]
[0,1778,2189]
[0,161,448,623,966,1678,2003,2189]
[0,284,966,1223,1825,2189]
[0,284,448,623,966,1086,1223,1678,1825,2003,2189]
[0,966,1086,1778,2189]
[0,161,448,623,966,1086,1223,1678,1825,2003,2189]
[0,448,966,1086,1825,2189]
[0,161,448,623,966,1678,1825,2003,2189]
[0,448,623,1825,2189]
[0,623,1773,2189]
[0,1773,2189]
[0,966,1778,2189]
[0,69,284,448,623,966,1223,1678,1825,2003,2189]
[0,161,966,1086,1778,2189]
[0,69,448,966,1825,2189]
[0,966,1223,1825,2189]
[0,448,966,1678,2189]
[0,69,284,448,623,966,1223,1678,1825,2189]
[0,161,448,623,966,1086,1678,1825,2003,2189]
[0,69,448,623,966,1223,1678,1825,2003,2189]
[0,284,966,1825,2189]
[0,966,1678,1825,2189]
[0,69,448,623,966,1223,1825,2189]
[0,966,1678,2003,2189]
[0,448,966,1223,1678,2003,2189]
[0,448,623,966,1223,1825,2189]
[0,448,623,966,1086,1678,1825,2003,2189]
[0,448,623,966,1678,2189]
[0,623,1825,2189]
[0,161,966,1086,1678,1825,2189]
[0,1825,2189]
[0,161,966,1778,2189]
[0,284,448,623,966,1223,1678,2003,2189]
[0,69,448,623,966,1678,1825,2189]
[0,966,1825,2189]
[0,69,448,623,966,1086,1678,1825,2189]
[0,448,623,966,1086,1678,1825,2189]
[0,284,623,966,1223,1678,1825,2189]
