[0,118,384,821,1005,1180]
[0,384,581,821,1005,1180]
[0,168,581,821,1180]
[0,384,709,1005,1180]
[0,188,699,1180]
[0,709,1005,1180]
[0,154,581,821,919,1180]
[0,128,384,648,889,1084,1180]
[0,107,168,581,648,709,821,919,1180]
[0,118,648,709,1084,1180]
[0,128,648,889,1084,1180]
[0,154,384,581,648,821,1005,1180]
[0,128,384,648,889,1180]
[0,154,384,581,648,821,919,1180]
[0,384,821,1005,1180]
[0,384,581,821,1180]
[0,168,384,581,648,709,821,919,1180]
[0,154,384,581,648,709,821,919,1180]
[0,648,1180]
[0,168,384,581,821,919,1180]
[0,118,821,1005,1180]
[0,168,384,581,821,1084,1180]
[0,107,168,821,1084,1180]
[0,168,384,581,648,709,821,1084,1180]
[0,168,581,648,1084,1180]
[0,648,821,1180]
[0,168,581,648,709,821,919,1180]
[0,168,821,1180]
[0,118,648,821,1005,1180]
[0,168,581,1180]
[0,648,889,1180]
[0,168,581,648,821,1084,1180]
[0,118,821,1084,1180]
[0,168,581,1084,1180]
[0,168,384,581,821,932,1084,1180]
[0,168,581,648,709,1084,1180]
[0,709,1180]
[0,168,384,581,648,821,1084,1180]
[0,821,1180]
[0,118,648,709,821,1005,1180]
[0,118,648,709,821,1084,1180]
[0,107,168,384,581,648,709,821,919,1180]
[0,107,168,581,821,1084,1180]
[0,128,709,1180]
[0,118,648,709,821,1005,1084,1180]
[0,154,581,1180]
[0,107,168,384,581,648,709,821,1084,1180]
[0,118,648,821,1084,1180]
[0,168,384,581,821,1180]
[0,168,581,648,709,1180]
[0,889,1180]
[0,154,821,1005,1180]
[0,154,1180]
[0,128,889,1180]
[0,154,821,919,1180]
[0,107,168,384,581,821,1084,1180]
[0,648,821,1005,1180]
[0,118,648,821,1005,1084,1180]
[0,154,581,648,821,919,1180]
[0,384,709,1180]
[0,154,384,581,821,1005,1084,1180]
[0,581,821,1180]
[0,154,384,581,821,919,1180]
[0,384,581,1180]
[0,107,168,384,581,821,932,1084,1180]
[0,128,709,1084,1180]
[0,154,581,821,1005,1180]
[0,699,1180]
[0,821,1005,1180]
[0,107,168,581,648,709,821,1084,1180]
[0,384,821,1180]
[0,154,384,581,821,1180]
[0,168,581,821,932,1180]
[0,168,581,821,919,1180]
[0,118,384,709,1005,1180]
[0,648,709,1180]
[0,154,384,581,648,709,821,1005,1180]
[0,384,1180]
[0,128,384,699,1180]
[0,168,581,821,1084,1180]
[0,118,709,1005,1180]
[0,118,648,821,932,1084,1180]
[0,128,889,1084,1180]
[0,118,709,1180]
[0,118,821,1180]
[0,168,821,1084,1180]
[0,154,581,648,1180]
[0,128,648,709,1180]
[0,168,581,648,709,821,1084,1180]
[0,154,581,648,821,1180]
[0,384,699,1180]
[0,118,648,709,1180]
[0,168,1180]
[0,118,709,1084,1180]
[0,168,384,581,821,932,1180]
[0,168,821,932,1180]
[0,384,648,1180]
[0,168,821,919,1180]
[0,581,821,1005,1180]
[0,168,581,648,821,919,1180]
[0,168,581,648,1180]
[0,154,581,648,709,821,919,1180]
[0,128,1180]
[0,168,384,581,648,821,919,1180]
[0,118,821,932,1180]
[0,128,648,889,1180]
[0,154,581,821,1180]
[0,154,581,648,709,821,1005,1180]
[0,118,648,821,932,1180]
[0,154,581,648,821,1005,1180]
[0,118,648,709,821,932,1084,1180]
[0,118,648,821,1180]
[0,188,709,1180]
[0,581,1180]
[0,154,821,1180]
[0,118,384,709,821,1005,1180]
[0,384,648,889,1180]
[0,168,581,648,821,1180]
[0,128,648,709,1084,1180]
[0,154,384,581,821,1005,1180]
