[0,497,1180]
[0,252,367,432,497,603,690,1058,1180]
[0,1058,1180]
[0,252,603,690,1180]
[0,432,603,1058,1180]
[0,252,603,690,1058,1180]
[0,596,1058,1180]
[0,252,603,690,774,1180]
[0,666,1101,1180]
[0,252,432,497,596,690,1058,1180]
[0,432,497,1101,1180]
[0,252,432,497,1058,1180]
[0,497,690,1058,1180]
[0,596,690,1101,1180]
[0,432,596,690,1101,1180]
[0,252,497,690,1058,1180]
[0,252,367,432,497,1058,1101,1180]
[0,252,432,603,1180]
[0,252,497,1058,1180]
[0,432,603,1180]
[0,432,497,596,690,1058,1101,1180]
[0,432,596,1101,1180]
[0,1101,1180]
[0,432,497,596,690,774,1101,1180]
[0,432,596,1180]
[0,252,367,432,603,690,1058,1101,1180]
[0,432,497,596,690,1058,1180]
[0,252,432,497,690,1058,1180]
[0,252,603,1180]
[0,252,367,432,497,690,1058,1101,1180]
[0,497,690,1180]
[0,252,497,1180]
[0,603,690,774,1101,1180]
[0,252,596,1180]
[0,603,1180]
[0,252,603,690,774,1101,1180]
[0,252,603,1058,1180]
[0,497,1101,1180]
[0,432,497,603,690,1058,1180]
[0,252,497,690,1180]
[0,367,432,497,1058,1180]
[0,432,497,1058,1180]
[0,252,497,666,1101,1180]
[0,252,603,690,1058,1101,1180]
[0,367,432,603,690,1058,1180]
[0,690,1101,1180]
[0,603,1058,1180]
[0,596,690,1058,1180]
[0,596,690,774,1180]
[0,432,497,596,690,1101,1180]
[0,432,596,690,1058,1180]
[0,432,596,690,774,1180]
[0,252,367,432,497,596,690,1058,1180]
[0,603,690,1180]
[0,432,596,1058,1180]
[0,432,596,774,1180]
[0,432,596,690,1180]
[0,252,432,603,690,1058,1180]
[0,666,1180]
[0,252,432,603,1058,1180]
[0,603,1101,1180]
[0,1075,1180]
[0,690,1180]
[0,596,774,1180]
[0,432,596,690,774,1101,1180]
[0,252,367,432,603,690,1058,1180]
[0,596,690,1180]
[0,497,1058,1180]
[0,432,497,1058,1101,1180]
[0,603,690,1058,1180]
[0,252,367,432,497,596,690,1058,1101,1180]
[0,252,367,432,497,1058,1180]
[0,603,690,774,1180]
[0,432,497,690,1058,1101,1180]
[0,432,603,690,1058,1180]
[0,596,690,774,1101,1180]
[0,432,497,596,1101,1180]
[0,596,1101,1180]
[0,497,1075,1180]
[0,252,367,603,690,1058,1180]
[0,252,497,666,1180]
[0,252,596,690,1058,1180]
[0,603,690,1058,1101,1180]
[0,252,596,1058,1180]
[0,432,497,690,1058,1180]
[0,252,367,432,497,690,1058,1180]
[0,252,367,432,497,603,690,1058,1101,1180]
[0,596,1180]
[0,603,690,1101,1180]
[0,252,497,1101,1180]
[0,252,432,497,603,690,1058,1180]
[0,252,367,603,1058,1180]
[0,252,497,596,690,1058,1180]
