[0,219,391,461,745,809,921,1226,1327]
[0,219,391,461,745,921,1226,1327]
[0,110,219,391,461,745,921,1226,1327]
[0,391,809,1327]
[0,391,745,1327]
[0,219,461,745,1226,1327]
[0,391,461,745,809,1226,1327]
[0,391,461,745,1226,1327]
[0,391,745,921,1327]
[0,110,219,461,745,921,1226,1327]
[0,110,219,391,461,745,1226,1327]
[0,110,219,461,745,1226,1327]
[0,461,745,1327]
[0,110,219,391,461,745,809,921,1226,1327]
[0,391,745,1125,1327]
[0,809,1125,1327]
[0,391,809,1125,1327]
[0,391,745,1226,1327]
[0,219,461,745,1327]
[0,219,461,745,921,1327]
[0,745,1125,1327]
[0,391,461,745,921,1226,1327]
[0,745,1226,1327]
[0,219,391,461,745,1226,1327]
[0,110,219,461,745,921,1327]
[0,219,745,1327]
[0,219,745,921,1327]
[0,219,461,745,921,1226,1327]
[0,391,461,745,809,921,1226,1327]
[0,391,745,921,1226,1327]
[0,745,1327]
[0,391,1327]
[0,809,1327]
[0,219,745,1226,1327]
[0,110,219,461,745,1327]
