[0,103,480,617,922]
[0,306,480,617,729,922]
[0,575,922]
[0,103,306,414,480,617,729,922]
[0,103,181,244,306,414,480,575,617,729,922]
[0,480,922]
[0,103,181,306,480,617,729,922]
[0,306,480,922]
[0,103,181,244,306,414,480,617,729,922]
[0,306,480,617,922]
[0,230,575,922]
[0,103,244,306,414,480,575,617,729,922]
[0,103,244,306,414,480,617,729,922]
[0,480,617,922]
[0,103,480,922]
[0,103,306,480,617,922]
[0,103,244,306,480,617,922]
[0,103,244,306,480,617,729,922]
[0,103,306,480,617,729,922]
[0,480,617,729,922]
[0,103,181,306,414,480,617,729,922]
