[0,505,572,626,796,839,1054,1197]
[0,221,505,572,1054,1197]
[0,221,572,796,1054,1197]
[0,221,572,1054,1197]
[0,1054,1197]
[0,837,1054,1197]
[0,796,839,1197]
[0,147,572,796,1054,1197]
[0,505,572,626,796,1054,1197]
[0,147,221,505,572,1054,1197]
[0,796,1054,1197]
[0,572,796,1054,1197]
[0,566,796,1197]
[0,222,566,1197]
[0,221,626,837,1054,1197]
[0,221,626,837,1197]
[0,147,221,505,572,796,1054,1197]
[0,147,572,1197]
[0,572,837,1054,1197]
[0,147,572,1054,1197]
[0,505,1197]
[0,566,837,1197]
[0,221,1197]
[0,626,1197]
[0,71,222,566,626,796,1054,1197]
[0,572,626,796,1054,1197]
[0,837,1197]
[0,147,572,796,1197]
[0,71,222,566,796,1054,1197]
[0,221,796,1197]
[0,221,626,1054,1197]
[0,566,626,796,1054,1197]
[0,566,626,796,1197]
[0,566,626,796,839,1054,1197]
[0,839,1197]
[0,147,221,796,1054,1197]
[0,566,1197]
[0,147,221,505,572,626,796,839,1054,1197]
[0,222,572,837,1197]
[0,766,1197]
[0,71,222,566,1054,1197]
[0,566,796,1054,1197]
[0,572,626,796,1197]
[0,147,221,572,1054,1197]
[0,221,837,1054,1197]
[0,566,626,837,1054,1197]
[0,572,796,839,1197]
[0,566,1054,1197]
[0,572,1197]
[0,221,626,1197]
[0,147,221,572,796,1054,1197]
[0,221,837,1197]
[0,221,505,626,837,1054,1197]
[0,572,1054,1197]
[0,221,572,796,1197]
[0,566,626,837,1197]
[0,147,221,505,572,626,796,1054,1197]
[0,572,796,1197]
[0,796,1197]
[0,222,572,837,1054,1197]
[0,221,839,1197]
[0,222,566,1054,1197]
[0,221,505,572,626,796,839,1054,1197]
[0,222,566,626,796,839,1054,1197]
[0,572,626,796,839,1197]
[0,222,566,626,796,1054,1197]
[0,221,1054,1197]
[0,221,626,839,1197]
[0,505,839,1197]
[0,222,566,796,1197]
[0,566,626,796,839,1197]
[0,221,505,572,796,1054,1197]
[0,572,626,796,839,1054,1197]
[0,505,1054,1197]
[0,222,566,796,1054,1197]
[0,221,572,1197]
[0,505,572,796,1054,1197]
[0,566,837,1054,1197]
[0,566,796,839,1197]
[0,572,626,1054,1197]
[0,221,505,572,626,796,1054,1197]
[0,572,837,1197]
[0,71,222,566,626,796,839,1054,1197]
[0,505,572,1054,1197]
[0,221,796,1054,1197]
