[0,292,493,1269,1623,2182,2554]
[0,754,1415,1634,2182,2554]
[0,292,493,2182,2554]
[0,292,493,1415,1634,1833,2182,2554]
[0,292,493,564,1634,2182,2554]
[0,292,552,754,1415,1634,1833,2182,2554]
[0,1634,2554]
[0,754,1050,1634,2182,2554]
[0,292,1415,1634,2182,2554]
[0,292,493,564,1415,1634,2182,2554]
[0,292,493,564,754,1269,1623,1775,2182,2554]
[0,1623,2182,2554]
[0,292,552,754,1050,1415,1634,1833,2182,2554]
[0,292,493,754,1415,1634,2182,2554]
[0,493,754,1269,1623,2182,2554]
[0,493,754,1634,2182,2554]
[0,292,493,754,1634,2182,2554]
[0,292,493,564,754,1269,1623,2182,2554]
[0,292,493,564,754,1415,1634,1833,2182,2554]
[0,292,493,1634,2182,2554]
[0,292,1623,2182,2554]
[0,292,754,1634,2182,2554]
[0,564,1698,2554]
[0,754,1623,2554]
[0,754,1623,2182,2554]
[0,1415,1634,2182,2554]
[0,292,552,754,1415,1634,2182,2554]
[0,292,493,754,1415,1634,1833,2182,2554]
[0,292,1634,2182,2554]
[0,754,1269,1623,2182,2554]
[0,1269,1623,2182,2554]
[0,493,754,1269,1634,2182,2554]
[0,292,2182,2554]
[0,754,1415,1634,1833,2182,2554]
[0,292,1269,1623,2182,2554]
[0,292,493,564,754,1415,1623,2182,2554]
[0,1698,2554]
[0,2182,2554]
[0,292,493,754,1623,2182,2554]
[0,292,754,1415,1634,2182,2554]
[0,292,493,564,1269,1623,2182,2554]
[0,754,1269,1634,2182,2554]
[0,1634,2182,2554]
[0,292,493,754,1269,1623,2182,2554]
[0,493,754,1415,1623,2182,2554]
[0,292,493,564,2182,2554]
[0,292,493,754,2182,2554]
[0,564,2554]
[0,292,493,564,1623,2182,2554]
[0,292,1269,1634,2182,2554]
[0,292,493,1634,1833,2182,2554]
[0,754,1050,1415,1634,2182,2554]
[0,292,493,564,1269,1634,2182,2554]
[0,292,493,1415,1623,2182,2554]
[0,493,754,1623,2182,2554]
[0,493,754,2182,2554]
[0,292,493,1415,1634,2182,2554]
[0,292,493,754,1415,1623,1775,2182,2554]
[0,292,754,1050,1634,2182,2554]
[0,292,493,754,1269,1634,2182,2554]
[0,292,493,1269,1634,2182,2554]
[0,754,1634,2554]
[0,292,493,564,1415,1623,2182,2554]
[0,292,493,564,754,1269,1634,2182,2554]
[0,292,1415,1623,2182,2554]
[0,1415,1623,2182,2554]
[0,292,493,564,754,1415,1623,1775,2182,2554]
[0,292,754,1050,1415,1634,2182,2554]
[0,754,2182,2554]
[0,493,564,2182,2554]
[0,292,754,1415,1634,1833,2182,2554]
[0,292,493,564,1415,1634,1833,2182,2554]
[0,292,552,754,1050,1415,1634,2182,2554]
[0,292,493,1623,2182,2554]
[0,754,2554]
[0,754,1634,2182,2554]
[0,493,754,1415,1634,2182,2554]
[0,564,2182,2554]
[0,292,493,564,754,1269,1634,1833,2182,2554]
[0,1269,1634,2182,2554]
[0,292,493,754,1415,1623,2182,2554]
[0,292,493,754,1269,1634,1833,2182,2554]
[0,292,493,754,1269,1623,1775,2182,2554]
[0,1623,2554]
