[0,203,417,541,901,1078,1415,1512,1651]
[0,203,417,803,1044,1400,1651]
[0,417,803,1044,1400,1651]
[0,1044,1651]
[0,203,417,541,785,1044,1415,1651]
[0,417,901,1078,1400,1651]
[0,1301,1651]
[0,417,803,1651]
[0,417,1078,1651]
[0,803,1044,1400,1651]
[0,203,1078,1400,1651]
[0,417,541,785,1044,1415,1651]
[0,1078,1400,1651]
[0,203,417,541,785,1044,1415,1512,1651]
[0,417,785,1651]
[0,203,417,541,901,1078,1400,1512,1651]
[0,417,541,785,1044,1415,1512,1651]
[0,417,541,803,1044,1400,1651]
[0,417,803,1044,1651]
[0,203,1078,1415,1651]
[0,803,1044,1651]
[0,203,417,541,901,1078,1400,1651]
[0,1400,1651]
[0,1044,1400,1651]
[0,203,417,541,803,1044,1400,1651]
[0,417,541,803,1044,1400,1515,1651]
[0,1415,1651]
[0,417,1078,1400,1651]
[0,417,1044,1400,1651]
[0,1044,1415,1651]
[0,203,417,541,803,1044,1400,1515,1651]
[0,417,901,1078,1415,1651]
[0,803,1651]
[0,1078,1651]
[0,417,1078,1415,1651]
[0,1078,1415,1651]
[0,785,1044,1415,1651]
[0,785,1651]
[0,417,1044,1651]
[0,203,417,901,1078,1400,1651]
[0,785,1044,1651]
[0,203,417,541,901,1078,1415,1651]
[0,203,417,785,1044,1415,1651]
[0,203,417,901,1078,1415,1651]
[0,803,1044,1491,1651]
[0,417,803,1044,1491,1651]
[0,417,785,1044,1651]
[0,417,785,1044,1415,1651]
[0,203,417,541,901,1078,1400,1515,1651]
[0,901,1078,1400,1651]
[0,1491,1651]
[0,203,417,1078,1400,1651]
[0,901,1078,1415,1651]
[0,417,541,803,1044,1491,1651]
[0,203,417,1078,1415,1651]
[0,1044,1491,1651]
