[0,1719,3338,4285]
[0,429,1719,2039,3338,3716,3877,4285]
[0,429,4285]
[0,1803,3582,4285]
[0,429,1904,2894,4285]
[0,429,1310,2039,3338,4285]
[0,1310,1904,2894,4285]
[0,429,1803,2828,4285]
[0,429,797,1310,1761,2039,3338,3877,4285]
[0,429,769,1310,2039,3338,4285]
[0,429,1310,2039,3338,3877,4285]
[0,429,2039,2828,3338,3877,4285]
[0,429,2039,3338,4285]
[0,429,769,1310,1719,2039,3338,3877,4285]
[0,429,1310,1904,2894,4285]
[0,1310,2039,3338,4285]
[0,2039,2828,3338,4285]
[0,429,1310,2039,3338,3716,4285]
[0,429,1904,3338,4285]
[0,429,769,1310,2039,3338,3877,4285]
[0,429,1719,2039,3338,3877,4285]
[0,1310,1904,3338,4285]
[0,1310,1904,4285]
[0,429,2039,4285]
[0,429,1719,2039,3338,3716,4285]
[0,429,769,1310,2039,3338,3716,4285]
[0,429,769,1310,2039,3338,3716,3877,4285]
[0,429,1803,4285]
[0,429,1310,1904,3338,3877,4285]
[0,429,1719,3338,4285]
[0,429,2039,3338,3877,4285]
[0,429,1310,2039,2828,3338,3877,4285]
[0,429,1310,1719,2039,2828,3338,3877,4285]
[0,429,1310,2039,3338,3716,3877,4285]
[0,429,1310,2039,2828,3338,4285]
[0,429,1719,2039,2828,3338,3877,4285]
[0,429,1719,2039,3338,4285]
[0,1904,2894,4285]
[0,429,2039,3338,3716,4285]
[0,2039,4285]
[0,1803,2828,4285]
[0,429,1719,3877,4285]
[0,429,1904,4285]
[0,429,1310,1904,3338,4285]
[0,429,1719,4285]
[0,2039,3338,4285]
[0,1803,4285]
[0,429,2039,3338,3716,3877,4285]
[0,429,2039,2828,3338,4285]
[0,429,1803,3582,4285]
[0,1310,4285]
[0,1422,4285]
[0,1904,3338,4285]
[0,429,797,1310,2039,3338,3877,4285]
[0,1310,2039,2828,3338,4285]
[0,1719,4285]
[0,1904,4285]
