[0,404,1121,1807,2177,2456,2812]
[0,1394,2043,2812]
[0,359,643,2007,2456,2812]
[0,259,404,2050,2812]
[0,404,643,1121,1814,2050,2812]
[0,404,592,1121,1807,2043,2812]
[0,404,592,1121,1807,2177,2456,2812]
[0,259,404,1121,2177,2812]
[0,404,643,2050,2812]
[0,404,2043,2812]
[0,1121,2050,2812]
[0,404,2177,2812]
[0,259,404,592,1121,1807,2177,2658,2812]
[0,404,1121,1807,2177,2812]
[0,2050,2812]
[0,359,1121,1814,2050,2812]
[0,1394,2812]
[0,1121,2812]
[0,259,404,643,1121,1814,2050,2812]
[0,359,2050,2812]
[0,404,592,1121,1807,2177,2456,2658,2812]
[0,404,2456,2812]
[0,359,1394,1814,2050,2456,2812]
[0,259,404,643,1121,1814,2177,2812]
[0,404,1394,2043,2456,2812]
[0,359,1394,2050,2456,2812]
[0,404,1394,1807,2043,2812]
[0,1121,2177,2812]
[0,259,404,1121,1814,2177,2812]
[0,404,1121,1814,2050,2812]
[0,404,1394,2043,2812]
[0,404,1121,1814,2177,2456,2812]
[0,404,1807,2043,2812]
[0,359,1121,2050,2812]
[0,404,1394,2007,2456,2812]
[0,404,643,1121,2050,2812]
[0,404,1454,2812]
[0,2007,2812]
[0,359,1814,2050,2812]
[0,359,1394,1814,2050,2812]
[0,359,2050,2456,2812]
[0,259,404,592,1121,1807,2177,2456,2658,2812]
[0,1394,2050,2812]
[0,359,2007,2812]
[0,404,2050,2812]
[0,404,643,1121,1814,2177,2456,2812]
[0,404,1394,2812]
[0,259,404,1121,1807,2177,2812]
[0,404,1394,2456,2812]
[0,404,1121,1807,2043,2812]
[0,259,404,1121,2043,2812]
[0,404,2812]
[0,259,404,2043,2812]
[0,404,643,1121,1814,2177,2812]
[0,1454,2812]
[0,259,404,1121,1807,2177,2658,2812]
[0,404,643,1121,1814,2177,2456,2658,2812]
[0,404,2043,2456,2812]
[0,404,592,1121,1807,2177,2812]
[0,404,1121,1807,2177,2658,2812]
[0,404,1121,2043,2812]
[0,404,1121,2177,2812]
[0,259,404,1121,1814,2050,2812]
[0,404,1121,1814,2177,2456,2658,2812]
[0,259,404,2177,2812]
[0,359,1394,2050,2812]
[0,404,2410,2812]
[0,404,592,2043,2812]
[0,1121,2043,2812]
[0,1394,2007,2812]
[0,259,404,1121,1814,2177,2456,2658,2812]
[0,2043,2812]
[0,359,2007,2456,2812]
[0,404,592,1121,1807,2177,2658,2812]
[0,404,2007,2812]
[0,259,404,643,1121,1814,2177,2456,2658,2812]
[0,259,404,643,1121,1814,2043,2177,2456,2658,2812]
[0,2177,2812]
[0,259,404,592,1121,1807,2043,2812]
[0,404,1121,1814,2177,2658,2812]
[0,2410,2812]
[0,404,592,1394,1807,2043,2812]
[0,404,1454,2410,2812]
[0,259,404,1121,1814,2177,2658,2812]
[0,404,2007,2456,2812]
[0,404,1121,1814,2177,2812]
[0,259,404,1121,1807,2043,2812]
[0,404,592,1807,2043,2812]
[0,259,404,1121,2050,2812]
[0,404,1121,2050,2812]
[0,404,1394,2007,2812]
[0,259,404,592,1121,1807,2177,2812]
[0,2456,2812]
