[0,119,449,865,1080,1810]
[0,733,865,1080,1479,1810]
[0,257,1080,1479,1810]
[0,449,1810]
[0,119,1810]
[0,107,449,865,1080,1479,1602,1810]
[0,107,257,449,733,865,1080,1176,1479,1602,1810]
[0,77,449,865,1365,1602,1810]
[0,107,449,865,1080,1810]
[0,449,865,1365,1602,1810]
[0,77,257,449,733,865,1365,1810]
[0,107,257,449,733,865,1080,1479,1602,1810]
[0,449,865,1080,1479,1810]
[0,119,449,865,1080,1176,1652,1810]
[0,733,865,1080,1479,1602,1810]
[0,107,733,865,1080,1810]
[0,257,449,865,1810]
[0,119,1080,1810]
[0,257,865,1080,1810]
[0,77,449,865,1024,1176,1365,1602,1810]
[0,865,1080,1479,1810]
[0,119,865,1080,1810]
[0,449,1479,1810]
[0,449,865,1602,1810]
[0,77,449,1810]
[0,257,449,865,1080,1479,1810]
[0,1080,1810]
[0,77,257,733,865,1810]
[0,107,257,449,865,1080,1176,1479,1602,1810]
[0,119,865,1080,1652,1810]
[0,107,257,449,865,1080,1176,1810]
[0,107,257,733,865,1080,1479,1602,1810]
[0,107,257,733,865,1080,1176,1479,1602,1810]
[0,294,1810]
[0,865,1080,1479,1602,1810]
[0,449,865,1024,1176,1365,1602,1810]
[0,257,449,865,1365,1810]
[0,77,449,865,1602,1810]
[0,107,733,865,1080,1479,1602,1810]
[0,107,1080,1479,1602,1810]
[0,449,865,1080,1810]
[0,119,1080,1176,1810]
[0,865,1080,1652,1810]
[0,77,449,865,1176,1365,1602,1810]
[0,257,449,733,865,1080,1479,1810]
[0,449,733,865,1080,1479,1602,1810]
[0,257,449,733,865,1365,1810]
[0,257,733,865,1080,1479,1602,1810]
[0,77,257,449,865,1602,1810]
[0,449,865,1080,1652,1810]
[0,107,1080,1176,1810]
[0,257,733,1810]
[0,119,449,865,1080,1652,1810]
[0,865,1080,1810]
[0,257,449,733,865,1080,1479,1602,1810]
[0,449,733,865,1080,1479,1810]
[0,1080,1652,1810]
[0,257,1602,1810]
[0,257,449,865,1080,1479,1602,1810]
[0,257,449,1810]
[0,107,865,1080,1176,1810]
[0,107,1479,1602,1810]
[0,257,449,865,1602,1810]
[0,107,733,865,1080,1176,1479,1602,1810]
[0,257,733,865,1810]
[0,107,733,865,1810]
[0,257,449,865,1080,1810]
[0,77,257,449,1810]
[0,257,449,733,865,1810]
[0,119,449,865,1080,1176,1810]
[0,107,257,449,865,1080,1176,1652,1810]
[0,733,1810]
[0,107,1602,1810]
[0,77,1810]
[0,107,257,449,865,1080,1479,1602,1810]
[0,257,1080,1810]
[0,449,865,1176,1365,1602,1810]
[0,449,1365,1810]
[0,449,865,1365,1810]
[0,107,257,449,865,1080,1652,1810]
[0,449,733,865,1810]
[0,257,733,865,1080,1479,1810]
[0,1602,1810]
[0,257,1810]
[0,1080,1479,1602,1810]
[0,107,1080,1810]
[0,449,733,865,1365,1810]
[0,733,865,1810]
[0,107,865,1080,1479,1602,1810]
[0,77,257,449,865,1810]
[0,77,257,449,733,865,1810]
[0,449,865,1810]
[0,1080,1479,1810]
[0,77,257,449,865,1365,1810]
[0,77,449,865,1810]
[0,449,1080,1810]
[0,107,1810]
[0,449,865,1080,1479,1602,1810]
[0,77,733,865,1810]
[0,107,733,865,1080,1479,1810]
[0,257,865,1080,1479,1810]
[0,107,257,449,865,1080,1810]
[0,119,865,1080,1176,1810]
[0,107,865,1080,1810]
[0,107,449,865,1080,1176,1810]
[0,733,865,1080,1810]
[0,449,1080,1479,1810]
[0,257,449,865,1080,1652,1810]
[0,1479,1602,1810]
