[0,464,1180]
[0,99,186,315,426,678,776,1180]
[0,776,1180]
[0,186,1180]
[0,186,315,426,776,1128,1180]
[0,186,386,705,1128,1180]
[0,186,315,678,1180]
[0,99,186,315,1180]
[0,186,386,705,1180]
[0,188,840,1180]
[0,315,464,1180]
[0,1128,1180]
[0,188,1128,1180]
[0,186,315,421,678,1180]
[0,386,1180]
[0,186,315,426,678,776,1180]
[0,315,464,653,1180]
[0,186,315,464,653,1128,1180]
[0,421,1180]
[0,186,315,464,1180]
[0,188,705,1180]
[0,315,1180]
[0,186,1128,1180]
[0,99,186,315,464,653,1180]
[0,99,186,315,421,678,1128,1180]
[0,186,315,426,1128,1180]
[0,186,386,1180]
[0,186,315,426,776,1180]
[0,186,315,464,653,751,1180]
[0,99,186,315,464,653,751,1180]
[0,678,1180]
[0,186,315,426,1180]
[0,99,1180]
[0,99,186,315,426,678,751,1128,1180]
[0,99,186,315,464,1128,1180]
[0,99,186,315,426,1128,1180]
[0,99,186,315,421,678,751,1180]
[0,186,315,1180]
[0,99,186,315,426,678,776,1128,1180]
[0,42,99,186,315,464,653,751,1128,1180]
[0,99,186,315,426,776,1180]
[0,840,1180]
[0,99,186,315,426,776,1128,1180]
[0,186,678,1180]
[0,186,315,426,678,1180]
[0,186,315,426,678,776,1128,1180]
[0,186,315,464,653,751,1128,1180]
[0,186,315,464,653,1180]
[0,99,186,315,464,653,751,1128,1180]
[0,99,186,315,464,1180]
[0,315,776,1180]
[0,188,1180]
[0,99,186,315,426,678,751,1180]
[0,99,186,315,421,678,751,1128,1180]
[0,705,1180]
[0,99,186,315,426,678,1180]
[0,99,186,315,464,653,1128,1180]
[0,99,186,315,421,1128,1180]
[0,99,186,315,426,1180]
[0,188,705,1128,1180]
[0,315,421,1180]
[0,42,99,186,315,421,678,751,1128,1180]
[0,186,315,776,1180]
[0,186,315,464,1128,1180]
[0,99,186,315,421,1180]
[0,186,315,1128,1180]
[0,99,186,1180]
[0,386,705,1180]
[0,186,315,421,1180]
[0,186,386,1128,1180]
[0,99,186,315,426,678,1128,1180]
[0,99,186,315,421,678,1180]
[0,464,653,1180]
