[0,188,540,713,903,1080,1180]
[0,356,511,1180]
[0,60,188,356,540,713,903,1080,1180]
[0,60,188,511,1080,1133,1180]
[0,184,1180]
[0,356,540,903,1080,1180]
[0,356,975,1080,1180]
[0,184,1080,1180]
[0,356,540,713,903,1080,1180]
[0,60,188,975,1080,1180]
[0,188,619,975,1080,1180]
[0,188,903,1180]
[0,60,188,356,619,713,975,1080,1180]
[0,60,1080,1180]
[0,188,511,1080,1180]
[0,60,188,903,1080,1180]
[0,188,252,1080,1180]
[0,356,1080,1180]
[0,60,356,1080,1180]
[0,188,511,1180]
[0,975,1180]
[0,356,619,713,1080,1180]
[0,511,1180]
[0,188,356,511,1180]
[0,60,188,252,1080,1133,1180]
[0,356,903,1180]
[0,356,619,1180]
[0,60,188,356,511,1080,1180]
[0,188,619,1080,1180]
[0,356,619,713,975,1080,1180]
[0,60,188,252,356,1080,1133,1180]
[0,60,188,252,356,511,1080,1133,1180]
[0,188,356,619,1080,1180]
[0,188,356,540,713,903,1180]
[0,188,540,713,903,1180]
[0,1080,1180]
[0,356,511,1080,1180]
[0,188,356,1080,1180]
[0,356,1180]
[0,60,188,252,356,511,1080,1180]
[0,188,1080,1180]
[0,60,188,252,1080,1180]
[0,188,356,1180]
[0,356,975,1180]
[0,188,713,903,1080,1180]
[0,60,356,975,1080,1180]
[0,356,540,903,1180]
[0,188,252,356,1080,1180]
[0,713,903,1180]
[0,356,903,1080,1180]
[0,60,188,1080,1180]
[0,188,713,903,1180]
[0,356,619,1080,1180]
[0,60,188,619,713,1080,1180]
[0,188,1180]
[0,60,188,619,1080,1180]
[0,188,252,356,511,1080,1180]
[0,188,356,619,975,1080,1180]
[0,188,619,713,1080,1180]
[0,356,540,713,903,1180]
[0,60,188,356,511,1080,1133,1180]
[0,903,1180]
[0,188,619,713,975,1080,1180]
[0,188,356,540,713,903,1080,1180]
[0,619,1180]
[0,188,356,619,1180]
[0,188,903,1080,1180]
[0,188,619,1180]
[0,188,356,619,975,1180]
[0,60,188,1080,1133,1180]
[0,188,619,975,1180]
[0,60,188,713,903,1080,1180]
[0,60,188,252,356,1080,1180]
[0,60,188,540,713,903,1080,1180]
[0,188,975,1080,1180]
[0,188,975,1180]
[0,188,356,619,713,975,1080,1180]
[0,619,975,1180]
[0,188,356,511,1080,1180]
[0,356,619,975,1080,1180]
[0,60,188,511,1080,1180]
[0,356,619,975,1180]
[0,60,188,619,713,975,1080,1180]
