[0,598,681,864,1046,1140,1225,1266,1427]
[0,1166,1427]
[0,681,1046,1251,1427]
[0,864,1251,1427]
[0,598,1427]
[0,598,1251,1427]
[0,598,681,864,1046,1140,1251,1427]
[0,1046,1140,1266,1427]
[0,598,681,864,1046,1128,1225,1266,1427]
[0,598,681,1046,1128,1225,1266,1427]
[0,681,864,1046,1140,1251,1427]
[0,598,681,1046,1128,1251,1427]
[0,681,1046,1266,1427]
[0,864,1427]
[0,1225,1427]
[0,681,864,1046,1140,1266,1427]
[0,864,1266,1427]
[0,1046,1128,1251,1427]
[0,1046,1251,1427]
[0,1251,1427]
[0,681,1046,1140,1251,1427]
[0,191,681,1427]
[0,598,681,864,1266,1427]
[0,598,681,864,1046,1140,1266,1427]
[0,681,864,1427]
[0,681,1427]
[0,1046,1266,1427]
[0,598,1266,1427]
[0,1046,1427]
[0,598,681,1046,1140,1251,1427]
[0,598,681,864,1046,1128,1266,1427]
[0,191,681,864,1251,1427]
[0,191,681,864,1427]
[0,598,681,864,1128,1251,1427]
[0,1266,1427]
[0,598,681,1251,1427]
[0,598,681,864,1128,1266,1427]
[0,681,1046,1427]
[0,598,681,1046,1140,1266,1427]
[0,598,681,1046,1128,1266,1427]
[0,681,864,1251,1427]
[0,681,1046,1140,1266,1427]
[0,598,681,1046,1251,1427]
[0,681,864,1266,1427]
[0,191,681,864,1046,1140,1251,1427]
[0,1140,1266,1427]
[0,598,681,1266,1427]
[0,598,681,1046,1266,1427]
[0,864,1140,1266,1427]
[0,864,1128,1266,1427]
[0,191,681,864,1140,1251,1427]
[0,681,864,1140,1251,1427]
[0,681,864,1128,1251,1427]
[0,681,864,1140,1266,1427]
[0,1046,1140,1251,1427]
[0,598,681,864,1251,1427]
[0,598,681,864,1046,1128,1251,1427]
[0,681,864,1128,1266,1427]
