[0,333,1419]
[0,333,882,1419]
[0,333,878,969,1261,1356,1419]
[0,333,682,1026,1419]
[0,333,682,882,1261,1419]
[0,333,426,682,882,1026,1375,1419]
[0,333,426,878,1261,1419]
[0,333,426,682,882,1155,1261,1375,1419]
[0,333,426,682,882,1419]
[0,333,426,682,882,1375,1419]
[0,333,682,882,1155,1261,1419]
[0,1026,1419]
[0,333,878,1261,1419]
[0,333,426,878,969,1261,1356,1419]
[0,333,878,969,1155,1261,1356,1419]
[0,333,682,882,1026,1261,1419]
[0,333,426,878,969,1155,1261,1356,1419]
[0,333,878,969,1261,1419]
[0,333,1026,1261,1419]
[0,682,1026,1419]
[0,333,878,969,1155,1261,1419]
[0,333,878,1155,1261,1419]
[0,333,682,878,1419]
[0,333,682,1026,1261,1419]
[0,878,1419]
[0,333,682,882,1017,1261,1419]
[0,333,682,882,1155,1261,1375,1419]
[0,333,682,882,1375,1419]
[0,333,1026,1419]
[0,333,878,969,1419]
[0,333,426,682,882,1017,1261,1419]
[0,333,426,682,882,1155,1261,1419]
[0,333,882,1261,1419]
[0,682,1419]
[0,333,882,1155,1261,1419]
[0,333,426,878,969,1155,1261,1419]
[0,333,426,878,969,1261,1419]
[0,882,1419]
[0,333,426,682,882,1026,1419]
[0,333,682,882,1419]
[0,333,426,878,1155,1261,1419]
[0,333,682,878,969,1261,1419]
[0,333,882,1375,1419]
[0,333,878,969,1029,1261,1419]
[0,333,878,969,1029,1419]
[0,333,682,1419]
[0,333,682,882,1026,1419]
[0,426,1419]
[0,333,682,878,1261,1419]
[0,333,426,682,882,1261,1419]
[0,333,878,1419]
