[0,154,319,953,1555,1691,1935,2554]
[0,222,699,953,1935,2554]
[0,1691,2554]
[0,803,953,1555,1935,2554]
[0,793,2554]
[0,699,1530,1935,2554]
[0,699,1691,2554]
[0,222,803,1691,2554]
[0,319,699,1935,2554]
[0,953,1691,2554]
[0,154,319,953,1555,1935,2244,2554]
[0,793,1870,2554]
[0,1530,1935,2554]
[0,154,319,699,953,1935,2554]
[0,154,319,803,953,1555,1691,1935,2554]
[0,319,2554]
[0,154,319,803,953,1555,1691,1935,2244,2554]
[0,154,319,803,953,1555,1935,2244,2554]
[0,1935,2554]
[0,1555,1691,2554]
[0,319,803,1691,1935,2554]
[0,953,1935,2554]
[0,699,1935,2554]
[0,154,319,1414,1555,1935,2554]
[0,803,1691,2554]
[0,953,1555,1935,2554]
[0,319,953,1691,2554]
[0,953,2554]
[0,803,953,1935,2554]
[0,154,2554]
[0,154,319,2554]
[0,154,319,1555,1935,2554]
[0,1555,1935,2554]
[0,319,1555,1691,2554]
[0,803,1935,2554]
[0,803,1555,1935,2554]
[0,803,2554]
[0,319,953,1555,1691,2554]
[0,154,319,1935,2554]
[0,154,319,1555,1691,1935,2554]
[0,319,699,953,1935,2554]
[0,1870,2554]
[0,154,319,1414,1555,1691,1935,2554]
[0,319,1691,2554]
[0,699,953,1935,2554]
[0,319,953,1555,1935,2244,2554]
[0,803,953,1691,1935,2554]
[0,699,2554]
[0,803,1691,1935,2554]
[0,803,953,1555,1691,1935,2554]
[0,803,953,2554]
[0,319,1555,1935,2554]
[0,699,953,1530,1935,2554]
[0,319,953,1555,1935,2554]
[0,319,803,1935,2554]
[0,154,319,699,1935,2554]
[0,319,1935,2554]
[0,154,319,803,953,1555,1935,2554]
[0,319,803,953,1691,1935,2554]
[0,154,319,953,1555,1935,2554]
[0,222,699,953,1691,1935,2554]
[0,699,953,1691,1935,2554]
[0,154,319,953,1555,1691,1935,2244,2554]
