[0,301,476,687,876,1064,1359,2017]
[0,301,476,687,876,1064,1237,1359,1653,1874,2017]
[0,476,644,1237,1850,2017]
[0,476,1682,2017]
[0,476,994,1653,1874,2017]
[0,476,687,1064,1359,1653,2017]
[0,476,1237,2017]
[0,476,1064,1653,2017]
[0,301,476,644,876,994,1237,1639,2017]
[0,476,994,1653,2017]
[0,301,476,687,876,1064,1359,1653,1874,2017]
[0,476,876,1064,1653,1874,2017]
[0,476,687,994,2017]
[0,301,644,994,1237,2017]
[0,301,476,644,876,994,1237,1850,2017]
[0,476,687,987,2017]
[0,476,876,1064,1359,2017]
[0,301,476,687,994,2017]
[0,476,644,876,994,1850,2017]
[0,476,876,1064,1874,2017]
[0,476,687,876,1064,1237,1359,1653,1874,2017]
[0,476,1064,1359,2017]
[0,476,644,994,1237,2017]
[0,301,476,687,876,994,1653,1874,2017]
[0,476,687,876,994,1653,1874,2017]
[0,301,476,644,876,1064,1237,2017]
[0,301,644,994,2017]
[0,476,1639,2017]
[0,476,687,994,1653,2017]
[0,476,994,2017]
[0,476,644,2017]
[0,476,644,1639,2017]
[0,301,644,994,1639,2017]
[0,476,644,876,1064,2017]
[0,476,644,876,994,1237,1850,2017]
[0,476,687,876,1064,2017]
[0,476,687,1064,1359,2017]
[0,301,476,644,876,994,1237,2017]
[0,476,994,1874,2017]
[0,1064,2017]
[0,476,876,994,2017]
[0,476,644,876,1064,1850,2017]
[0,301,476,687,876,1064,1359,1653,2017]
[0,476,644,994,1850,2017]
[0,644,1639,2017]
[0,301,476,644,994,1237,2017]
[0,301,476,644,876,994,1064,1237,1359,1850,2017]
[0,987,2017]
[0,476,876,994,1874,2017]
[0,476,2017]
[0,476,687,876,1064,1359,2017]
[0,301,476,687,876,994,1064,1359,1653,1874,2017]
[0,476,876,1064,1359,1653,1874,2017]
[0,301,476,644,876,1064,2017]
[0,476,687,994,1874,2017]
[0,301,476,687,994,1653,1874,2017]
[0,476,687,994,1653,1874,2017]
[0,301,476,876,1064,1237,2017]
[0,476,644,1237,2017]
[0,1237,2017]
[0,876,2017]
[0,301,476,644,994,1237,1639,2017]
[0,476,687,987,1682,2017]
[0,301,476,644,994,1237,1850,2017]
[0,476,987,1682,2017]
[0,476,687,1064,2017]
[0,476,876,1064,1359,1653,2017]
[0,476,644,876,994,2017]
[0,476,644,994,1237,1850,2017]
[0,476,1064,1359,1653,2017]
[0,476,687,876,1064,1359,1653,2017]
[0,476,876,994,1653,1874,2017]
[0,301,476,687,994,1653,2017]
[0,994,2017]
[0,476,687,876,1064,1359,1653,1874,2017]
[0,301,476,687,876,994,1064,1237,1359,1653,1874,2017]
[0,301,644,994,1237,1639,2017]
[0,301,476,876,1064,2017]
[0,301,476,644,876,1064,1237,1850,2017]
[0,644,994,1237,2017]
[0,476,876,1064,1653,2017]
[0,476,987,2017]
[0,301,476,687,876,1064,2017]
[0,476,1064,2017]
[0,476,644,994,2017]
[0,644,2017]
[0,301,476,644,876,1064,1850,2017]
[0,644,994,2017]
[0,301,476,644,876,1064,1237,1359,1850,2017]
[0,476,644,876,994,1237,2017]
[0,644,994,1639,2017]
[0,301,476,644,876,994,1064,1850,2017]
[0,476,876,1064,2017]
