[0,534,945,2017]
[0,232,517,853,1048,1252,1722,2017]
[0,232,517,853,1048,1252,1442,1722,2017]
[0,517,902,1048,1252,1540,1675,2017]
[0,103,534,945,1252,1675,2017]
[0,103,232,517,902,1048,1252,1675,2017]
[0,232,517,710,902,1048,1252,1540,1675,2017]
[0,517,902,2017]
[0,534,976,2017]
[0,232,517,710,902,1048,1252,1675,2017]
[0,232,517,938,1048,1252,2017]
[0,103,534,1663,2017]
[0,534,976,1663,2017]
[0,938,2017]
[0,517,902,1048,1252,2017]
[0,517,710,902,1048,1252,1540,1675,2017]
[0,232,517,902,1048,1252,2017]
[0,232,517,1048,1252,1675,2017]
[0,517,1048,1722,2017]
[0,517,1048,1252,1722,2017]
[0,534,938,2017]
[0,534,938,1601,2017]
[0,232,517,2017]
[0,534,1048,2017]
[0,517,2017]
[0,938,1256,2017]
[0,103,534,938,1087,1601,2017]
[0,517,1048,1252,1442,1722,2017]
[0,103,534,945,2017]
[0,513,952,2017]
[0,517,938,1048,1252,2017]
[0,517,1722,2017]
[0,517,710,1048,1252,2017]
[0,232,517,1048,1722,2017]
[0,517,853,938,1048,1252,2017]
[0,517,938,1048,1256,2017]
[0,902,2017]
[0,232,517,853,938,1048,1252,2017]
[0,517,1048,1675,2017]
[0,902,1048,2017]
[0,534,2017]
[0,517,1048,1252,2017]
[0,517,710,902,1048,1252,2017]
[0,232,517,902,1048,1252,1675,2017]
[0,517,1048,2017]
[0,534,938,1087,2017]
[0,534,1663,2017]
[0,232,517,902,1048,1252,1540,1675,2017]
[0,534,1601,2017]
[0,938,1048,1256,2017]
[0,534,1048,1256,2017]
[0,517,710,902,1048,1252,1675,2017]
[0,232,517,938,1048,1252,1722,2017]
[0,232,517,1048,1252,1442,1722,2017]
[0,534,945,1675,2017]
[0,232,517,1048,1252,2017]
[0,103,232,517,1048,1252,1442,1722,2017]
[0,517,902,1048,1252,1675,2017]
[0,232,517,710,902,1048,1252,2017]
[0,517,902,1048,2017]
[0,1048,2017]
[0,232,517,710,1048,1252,2017]
[0,513,2017]
[0,232,517,853,1048,1722,2017]
[0,103,232,517,902,1048,1252,1540,1675,2017]
[0,517,938,1048,2017]
[0,517,710,1048,1252,1675,2017]
[0,232,517,853,938,1048,1252,1722,2017]
[0,103,534,945,1675,2017]
[0,534,938,1048,1256,2017]
[0,517,1048,1252,1675,2017]
[0,103,232,517,710,902,1048,1252,1540,1675,2017]
[0,517,938,2017]
[0,232,517,710,1048,1252,1675,2017]
[0,103,534,938,1087,2017]
[0,232,517,1722,2017]
[0,103,534,976,1663,2017]
[0,938,1048,2017]
[0,232,517,1048,1252,1722,2017]
[0,534,938,1087,1601,2017]
[0,517,853,938,1048,1256,2017]
[0,103,232,517,902,1048,1252,2017]
[0,103,232,517,853,1048,1252,1442,1722,2017]
[0,232,517,1048,2017]
[0,232,517,1048,1675,2017]
[0,534,945,1252,1675,2017]
[0,517,1048,1256,2017]
