[0,373,523,634,710,895,1046]
[0,373,523,710,895,1046]
[0,373,443,523,710,895,979,1046]
[0,481,801,1046]
[0,373,523,710,1046]
[0,312,373,443,523,634,801,895,979,1046]
[0,523,710,1046]
[0,523,1046]
[0,373,443,523,634,710,801,895,979,1046]
[0,373,443,523,634,801,895,1046]
[0,312,373,443,801,895,1046]
[0,312,373,443,523,710,895,979,1046]
[0,481,1046]
[0,373,443,523,710,1046]
[0,312,481,801,1046]
[0,373,443,523,634,710,1046]
[0,312,373,443,523,801,895,1046]
[0,312,373,443,523,710,1046]
[0,373,523,801,895,1046]
[0,443,801,1046]
[0,373,443,1046]
[0,373,443,801,1046]
[0,373,443,523,801,895,979,1046]
[0,443,1046]
[0,373,523,634,710,801,895,1046]
[0,443,801,895,1046]
[0,379,1046]
[0,373,443,523,634,710,895,979,1046]
[0,312,373,443,523,634,710,801,895,979,1046]
[0,312,481,1046]
[0,379,801,1046]
[0,325,443,1046]
[0,373,443,523,634,710,895,1046]
[0,443,710,1046]
[0,373,523,634,801,1046]
[0,523,801,1046]
[0,373,443,523,1046]
[0,373,443,523,634,801,895,979,1046]
[0,373,443,523,710,979,1046]
[0,523,710,895,1046]
[0,373,443,523,801,895,1046]
[0,373,443,801,895,1046]
[0,312,443,1046]
[0,373,443,523,634,710,801,895,1046]
[0,312,373,443,523,634,710,895,979,1046]
[0,373,523,801,1046]
[0,373,523,634,710,1046]
[0,373,443,523,801,1046]
[0,373,443,523,710,895,1046]
[0,312,373,443,523,801,895,979,1046]
[0,373,523,634,801,895,1046]
[0,373,523,1046]
