[0,1951,2554]
[0,292,1917,2554]
[0,1900,2554]
[0,292,1286,1492,1951,2554]
[0,292,1319,1492,1951,2269,2554]
[0,2230,2554]
[0,1286,2554]
[0,1319,2554]
[0,292,1286,1951,2554]
[0,292,1286,1492,1900,2103,2230,2554]
[0,292,1319,2103,2554]
[0,1319,1917,2554]
[0,292,1319,1951,2554]
[0,1319,2269,2554]
[0,292,1286,2230,2554]
[0,292,1319,1492,1951,2103,2269,2554]
[0,292,1319,1951,2378,2554]
[0,292,2194,2554]
[0,1917,2554]
[0,1286,1951,2554]
[0,1900,2194,2554]
[0,292,1286,1900,2230,2554]
[0,1286,1900,2230,2554]
[0,2194,2554]
[0,292,1319,1492,1951,2554]
[0,292,1286,1492,1900,2230,2554]
[0,292,1319,1492,1951,2378,2554]
[0,2269,2554]
[0,1286,1900,2554]
[0,292,1951,2554]
[0,292,1286,1900,2103,2230,2554]
[0,292,1319,2554]
[0,292,1286,1900,2194,2554]
[0,292,1319,1917,2554]
[0,292,1319,1917,2335,2554]
[0,292,1286,2194,2554]
[0,1319,1951,2554]
[0,292,1319,2269,2554]
[0,1319,2103,2554]
[0,1286,2230,2554]
[0,292,1286,1492,1900,2194,2554]
[0,1286,1900,2194,2554]
[0,292,2230,2554]
[0,292,1319,1951,2269,2554]
[0,1900,2230,2554]
[0,1286,2194,2554]
