[0,1430,2019,2281,2824]
[0,1430,2019,2189,2281,2591,2824]
[0,1430,2824]
[0,766,2019,2824]
[0,1414,2189,2281,2591,2824]
[0,1430,2019,2591,2824]
[0,766,1430,1617,2189,2591,2824]
[0,1430,2189,2281,2824]
[0,766,1430,2189,2824]
[0,1430,1617,2019,2189,2281,2591,2824]
[0,766,1430,1617,1880,2019,2281,2591,2824]
[0,1430,2019,2189,2591,2824]
[0,1430,1617,2019,2281,2591,2824]
[0,1430,2189,2824]
[0,1414,2824]
[0,766,1430,2019,2281,2591,2824]
[0,766,1430,2019,2281,2824]
[0,1430,1938,2824]
[0,2019,2824]
[0,1430,2189,2591,2824]
[0,766,1430,1617,1880,2019,2189,2281,2591,2824]
[0,1414,2189,2824]
[0,766,1430,2019,2591,2824]
[0,766,1430,1617,2019,2281,2591,2824]
[0,1430,2019,2824]
[0,1414,2019,2824]
[0,766,1430,2824]
[0,766,1430,2189,2591,2824]
[0,766,1430,2019,2824]
[0,1430,2189,2281,2591,2824]
[0,1414,2019,2591,2824]
[0,1430,1938,2591,2824]
[0,1430,1617,2189,2591,2824]
[0,766,1430,2019,2189,2591,2824]
[0,1414,2189,2281,2824]
[0,1414,2281,2824]
[0,1430,1617,1880,2019,2189,2281,2591,2824]
[0,1414,2189,2591,2824]
[0,1430,2019,2281,2591,2824]
[0,1430,1617,1880,2019,2281,2591,2824]
[0,766,1430,1617,2019,2189,2591,2824]
