[0,383,833,1284,1327]
[0,833,1150,1327]
[0,734,1327]
[0,891,1150,1284,1327]
[0,1284,1327]
[0,1122,1284,1327]
[0,931,1150,1327]
[0,891,1150,1327]
[0,881,1150,1327]
[0,383,931,1327]
[0,383,1034,1327]
[0,833,1284,1327]
[0,881,1327]
[0,734,1150,1327]
[0,383,881,1034,1150,1284,1327]
[0,931,1284,1327]
[0,833,1034,1150,1284,1327]
[0,383,891,1327]
[0,383,1122,1327]
[0,383,881,1122,1327]
[0,931,1150,1284,1327]
[0,383,833,1150,1327]
[0,383,833,1034,1327]
[0,383,881,1034,1150,1327]
[0,931,1327]
[0,383,1327]
[0,383,881,1150,1327]
[0,1034,1327]
[0,383,891,1150,1327]
[0,931,1034,1150,1327]
[0,383,833,1034,1150,1284,1327]
[0,383,1122,1284,1327]
[0,383,931,1034,1150,1327]
[0,383,1150,1327]
[0,383,833,1327]
[0,1150,1284,1327]
[0,881,1034,1150,1284,1327]
[0,383,931,1150,1327]
[0,931,1034,1150,1284,1327]
[0,383,891,1034,1150,1284,1327]
[0,891,1327]
[0,833,1150,1284,1327]
[0,1122,1327]
[0,881,1150,1284,1327]
[0,891,1034,1150,1284,1327]
[0,891,1034,1150,1327]
[0,833,1034,1150,1327]
[0,1150,1327]
[0,833,1327]
[0,383,881,1122,1284,1327]
[0,383,881,1327]
[0,383,833,1034,1150,1327]
[0,383,931,1034,1150,1284,1327]
[0,383,891,1034,1150,1327]
[0,881,1034,1150,1327]
