[0,149,400,699,763,916,1442,1632]
[0,149,400,916,1442,1632]
[0,149,400,763,916,1442,1632]
[0,47,149,400,699,763,1442,1632]
[0,149,400,763,1442,1632]
[0,149,699,763,916,1442,1632]
[0,47,1632]
[0,47,149,1632]
[0,149,699,763,1442,1632]
[0,47,149,699,763,1442,1632]
[0,52,916,1442,1632]
[0,916,1632]
[0,47,149,763,874,916,1442,1632]
[0,1442,1632]
[0,149,763,1442,1632]
[0,47,149,699,763,874,916,1442,1632]
[0,400,916,1632]
[0,400,763,1442,1632]
[0,47,149,400,699,763,916,1442,1632]
[0,47,149,400,916,1442,1632]
[0,149,763,916,1442,1632]
[0,149,400,598,699,763,1442,1632]
[0,47,149,400,699,763,874,916,1442,1632]
[0,47,149,400,598,699,916,1442,1632]
[0,47,149,763,1442,1632]
[0,47,916,1632]
[0,763,1632]
[0,52,1632]
[0,149,1442,1632]
[0,400,763,1632]
[0,47,149,400,598,699,763,1442,1632]
[0,149,916,1442,1632]
[0,47,149,763,916,1442,1632]
[0,149,400,598,763,1442,1632]
[0,763,1442,1632]
[0,47,916,1442,1632]
[0,400,763,916,1442,1632]
[0,149,400,598,916,1442,1632]
[0,763,916,1442,1632]
[0,400,598,916,1632]
[0,47,149,400,598,916,1442,1632]
[0,400,598,916,1442,1632]
[0,47,149,400,598,699,763,874,916,1442,1632]
[0,149,400,598,699,763,916,1442,1632]
[0,47,149,400,598,699,763,916,1442,1632]
[0,47,149,916,1442,1632]
[0,47,149,699,763,916,1442,1632]
[0,916,1442,1632]
[0,699,916,1632]
[0,400,916,1442,1632]
[0,47,149,874,916,1442,1632]
[0,149,699,916,1442,1632]
[0,149,400,598,699,916,1442,1632]
[0,400,1632]
[0,699,916,1442,1632]
[0,149,400,699,763,1442,1632]
[0,149,1632]
[0,52,916,1632]
[0,400,598,763,1442,1632]
[0,47,149,1442,1632]
