[0,158,439,501,805,972,1180]
[0,158,1180]
[0,156,295,439,616,805,983,1113,1180]
[0,158,439,501,616,805,886,972,1029,1113,1180]
[0,498,886,1180]
[0,156,439,616,805,886,1113,1180]
[0,156,498,1180]
[0,295,439,616,805,1113,1180]
[0,156,886,1029,1180]
[0,158,439,616,1180]
[0,439,498,805,886,1180]
[0,156,439,498,616,805,983,1113,1180]
[0,295,616,805,1029,1180]
[0,158,295,439,616,805,1180]
[0,156,295,439,616,1180]
[0,805,1180]
[0,158,886,1029,1180]
[0,156,295,439,616,805,886,1180]
[0,156,439,498,805,983,1180]
[0,498,805,983,1180]
[0,158,439,501,616,805,886,1029,1113,1180]
[0,616,805,983,1180]
[0,616,805,972,1180]
[0,156,439,498,805,886,983,1180]
[0,156,295,439,616,805,1029,1180]
[0,158,295,439,616,805,983,1113,1180]
[0,498,1180]
[0,156,498,1029,1180]
[0,439,616,1180]
[0,805,972,1180]
[0,156,295,439,616,805,1180]
[0,158,439,616,805,886,1029,1113,1180]
[0,156,295,439,498,616,805,983,1113,1180]
[0,158,295,439,501,616,805,972,1113,1180]
[0,156,805,886,1180]
[0,158,616,1180]
[0,439,501,805,886,1180]
[0,158,501,805,972,1180]
[0,501,983,1180]
[0,616,805,1180]
[0,156,1113,1180]
[0,158,439,616,805,886,1180]
[0,158,972,1180]
[0,616,1180]
[0,156,983,1180]
[0,158,501,886,1180]
[0,156,295,439,498,616,805,886,1029,1113,1180]
[0,156,498,805,983,1180]
[0,158,439,501,616,805,972,1180]
[0,158,295,439,501,616,805,972,1029,1113,1180]
[0,156,439,498,983,1029,1180]
[0,156,439,498,1113,1180]
[0,156,295,439,498,616,805,983,1180]
[0,156,1180]
[0,158,439,501,805,886,1180]
[0,158,295,439,501,616,805,983,1113,1180]
[0,158,805,983,1180]
[0,501,1180]
[0,158,805,886,1029,1113,1180]
[0,158,805,972,1180]
[0,158,439,501,805,972,1113,1180]
[0,156,439,498,1029,1113,1180]
[0,156,439,616,805,1113,1180]
[0,158,295,439,616,805,886,1180]
[0,158,295,439,616,805,1029,1180]
[0,156,439,498,616,805,983,1029,1113,1180]
[0,156,439,616,805,1180]
[0,158,295,439,616,805,886,1029,1180]
[0,156,439,616,805,983,1180]
[0,158,439,501,805,886,1029,1113,1180]
[0,886,1180]
[0,158,439,501,616,805,972,1029,1113,1180]
[0,158,501,805,886,1029,1113,1180]
[0,158,439,972,1180]
[0,158,439,501,972,1180]
[0,501,805,983,1180]
[0,439,1180]
[0,156,439,983,1180]
[0,158,439,501,805,972,1029,1113,1180]
[0,158,501,805,886,1029,1180]
[0,156,439,616,1113,1180]
[0,156,439,498,983,1029,1113,1180]
[0,295,616,1180]
[0,156,439,498,805,1113,1180]
[0,156,498,1113,1180]
[0,498,805,886,1180]
[0,805,983,1180]
[0,156,439,498,805,886,1113,1180]
[0,616,805,886,1180]
[0,156,805,886,1029,1113,1180]
[0,158,616,805,983,1180]
[0,295,1180]
[0,295,805,1180]
[0,156,439,498,1180]
[0,156,439,498,616,805,886,1029,1113,1180]
[0,158,439,616,805,1180]
[0,295,498,805,1029,1180]
[0,501,886,1180]
[0,156,439,498,983,1180]
[0,156,886,1180]
[0,156,498,805,1113,1180]
[0,439,616,805,1180]
[0,156,498,805,886,1180]
[0,156,439,498,616,805,983,1180]
[0,158,983,1180]
[0,156,498,805,886,1029,1180]
[0,498,983,1180]
[0,156,295,439,498,616,805,1113,1180]
[0,158,805,886,1113,1180]
[0,158,295,439,501,616,805,886,972,1029,1113,1180]
[0,156,295,439,616,805,886,1029,1113,1180]
[0,158,501,886,1029,1180]
[0,439,498,1180]
[0,158,501,805,886,1113,1180]
[0,158,295,439,616,805,972,1180]
[0,156,439,616,805,886,1029,1180]
[0,158,439,501,616,805,972,1113,1180]
[0,158,439,616,805,886,1113,1180]
[0,156,439,616,805,886,1180]
[0,158,439,501,805,972,1029,1180]
[0,295,439,616,805,983,1180]
[0,295,616,805,983,1180]
[0,501,805,886,1180]
[0,156,295,439,616,805,983,1180]
[0,158,439,616,805,972,1113,1180]
[0,158,439,983,1180]
[0,158,439,501,805,886,1113,1180]
[0,158,295,439,616,805,972,1113,1180]
[0,156,498,886,1180]
[0,156,616,1180]
[0,295,498,805,1180]
[0,158,439,501,805,886,972,1029,1113,1180]
[0,158,439,616,805,972,1180]
[0,158,501,805,972,1113,1180]
[0,158,616,805,972,1180]
[0,156,616,805,886,1180]
[0,156,498,886,1029,1180]
[0,158,616,805,1180]
[0,156,439,498,805,886,983,1029,1180]
[0,158,501,805,983,1180]
[0,156,616,805,1180]
[0,616,972,1180]
[0,158,439,616,805,1029,1180]
[0,439,501,1180]
[0,156,498,805,983,1113,1180]
[0,156,498,805,886,1113,1180]
[0,439,983,1180]
[0,439,972,1180]
[0,156,498,805,886,983,1180]
[0,158,439,501,616,805,983,1180]
[0,156,439,498,616,805,1113,1180]
[0,295,616,805,1180]
[0,156,439,498,805,983,1113,1180]
[0,158,501,1180]
[0,295,439,616,805,1180]
[0,158,295,439,616,805,983,1180]
[0,156,439,616,805,983,1113,1180]
[0,156,439,616,1180]
[0,983,1180]
[0,972,1180]
[0,156,439,616,805,886,1029,1113,1180]
[0,158,805,886,1180]
[0,295,439,616,1113,1180]
[0,156,295,439,616,805,886,1029,1180]
[0,295,616,983,1180]
[0,156,295,439,498,616,805,886,983,1029,1113,1180]
[0,156,498,805,886,1029,1113,1180]
[0,295,439,616,983,1180]
[0,295,439,616,1180]
[0,158,805,886,1029,1180]
[0,158,439,501,1180]
[0,439,616,805,983,1180]
[0,156,295,439,498,616,805,983,1029,1113,1180]
[0,501,805,972,1180]
[0,158,439,501,983,1180]
[0,439,616,805,972,1180]
[0,156,295,439,616,805,1113,1180]
[0,158,439,616,805,886,1029,1180]
[0,156,439,616,805,1029,1180]
[0,158,295,439,501,616,805,886,1029,1113,1180]
[0,295,439,616,805,983,1113,1180]
[0,156,616,805,983,1180]
[0,156,498,805,1180]
[0,156,439,498,805,886,983,1029,1113,1180]
[0,156,805,886,1113,1180]
[0,156,439,498,805,983,1029,1113,1180]
[0,805,886,1180]
[0,156,439,498,805,886,1180]
[0,158,616,805,886,1180]
[0,156,805,983,1180]
[0,295,983,1180]
[0,156,439,498,805,886,1029,1113,1180]
[0,156,498,1029,1113,1180]
[0,158,439,616,805,983,1180]
[0,158,295,439,616,805,886,1029,1113,1180]
[0,158,501,805,886,1180]
[0,156,805,886,1029,1180]
[0,158,439,501,805,983,1180]
[0,158,295,439,501,616,805,983,1180]
[0,158,295,439,501,616,805,972,1180]
[0,501,972,1180]
[0,439,616,972,1180]
[0,616,983,1180]
[0,498,805,1180]
[0,156,439,498,616,805,886,983,1029,1113,1180]
[0,295,498,1180]
[0,158,886,1180]
