[0,122,264,486,576,673,784,855,1046]
[0,122,673,1046]
[0,71,264,486,673,855,976,1046]
[0,264,486,673,784,855,1046]
[0,122,264,486,673,1046]
[0,71,122,264,441,486,576,673,784,855,976,1046]
[0,71,122,264,486,576,673,784,855,976,1046]
[0,88,486,778,855,1046]
[0,88,486,673,1046]
[0,71,264,486,784,855,976,1046]
[0,122,264,486,576,673,784,1046]
[0,122,264,486,576,673,784,855,976,1046]
[0,264,486,576,673,1046]
[0,264,486,673,1046]
[0,486,673,1046]
[0,122,264,441,486,576,673,784,855,976,1046]
[0,71,122,308,441,486,576,673,778,855,976,1046]
[0,88,308,486,778,1046]
[0,71,264,486,576,673,855,1046]
[0,308,486,1046]
[0,71,264,486,576,673,784,855,976,1046]
[0,308,486,576,673,778,1046]
[0,88,308,486,673,1046]
[0,122,308,486,673,778,1046]
[0,264,486,673,855,1046]
[0,122,264,486,673,784,855,976,1046]
[0,88,308,486,576,673,976,1046]
[0,264,486,673,976,1046]
[0,88,308,486,576,673,1046]
[0,122,264,486,673,784,855,1046]
[0,122,308,441,486,576,673,778,855,976,1046]
[0,122,308,486,576,673,778,1046]
[0,71,264,486,673,784,855,1046]
[0,122,264,486,784,855,976,1046]
[0,486,1046]
[0,122,308,486,576,673,778,855,976,1046]
[0,308,486,673,778,1046]
[0,94,486,673,1046]
[0,122,264,486,576,673,1046]
[0,264,486,673,784,1046]
[0,71,122,308,486,576,673,778,855,976,1046]
[0,122,308,486,673,778,855,1046]
[0,122,308,486,778,855,1046]
[0,122,486,1046]
[0,88,486,1046]
[0,71,264,486,576,673,1046]
[0,308,486,576,673,1046]
[0,308,486,673,1046]
[0,71,486,673,1046]
[0,122,1046]
[0,71,264,486,673,784,855,976,1046]
[0,71,264,486,673,1046]
[0,88,308,486,576,673,778,855,976,1046]
[0,264,486,576,673,855,1046]
[0,122,486,778,855,1046]
[0,264,486,673,855,976,1046]
[0,122,308,486,673,1046]
[0,122,486,778,855,976,1046]
[0,308,486,778,1046]
[0,88,486,778,1046]
[0,88,308,486,778,855,1046]
[0,71,264,486,576,673,784,855,1046]
[0,486,778,1046]
[0,88,308,486,576,673,778,855,1046]
[0,71,264,486,673,855,1046]
[0,71,486,1046]
[0,264,486,576,673,784,1046]
[0,122,308,486,778,855,976,1046]
[0,122,264,486,673,784,1046]
[0,122,264,486,784,1046]
[0,94,486,1046]
[0,71,264,486,784,855,1046]
[0,122,308,486,778,1046]
[0,122,486,673,1046]
[0,264,486,1046]
[0,88,308,486,576,673,778,1046]
[0,88,308,486,778,855,976,1046]
[0,264,486,576,673,784,855,1046]
[0,486,784,1046]
[0,264,486,784,1046]
[0,122,308,486,576,673,778,855,1046]
[0,122,264,486,784,855,1046]
[0,122,308,486,576,673,1046]
[0,264,486,784,855,1046]
[0,88,308,486,673,778,1046]
[0,88,308,486,673,778,855,976,1046]
[0,71,264,486,576,673,855,976,1046]
[0,88,308,486,673,778,855,1046]
[0,122,486,778,1046]
[0,673,1046]
[0,122,308,486,673,778,855,976,1046]
[0,264,486,784,855,976,1046]
