[0,124,462,953,1092,1343]
[0,267,1343]
[0,264,953,1343]
[0,267,982,1343]
[0,124,462,880,982,1033,1092,1286,1343]
[0,462,1062,1343]
[0,651,953,1343]
[0,124,462,982,1092,1343]
[0,462,1033,1343]
[0,264,990,1343]
[0,462,651,982,1343]
[0,124,337,651,982,1033,1092,1343]
[0,124,462,990,1343]
[0,209,1033,1343]
[0,337,982,1343]
[0,953,1343]
[0,337,953,1343]
[0,462,1343]
[0,124,337,651,880,982,1092,1286,1343]
[0,124,462,990,1092,1343]
[0,264,651,953,1092,1343]
[0,124,462,880,982,1033,1092,1343]
[0,124,337,651,982,1033,1092,1286,1343]
[0,124,462,651,982,1092,1343]
[0,124,337,651,953,1092,1343]
[0,462,953,1343]
[0,124,337,651,953,1033,1092,1343]
[0,124,264,462,651,953,1092,1343]
[0,124,462,1033,1343]
[0,124,337,651,880,982,1092,1343]
[0,124,337,651,982,1343]
[0,124,267,462,651,982,1092,1343]
[0,264,462,651,953,1092,1343]
[0,462,990,1343]
[0,124,337,1033,1343]
[0,124,337,651,982,1092,1286,1343]
[0,124,462,1343]
[0,124,462,880,990,1343]
[0,124,462,651,880,982,1033,1092,1286,1343]
[0,124,1343]
[0,516,1033,1343]
[0,264,462,651,953,1343]
[0,124,337,1033,1092,1343]
[0,124,264,462,651,953,1033,1092,1343]
[0,124,462,651,953,1092,1343]
[0,124,462,982,1343]
[0,124,264,462,651,953,1033,1092,1286,1343]
[0,337,651,982,1343]
[0,124,462,953,1343]
[0,1033,1343]
[0,124,462,651,953,1343]
[0,267,651,982,1343]
[0,124,337,651,982,1092,1343]
[0,124,462,953,1033,1092,1343]
[0,124,462,1033,1092,1343]
[0,337,1033,1343]
[0,462,651,953,1092,1343]
[0,982,1343]
[0,124,462,651,880,982,1092,1343]
[0,337,1343]
[0,124,462,982,1033,1092,1343]
[0,462,1092,1343]
[0,337,651,953,1343]
[0,124,337,651,953,1033,1092,1286,1343]
[0,124,462,880,982,1092,1343]
[0,124,267,462,651,880,982,1092,1286,1343]
[0,462,982,1343]
[0,264,1343]
[0,209,1343]
[0,462,651,953,1343]
[0,209,516,1033,1343]
[0,124,337,651,1033,1343]
[0,209,462,1062,1343]
[0,124,267,462,651,880,982,1092,1343]
[0,124,462,880,982,1092,1286,1343]
[0,267,462,651,982,1343]
[0,124,462,651,953,1033,1092,1286,1343]
[0,651,1343]
[0,124,267,462,651,982,1343]
[0,124,462,880,990,1092,1343]
[0,124,337,1343]
[0,990,1343]
[0,124,337,651,880,982,1033,1092,1286,1343]
[0,124,462,651,953,1033,1092,1343]
[0,337,651,953,1092,1343]
[0,124,337,651,1033,1092,1343]
[0,264,651,953,1343]
[0,124,462,651,880,982,1092,1286,1343]
[0,337,651,1343]
[0,337,651,1033,1343]
[0,124,462,651,982,1343]
[0,651,982,1343]
[0,124,337,651,953,1343]
[0,124,462,1092,1343]
[0,516,1343]
[0,124,337,982,1343]
[0,124,267,462,651,880,982,1033,1092,1286,1343]
[0,462,953,1092,1343]
[0,124,337,953,1343]
