[0,306,566,637,893,1137,1650,1983,2428,2635,2956]
[0,306,566,893,2635,2956]
[0,306,636,893,2635,2956]
[0,306,893,1650,1983,2956]
[0,893,2350,2956]
[0,306,566,893,1137,1983,2428,2635,2956]
[0,306,893,1991,2350,2956]
[0,306,566,893,1983,2956]
[0,306,893,1983,2428,2956]
[0,670,2956]
[0,566,1983,2428,2956]
[0,306,636,893,1991,2350,2635,2956]
[0,306,636,893,1137,1983,2428,2956]
[0,306,566,637,893,1137,1650,1983,2350,2428,2635,2956]
[0,566,893,1983,2350,2635,2956]
[0,306,566,893,1137,1983,2350,2428,2635,2956]
[0,306,566,637,893,1137,1983,2428,2635,2956]
[0,306,636,893,1983,2956]
[0,306,636,893,1991,2350,2956]
[0,566,1609,2956]
[0,306,566,893,1650,1983,2428,2956]
[0,306,566,893,1137,1650,1983,2350,2635,2956]
[0,306,566,637,893,1137,2428,2635,2956]
[0,566,893,1650,1983,2956]
[0,566,893,1991,2350,2956]
[0,306,636,893,1137,1983,2956]
[0,306,566,893,1143,1609,1991,2350,2635,2956]
[0,566,1609,1991,2350,2956]
[0,306,566,893,1143,1991,2350,2428,2635,2956]
[0,566,1983,2350,2956]
[0,566,893,1650,1983,2428,2956]
[0,306,636,893,1137,1650,1983,2428,2956]
[0,306,566,893,1609,1991,2350,2635,2956]
[0,306,636,893,1650,1983,2956]
[0,566,1983,2956]
[0,566,1650,1983,2956]
[0,636,893,2956]
[0,306,2956]
[0,893,2635,2956]
[0,306,636,893,1991,2956]
[0,566,893,1609,1991,2350,2635,2956]
[0,306,566,893,1650,1983,2350,2635,2956]
[0,306,636,893,1650,1983,2428,2956]
[0,306,566,893,1650,1983,2956]
[0,306,566,893,1983,2428,2956]
[0,306,566,893,1137,2956]
[0,306,566,893,1137,1983,2350,2635,2956]
[0,306,566,637,893,1137,1983,2350,2428,2635,2956]
[0,306,636,893,1143,1991,2350,2956]
[0,306,636,893,2956]
[0,566,1650,1983,2350,2956]
[0,306,893,1650,1983,2428,2956]
[0,566,893,2956]
[0,1991,2956]
[0,306,566,893,1137,1983,2428,2956]
[0,566,893,1991,2956]
[0,1983,2350,2956]
[0,636,893,1991,2956]
[0,306,636,893,1137,1650,1983,2956]
[0,566,1609,2350,2956]
[0,636,1991,2350,2956]
[0,306,893,1991,2956]
[0,306,566,893,1137,1650,1983,2428,2956]
[0,566,893,1983,2350,2956]
[0,670,1983,2956]
[0,306,566,893,1137,1983,2956]
[0,893,1991,2956]
[0,306,566,893,1137,1650,1983,2350,2428,2635,2956]
[0,306,566,893,1143,1991,2350,2635,2956]
[0,306,566,893,1991,2350,2635,2956]
[0,306,636,893,1137,2635,2956]
[0,1991,2350,2956]
[0,306,566,893,1137,1650,1983,2428,2635,2956]
[0,566,893,1991,2350,2635,2956]
[0,566,1650,1983,2428,2956]
[0,566,893,2635,2956]
[0,566,893,1609,1991,2350,2956]
[0,893,1991,2350,2956]
[0,306,893,2956]
[0,306,566,636,893,1143,1609,1991,2350,2428,2635,2956]
[0,306,893,2635,2956]
[0,306,566,893,1143,1609,1991,2350,2428,2635,2956]
[0,306,636,893,1983,2428,2956]
[0,306,636,893,1137,1983,2428,2635,2956]
[0,893,1650,1983,2956]
[0,1983,2956]
[0,1609,2956]
[0,566,893,1983,2956]
[0,306,893,1991,2350,2635,2956]
[0,636,1991,2956]
[0,306,636,893,1137,2956]
[0,306,636,893,1143,1991,2350,2635,2956]
[0,566,893,1983,2428,2956]
[0,306,566,893,2956]
[0,306,566,893,1137,2428,2635,2956]
[0,306,566,893,1137,1650,1983,2956]
[0,636,893,1991,2350,2956]
[0,893,1983,2428,2956]
[0,670,1983,2428,2956]
[0,306,893,1983,2956]
[0,306,636,893,1137,1650,1983,2428,2635,2956]
[0,893,1650,1983,2428,2956]
[0,1609,2350,2956]
[0,893,1983,2956]
[0,893,2956]
[0,566,893,1650,1983,2350,2635,2956]
[0,566,1991,2956]
[0,306,566,893,1983,2350,2635,2956]
[0,306,566,893,1137,2635,2956]
[0,566,1991,2350,2956]
[0,566,893,1650,1983,2350,2956]
[0,306,636,893,1137,2428,2635,2956]
