[0,259,319,399,854,969]
[0,259,399,969]
[0,95,259,399,854,969]
[0,259,401,969]
[0,95,253,315,399,969]
[0,95,253,319,399,854,969]
[0,301,969]
[0,259,969]
[0,95,259,319,399,969]
[0,59,259,399,969]
[0,95,253,399,969]
[0,59,259,319,399,969]
[0,59,259,401,969]
[0,95,253,315,399,854,969]
[0,59,259,319,401,969]
[0,59,259,319,399,854,969]
[0,101,259,401,854,969]
[0,59,259,319,401,854,969]
[0,101,259,319,401,854,969]
[0,259,319,401,854,969]
[0,95,259,319,399,854,969]
[0,259,399,854,969]
[0,101,259,401,969]
[0,259,319,399,969]
[0,59,101,259,319,399,854,969]
[0,59,101,259,319,401,854,969]
[0,253,399,969]
[0,259,401,854,969]
[0,95,253,399,854,969]
[0,253,399,854,969]
[0,95,253,319,399,969]
[0,253,969]
[0,101,259,319,401,969]
[0,259,319,401,969]
[0,95,259,399,969]
