[0,268,553,1046]
[0,268,489,1046]
[0,102,390,486,553,681,855,976,1046]
[0,492,681,855,976,1046]
[0,268,489,681,1046]
[0,268,489,681,859,1046]
[0,102,268,486,681,855,976,1046]
[0,492,681,1046]
[0,102,486,553,681,855,976,1046]
[0,492,1046]
[0,268,486,681,1046]
[0,102,390,486,681,855,1046]
[0,102,486,1046]
[0,102,492,681,1046]
[0,553,1046]
[0,102,486,681,855,976,1046]
[0,102,486,681,976,1046]
[0,102,486,681,855,1046]
[0,486,976,1046]
[0,489,1046]
[0,268,486,1046]
[0,102,268,486,681,855,1046]
[0,486,681,855,1046]
[0,102,492,681,855,1046]
[0,102,390,486,681,855,976,1046]
[0,486,681,1046]
[0,102,492,681,859,1046]
[0,102,492,681,855,976,1046]
[0,102,268,486,553,681,855,976,1046]
[0,268,486,681,855,976,1046]
[0,102,268,486,681,976,1046]
[0,102,268,486,681,1046]
[0,102,486,976,1046]
[0,102,486,681,1046]
[0,492,681,855,1046]
[0,486,1046]
[0,268,486,681,855,1046]
[0,492,681,859,1046]
[0,486,681,855,976,1046]
[0,268,486,681,976,1046]
[0,268,486,553,681,855,976,1046]
[0,489,681,1046]
