[0,1385,1504,1664,1761,1818,1897,1958,2053]
[0,1385,1504,1897,2053]
[0,1385,1429,1504,1818,1897,1958,2007,2053]
[0,1385,1504,1818,2053]
[0,1385,1504,2007,2053]
[0,1385,1429,1504,1761,1818,1897,2053]
[0,1385,1429,1504,1664,1761,1818,1897,1958,2007,2053]
[0,1385,1504,1818,1897,2007,2053]
[0,1385,1504,1664,1897,2053]
[0,1385,1429,1504,1664,1761,1818,1897,2053]
[0,1504,1818,2053]
[0,1504,1664,2053]
[0,1504,1697,2053]
[0,1504,2053]
[0,1385,1504,1761,1818,1897,1958,2053]
[0,1385,1504,1697,1818,2053]
[0,1385,2053]
[0,1429,2053]
[0,1385,1504,1761,1818,2053]
[0,1385,1504,1697,2053]
[0,1504,1897,2053]
[0,1504,1664,1897,2053]
[0,1385,1504,1818,1897,1958,2053]
[0,1385,1504,1818,1897,2053]
[0,1385,1504,1664,1761,1818,1897,1958,2007,2053]
[0,1385,1429,1504,1818,1897,2053]
[0,1385,1504,1761,1818,1897,1958,2007,2053]
[0,1385,1504,1664,1818,1897,1958,2053]
[0,1385,1504,1664,1761,1818,1897,2007,2053]
[0,1385,1504,1818,2007,2053]
[0,1385,1504,1818,1897,1958,2007,2053]
[0,1385,1504,1664,1761,1818,1897,2053]
[0,1385,1504,1761,1818,1897,2053]
[0,1385,1429,1504,1664,1761,1818,1897,2007,2053]
[0,1504,1697,1818,2053]
[0,1385,1504,2053]
[0,1385,1504,1761,1818,2007,2053]
[0,1385,1429,1504,1761,1818,1897,1958,2007,2053]
[0,1385,1504,1697,1818,2007,2053]
[0,1385,1504,1664,1818,1897,2053]
