[0,1669,2209,2554]
[0,970,1632,2209,2554]
[0,244,771,970,1632,2209,2554]
[0,298,970,1669,2209,2554]
[0,298,771,970,1632,1783,2209,2554]
[0,298,771,970,1669,2209,2554]
[0,970,1669,2209,2554]
[0,771,1783,2554]
[0,1632,2209,2554]
[0,1783,2554]
[0,298,970,1632,2209,2554]
[0,298,771,970,1632,2209,2554]
[0,244,2554]
[0,970,1632,2554]
[0,244,2022,2554]
[0,244,1632,2209,2554]
[0,244,2209,2554]
[0,2209,2554]
[0,2022,2554]
[0,970,2554]
[0,298,1669,2209,2554]
[0,244,771,970,1632,1783,2209,2554]
[0,970,1669,2554]
[0,771,2209,2554]
[0,244,1669,2209,2554]
[0,1632,2554]
[0,298,2209,2554]
[0,244,970,1632,2209,2554]
[0,298,1632,2209,2554]
[0,771,2554]
[0,1669,2554]
