[0,437,1372,1546,1731,2017]
[0,437,766,992,2017]
[0,437,853,1372,1731,2017]
[0,65,437,766,992,1372,1731,2017]
[0,65,437,766,992,1372,1546,1731,2017]
[0,437,766,992,1372,1546,1731,2017]
[0,766,1679,2017]
[0,437,766,1372,1731,2017]
[0,437,853,948,1372,1731,2017]
[0,437,1372,2017]
[0,766,992,2017]
[0,437,853,1372,2017]
[0,766,2017]
[0,437,1372,1731,2017]
[0,437,766,1372,2017]
[0,65,437,853,1372,2017]
[0,65,437,853,1372,1731,2017]
[0,437,853,1372,1546,1731,2017]
[0,437,853,992,1372,1731,2017]
[0,437,948,2017]
[0,992,2017]
[0,437,853,948,1372,2017]
[0,437,853,948,1372,1546,1731,2017]
[0,948,2017]
[0,437,766,992,1372,1731,2017]
[0,437,992,2017]
[0,65,437,766,992,1731,2017]
[0,437,2017]
[0,437,853,992,1731,2017]
[0,437,992,1731,2017]
[0,437,853,992,2017]
[0,437,853,948,2017]
[0,437,766,992,1731,2017]
[0,1372,2017]
[0,437,1731,2017]
[0,437,853,992,1372,1546,1731,2017]
