[0,133,401,492,682,1125,1236,1327]
[0,133,492,673,1125,1327]
[0,205,401,492,673,1125,1327]
[0,134,682,1125,1327]
[0,133,682,1021,1327]
[0,133,1125,1327]
[0,401,492,1125,1236,1327]
[0,133,401,492,673,877,1125,1236,1327]
[0,133,492,673,877,1021,1125,1327]
[0,401,682,1021,1327]
[0,134,401,492,682,877,1125,1236,1327]
[0,133,1327]
[0,492,673,877,1021,1327]
[0,492,682,1125,1327]
[0,134,682,877,1125,1236,1327]
[0,134,682,877,1125,1327]
[0,205,1021,1327]
[0,133,492,682,877,1021,1327]
[0,205,682,1050,1327]
[0,205,492,682,1050,1327]
[0,133,401,492,682,1125,1327]
[0,401,877,1021,1327]
[0,401,492,682,877,1021,1327]
[0,673,1125,1327]
[0,133,401,492,682,877,1021,1327]
[0,133,1021,1327]
[0,133,682,877,1021,1125,1236,1327]
[0,1125,1327]
[0,133,673,877,1021,1327]
[0,133,492,682,877,1125,1236,1327]
[0,401,1327]
[0,492,682,1021,1327]
[0,673,877,1125,1327]
[0,492,673,1125,1327]
[0,401,492,682,1125,1327]
[0,673,1021,1327]
[0,134,682,1125,1236,1327]
[0,401,492,673,877,1021,1327]
[0,133,401,492,673,877,1021,1125,1236,1327]
[0,205,673,1125,1327]
[0,133,682,877,1021,1327]
[0,133,673,1125,1327]
[0,401,492,1125,1327]
[0,492,673,1327]
[0,682,1050,1327]
[0,401,673,1125,1327]
[0,401,673,1327]
[0,205,401,492,682,1125,1327]
[0,492,673,1021,1327]
[0,401,492,682,1021,1327]
[0,133,401,492,673,1125,1236,1327]
[0,134,1327]
[0,1001,1327]
[0,401,492,1021,1327]
[0,134,1125,1236,1327]
[0,134,492,682,877,1125,1327]
[0,134,492,682,877,1021,1125,1327]
[0,133,682,1125,1327]
[0,134,1125,1327]
[0,134,492,682,1125,1236,1327]
[0,682,1327]
[0,133,673,1021,1327]
[0,205,673,1021,1327]
[0,133,401,492,673,1327]
[0,401,673,1021,1327]
[0,401,492,682,1125,1236,1327]
[0,134,401,492,682,1125,1236,1327]
[0,133,492,673,877,1125,1327]
[0,133,401,492,682,877,1021,1125,1236,1327]
[0,401,492,673,1327]
[0,133,492,682,877,1125,1327]
[0,134,492,682,877,1125,1236,1327]
[0,134,492,682,877,1021,1327]
[0,133,401,492,673,1125,1327]
[0,133,682,877,1125,1236,1327]
[0,682,877,1125,1327]
[0,133,682,877,1021,1125,1327]
[0,283,1001,1327]
[0,133,492,673,877,1021,1327]
[0,205,492,673,1125,1327]
[0,401,492,673,1125,1327]
[0,133,492,682,877,1021,1125,1327]
[0,205,492,682,1125,1327]
[0,205,673,1327]
[0,682,877,1021,1327]
[0,133,492,673,1125,1236,1327]
[0,205,682,1327]
[0,133,492,673,1327]
[0,133,492,673,877,1125,1236,1327]
[0,133,492,682,1125,1327]
[0,134,682,1021,1327]
[0,133,492,682,877,1021,1125,1236,1327]
[0,401,1125,1327]
[0,133,673,1327]
[0,205,492,682,1327]
[0,205,1327]
[0,401,492,673,1021,1327]
[0,133,401,492,682,877,1125,1236,1327]
[0,133,1125,1236,1327]
[0,133,492,682,1125,1236,1327]
[0,133,682,877,1125,1327]
[0,492,682,877,1125,1327]
[0,134,401,492,682,877,1021,1125,1236,1327]
[0,134,682,877,1021,1327]
[0,205,492,673,1327]
[0,401,1125,1236,1327]
[0,682,1125,1327]
[0,401,1021,1327]
[0,205,492,673,1021,1327]
[0,401,682,1327]
[0,133,401,492,673,877,1021,1327]
[0,133,673,1125,1236,1327]
[0,134,492,682,877,1021,1125,1236,1327]
[0,133,682,1125,1236,1327]
[0,1021,1327]
[0,673,877,1021,1327]
[0,401,673,1125,1236,1327]
[0,401,682,1125,1236,1327]
[0,134,492,682,1125,1327]
[0,134,682,877,1021,1125,1236,1327]
[0,682,1021,1327]
[0,401,492,673,1125,1236,1327]
[0,205,682,1125,1327]
[0,673,1327]
[0,133,492,673,877,1021,1125,1236,1327]
[0,134,1021,1327]
[0,492,682,877,1021,1327]
[0,673,877,1327]
[0,401,492,1327]
[0,401,682,1125,1327]
[0,283,1327]
[0,492,673,877,1125,1327]
[0,401,492,682,1327]
[0,134,682,877,1021,1125,1327]
[0,205,1125,1327]
[0,401,673,877,1021,1327]
[0,401,682,877,1021,1327]
