[0,144,441,769,996,1180]
[0,948,1180]
[0,598,1180]
[0,664,1180]
[0,144,441,664,769,1083,1137,1180]
[0,741,1180]
[0,144,948,1180]
[0,996,1180]
[0,144,1137,1180]
[0,144,441,664,769,948,1126,1180]
[0,144,441,664,769,996,1180]
[0,144,1126,1180]
[0,144,441,598,686,774,996,1180]
[0,144,1083,1137,1180]
[0,144,740,948,1180]
[0,144,441,598,774,1083,1137,1180]
[0,769,996,1180]
[0,144,441,598,774,996,1180]
[0,144,598,774,996,1180]
[0,144,441,598,766,1180]
[0,441,1180]
[0,144,664,769,1083,1180]
[0,144,740,948,1126,1180]
[0,144,441,598,686,774,996,1083,1180]
[0,441,598,766,1180]
[0,144,741,1083,1180]
[0,144,441,598,686,774,1083,1180]
[0,598,766,1180]
[0,144,664,769,996,1126,1180]
[0,144,740,1180]
[0,144,441,598,686,774,1083,1137,1180]
[0,144,441,664,769,1083,1180]
[0,144,1083,1180]
[0,144,664,769,1083,1137,1180]
[0,144,598,774,1083,1137,1180]
[0,144,441,598,774,1083,1180]
[0,144,769,948,1180]
[0,144,769,996,1180]
[0,144,441,598,766,948,1180]
[0,441,598,774,996,1180]
[0,144,664,769,996,1180]
[0,144,774,1083,1180]
[0,441,598,774,1180]
[0,144,441,598,1180]
[0,144,441,664,1180]
[0,441,664,1180]
[0,144,441,664,769,948,1180]
[0,774,996,1180]
[0,144,441,664,769,996,1126,1180]
[0,441,598,766,948,1180]
[0,144,598,774,1083,1180]
[0,144,441,769,948,1180]
[0,769,948,1180]
[0,144,741,1180]
[0,144,774,1180]
[0,441,769,1180]
[0,598,766,948,1180]
[0,774,1180]
[0,144,441,598,686,774,996,1083,1137,1180]
[0,769,1180]
[0,740,948,1180]
[0,144,1180]
[0,144,769,1180]
[0,144,441,1180]
[0,144,774,996,1180]
[0,144,769,1083,1137,1180]
[0,144,769,1083,1180]
[0,740,1180]
[0,144,598,774,1180]
[0,598,774,996,1180]
[0,144,441,598,774,1180]
[0,766,948,1180]
[0,441,948,1180]
[0,144,948,1126,1180]
[0,144,441,598,766,948,1126,1180]
[0,598,774,1180]
[0,441,769,948,1180]
[0,144,774,1083,1137,1180]
[0,144,441,664,769,1180]
[0,144,664,769,1180]
[0,441,598,1180]
[0,441,769,996,1180]
