[0,449,503,677,972,1046]
[0,600,1046]
[0,557,677,768,822,972,1046]
[0,308,449,503,557,677,972,1046]
[0,557,677,768,1046]
[0,503,557,677,972,1046]
[0,213,381,557,677,768,1046]
[0,308,557,768,1046]
[0,557,768,1046]
[0,449,600,819,1046]
[0,308,381,503,557,677,768,822,972,1046]
[0,97,213,381,557,677,768,972,1046]
[0,449,503,557,677,768,972,1046]
[0,213,503,1046]
[0,213,381,557,677,768,972,1046]
[0,308,557,677,768,972,1046]
[0,213,557,677,972,1046]
[0,557,1046]
[0,213,503,972,1046]
[0,213,557,768,1046]
[0,308,557,677,768,1046]
[0,213,503,557,677,768,972,1046]
[0,97,213,557,677,972,1046]
[0,308,557,677,1046]
[0,503,768,1046]
[0,449,503,677,1046]
[0,97,213,381,557,677,768,1046]
[0,449,819,1046]
[0,213,557,1046]
[0,213,381,557,1046]
[0,97,213,381,449,503,557,677,972,1046]
[0,503,677,1046]
[0,97,213,557,677,1046]
[0,97,213,381,503,557,677,972,1046]
[0,213,381,449,503,557,677,972,1046]
[0,503,557,677,1046]
[0,503,557,677,768,1046]
[0,218,449,600,819,1046]
[0,213,381,449,503,557,677,768,972,1046]
[0,213,503,557,677,972,1046]
[0,422,503,677,972,1046]
[0,97,213,381,449,503,557,677,768,972,1046]
[0,308,381,503,557,677,972,1046]
[0,213,557,677,1046]
[0,97,213,381,557,677,972,1046]
[0,503,1046]
[0,97,213,381,503,557,677,768,972,1046]
[0,449,503,557,677,768,819,1046]
[0,213,503,557,768,972,1046]
[0,308,381,557,677,768,972,1046]
[0,308,557,1046]
[0,308,381,557,677,972,1046]
[0,97,213,557,677,768,1046]
[0,213,557,677,768,972,1046]
[0,308,449,503,557,677,768,972,1046]
[0,213,557,677,768,1046]
[0,213,557,768,972,1046]
[0,503,819,1046]
[0,308,449,503,557,677,768,819,972,1046]
[0,308,503,557,677,768,972,1046]
[0,557,768,972,1046]
[0,213,381,503,557,677,972,1046]
[0,213,449,503,557,677,972,1046]
[0,213,381,503,557,677,768,972,1046]
[0,557,677,972,1046]
[0,213,381,557,677,972,1046]
[0,308,503,819,1046]
[0,449,503,768,1046]
[0,97,213,381,557,677,1046]
[0,503,768,972,1046]
[0,449,503,557,677,768,1046]
[0,308,381,557,677,768,822,972,1046]
[0,218,600,819,1046]
[0,213,381,557,677,1046]
[0,213,503,557,768,1046]
[0,308,381,449,503,557,677,768,972,1046]
[0,449,503,557,677,768,819,972,1046]
[0,97,213,503,557,677,768,972,1046]
[0,449,1046]
[0,600,819,1046]
[0,557,677,768,972,1046]
[0,557,677,1046]
[0,503,557,677,768,972,1046]
[0,422,503,768,1046]
[0,308,503,557,677,972,1046]
[0,308,503,557,677,768,822,972,1046]
[0,308,381,449,503,557,677,768,819,972,1046]
[0,308,503,557,768,1046]
[0,308,381,449,503,557,677,972,1046]
[0,97,213,503,557,677,972,1046]
[0,449,503,557,677,972,1046]
[0,422,503,677,1046]
[0,308,381,449,503,557,677,768,822,972,1046]
[0,308,381,503,557,677,768,972,1046]
[0,308,557,677,972,1046]
[0,449,503,557,677,1046]
[0,308,557,677,768,822,972,1046]
[0,97,213,557,677,768,972,1046]
[0,503,972,1046]
[0,503,677,972,1046]
[0,449,503,768,972,1046]
