[0,153,1135,1180]
[0,1003,1180]
[0,153,453,1135,1180]
[0,153,556,1180]
[0,55,153,250,453,698,936,1180]
[0,55,153,453,698,936,1180]
[0,55,153,366,453,1180]
[0,55,153,250,447,698,974,1180]
[0,55,153,453,698,936,1135,1180]
[0,556,1180]
[0,366,625,1135,1180]
[0,366,453,1073,1180]
[0,153,250,453,936,1180]
[0,59,153,366,556,698,974,1180]
[0,55,153,250,447,1180]
[0,250,453,936,1180]
[0,250,974,1180]
[0,153,453,936,1180]
[0,55,153,250,453,1180]
[0,153,366,453,936,1180]
[0,55,153,250,447,1135,1180]
[0,153,366,556,936,1180]
[0,55,153,250,366,453,698,936,1180]
[0,55,250,447,1135,1180]
[0,153,698,1180]
[0,153,250,447,698,974,1180]
[0,59,153,556,1180]
[0,698,1180]
[0,250,936,1180]
[0,366,453,1180]
[0,55,153,250,366,453,1135,1180]
[0,153,250,366,453,1180]
[0,55,153,366,453,1135,1180]
[0,153,453,936,1135,1180]
[0,329,521,1135,1180]
[0,153,250,447,1180]
[0,366,556,974,1180]
[0,59,153,366,556,974,1180]
[0,55,153,366,453,1073,1180]
[0,250,366,453,936,1180]
[0,55,153,250,447,974,1180]
[0,366,1135,1180]
[0,153,366,556,698,974,1180]
[0,55,153,250,453,936,1135,1180]
[0,55,153,453,936,1135,1180]
[0,453,1180]
[0,55,153,250,366,453,1180]
[0,250,453,1135,1180]
[0,250,447,1135,1180]
[0,55,153,250,447,974,1135,1180]
[0,329,521,1180]
[0,59,153,366,556,974,1135,1180]
[0,55,153,366,453,936,1180]
[0,153,250,453,1180]
[0,366,556,936,1180]
[0,250,366,453,698,936,1180]
[0,153,453,1073,1180]
[0,55,153,453,1135,1180]
[0,153,250,453,698,936,1180]
[0,698,936,1180]
[0,250,453,698,936,1180]
[0,366,556,1180]
[0,366,974,1180]
[0,55,153,250,453,1135,1180]
[0,153,250,447,974,1180]
[0,250,1180]
[0,153,366,453,1073,1180]
[0,316,1180]
[0,250,698,936,1180]
[0,153,698,1135,1180]
[0,55,153,250,453,698,936,1135,1180]
[0,250,447,974,1180]
[0,153,453,698,936,1180]
[0,453,1073,1180]
[0,153,1180]
[0,55,153,250,366,453,936,1135,1180]
[0,366,625,974,1135,1180]
[0,153,366,556,974,1180]
[0,153,366,556,698,936,1135,1180]
[0,153,366,556,698,936,1180]
[0,366,936,1180]
[0,329,1180]
[0,1073,1180]
[0,55,250,447,1180]
[0,366,625,974,1180]
[0,55,153,250,366,453,698,936,1135,1180]
[0,153,564,1180]
[0,366,1180]
[0,453,936,1180]
[0,55,153,250,447,698,974,1135,1180]
[0,153,250,366,453,936,1180]
[0,55,153,453,936,1180]
[0,936,1180]
[0,564,1180]
[0,59,153,366,556,698,974,1135,1180]
[0,55,153,250,453,936,1180]
[0,366,625,1180]
[0,250,366,453,1180]
[0,453,698,936,1180]
[0,153,366,453,1180]
[0,59,153,366,556,1135,1180]
[0,250,698,1180]
[0,59,153,556,1135,1180]
[0,250,447,1180]
[0,250,698,974,1180]
[0,59,153,366,556,1180]
[0,55,153,453,1180]
[0,55,250,453,1180]
[0,59,153,1180]
[0,153,366,556,1180]
[0,316,1003,1180]
[0,55,250,453,1135,1180]
[0,153,250,366,453,698,936,1180]
[0,250,447,698,974,1180]
[0,153,453,698,936,1135,1180]
[0,153,453,1180]
[0,250,453,1180]
[0,55,153,250,366,453,936,1180]
