[0,373,718,1778,2017]
[0,373,718,2017]
[0,357,718,1950,2017]
[0,357,718,2017]
[0,501,1776,2017]
[0,357,1285,1950,2017]
[0,357,545,1405,1778,2017]
[0,718,2017]
[0,357,1778,1950,2017]
[0,1776,1950,2017]
[0,357,1405,1950,2017]
[0,357,2017]
[0,357,1950,2017]
[0,393,798,1405,1784,2017]
[0,357,1579,1778,1950,2017]
[0,373,545,718,1778,2017]
[0,373,1950,2017]
[0,373,545,718,1778,1950,2017]
[0,357,1285,2017]
[0,393,798,1405,2017]
[0,501,1776,1950,2017]
[0,357,1778,2017]
[0,373,1778,1950,2017]
[0,373,545,1778,1950,2017]
[0,393,1751,2017]
[0,357,545,1778,2017]
[0,357,1405,1579,1778,2017]
[0,1405,2017]
[0,357,1023,1285,1950,2017]
[0,357,1579,1778,2017]
[0,1285,2017]
[0,373,1778,2017]
[0,357,545,718,1240,1405,1579,1778,2017]
[0,357,545,1405,1579,1778,2017]
[0,357,1405,1778,2017]
[0,357,545,718,1240,1405,1579,1778,1950,2017]
[0,357,545,718,1778,2017]
[0,1776,2017]
[0,357,1023,1285,2017]
[0,393,1405,2017]
[0,501,798,1405,2017]
[0,718,1950,2017]
[0,357,545,1405,1579,1778,1950,2017]
[0,501,798,1528,2017]
[0,373,545,1778,2017]
[0,501,2017]
[0,798,1405,2017]
[0,357,1405,1579,1778,1950,2017]
[0,501,1405,2017]
[0,357,545,718,1778,1950,2017]
[0,357,545,718,1405,1579,1778,1950,2017]
[0,357,545,718,1405,1579,1778,2017]
[0,357,1405,2017]
[0,393,2017]
[0,501,798,1405,1784,2017]
[0,373,2017]
[0,357,545,1778,1950,2017]
[0,501,1528,2017]
