[0,431,680,1101,1180]
[0,587,1180]
[0,295,387,931,1101,1180]
[0,387,449,781,931,1101,1180]
[0,295,387,587,931,1101,1180]
[0,295,387,449,931,1101,1180]
[0,295,387,587,680,931,1101,1180]
[0,295,387,449,781,931,1101,1180]
[0,431,680,1180]
[0,295,387,520,587,781,931,1101,1180]
[0,387,520,781,931,1180]
[0,387,587,931,1101,1180]
[0,295,387,680,931,1101,1180]
[0,295,387,587,781,931,1101,1180]
[0,387,449,931,1101,1180]
[0,387,520,931,1180]
[0,295,387,520,781,931,1180]
[0,387,587,1101,1180]
[0,387,449,680,931,1101,1180]
[0,76,295,387,449,520,587,781,931,1101,1180]
[0,76,295,387,587,680,931,1101,1180]
[0,295,387,449,520,781,931,1101,1180]
[0,1101,1180]
[0,72,295,387,587,931,1101,1180]
[0,295,387,680,931,1180]
[0,387,781,931,1101,1180]
[0,295,387,449,1101,1180]
[0,295,387,587,680,931,1180]
[0,295,387,587,931,1180]
[0,295,387,587,680,1180]
[0,387,520,1180]
[0,295,387,449,587,931,1101,1180]
[0,387,587,781,931,1180]
[0,387,449,1101,1180]
[0,387,587,680,931,1180]
[0,295,387,781,931,1101,1180]
[0,295,387,520,1180]
[0,387,587,781,1180]
[0,295,387,520,781,931,1101,1180]
[0,387,1180]
[0,387,449,1180]
[0,387,931,1180]
[0,387,680,931,1180]
[0,387,781,1180]
[0,387,680,1180]
[0,76,295,387,680,931,1101,1180]
[0,781,931,1101,1180]
[0,781,931,1180]
[0,295,387,587,781,931,1180]
[0,72,295,387,449,587,931,1101,1180]
[0,387,520,1101,1180]
[0,295,387,931,1180]
[0,295,387,680,1180]
[0,295,387,781,931,1180]
[0,76,295,387,587,781,931,1101,1180]
[0,387,587,1180]
[0,295,387,587,1101,1180]
[0,295,387,587,1180]
[0,387,781,931,1180]
[0,387,931,1101,1180]
[0,76,295,387,449,680,931,1101,1180]
[0,295,387,1180]
[0,295,387,449,680,931,1101,1180]
[0,72,295,387,520,931,1101,1180]
[0,387,587,931,1180]
[0,387,1101,1180]
[0,387,587,680,1180]
[0,781,1180]
[0,387,680,1101,1180]
[0,931,1101,1180]
[0,295,387,520,1101,1180]
[0,295,387,449,520,587,781,931,1101,1180]
[0,931,1180]
[0,680,1180]
[0,680,1101,1180]
[0,295,387,1101,1180]
[0,76,295,387,520,587,781,931,1101,1180]
[0,295,387,520,931,1101,1180]
[0,295,387,520,931,1180]
[0,587,931,1180]
[0,387,680,931,1101,1180]
