[0,208,686,969]
[0,208,492,969]
[0,208,686,779,969]
[0,208,298,424,492,686,779,969]
[0,208,492,534,686,969]
[0,79,208,492,686,779,969]
[0,208,492,534,686,779,969]
[0,686,969]
[0,79,208,298,492,686,779,892,969]
[0,208,492,686,969]
[0,208,492,534,969]
[0,208,492,686,779,969]
[0,208,424,492,779,969]
[0,208,298,424,492,534,686,779,892,969]
[0,492,969]
[0,79,208,492,686,779,892,969]
[0,208,969]
[0,208,298,492,686,779,892,969]
[0,208,424,492,686,779,969]
[0,79,208,298,424,492,686,779,969]
[0,208,298,492,686,779,969]
[0,208,492,686,779,892,969]
[0,208,298,424,492,686,779,892,969]
[0,79,208,298,492,686,779,969]
[0,79,208,298,424,492,534,686,779,892,969]
[0,79,208,298,424,492,686,779,892,969]
[0,208,424,492,534,686,779,892,969]
[0,79,208,492,779,969]
[0,208,424,492,686,779,892,969]
[0,208,424,492,534,686,779,969]
[0,208,424,492,969]
[0,208,492,779,969]
