[0,114,243,435,536,825,998,1046]
[0,114,243,392,536,738,825,998,1046]
[0,218,536,825,1046]
[0,114,243,392,536,1046]
[0,243,392,536,1046]
[0,114,536,1046]
[0,114,243,536,645,825,998,1046]
[0,536,1046]
[0,114,243,536,1046]
[0,692,825,1046]
[0,114,243,435,536,628,825,998,1046]
[0,114,243,536,628,825,1046]
[0,243,825,1046]
[0,114,243,300,435,536,628,692,825,998,1046]
[0,114,243,392,536,738,1046]
[0,114,243,536,794,998,1046]
[0,114,243,536,692,825,1046]
[0,114,243,392,536,645,825,998,1046]
[0,243,536,692,825,1046]
[0,243,536,825,1046]
[0,114,243,300,392,536,645,825,998,1046]
[0,114,243,536,738,1046]
[0,536,794,998,1046]
[0,243,536,1046]
[0,114,536,998,1046]
[0,392,536,1046]
[0,114,243,536,825,998,1046]
[0,536,825,1046]
[0,114,243,392,536,738,825,1046]
[0,192,536,794,1046]
[0,114,243,536,645,825,1046]
[0,243,392,536,738,1046]
[0,114,825,1046]
[0,114,243,435,536,628,825,1046]
[0,825,1046]
[0,536,794,1046]
[0,114,243,825,1046]
[0,243,536,692,1046]
[0,114,243,435,536,628,692,825,998,1046]
[0,243,536,738,1046]
[0,192,536,794,998,1046]
[0,114,243,536,794,1046]
[0,536,998,1046]
[0,536,692,1046]
[0,536,738,1046]
[0,114,536,825,1046]
[0,114,536,645,825,1046]
[0,114,243,435,536,692,825,998,1046]
[0,243,392,536,825,1046]
[0,392,536,825,1046]
[0,243,1046]
[0,114,243,300,435,536,628,692,825,1046]
[0,114,536,645,825,998,1046]
[0,536,825,998,1046]
[0,114,536,794,1046]
[0,114,243,392,536,645,825,1046]
[0,114,243,300,392,536,645,825,1046]
[0,114,243,536,998,1046]
[0,114,243,435,536,628,692,825,1046]
[0,738,825,1046]
[0,114,243,435,536,998,1046]
[0,114,243,435,536,1046]
[0,114,243,435,536,692,825,1046]
[0,243,536,794,1046]
[0,114,243,536,628,825,998,1046]
[0,536,645,825,1046]
[0,114,536,794,998,1046]
[0,114,536,692,825,1046]
[0,536,692,825,1046]
[0,114,536,738,1046]
[0,114,243,300,435,536,628,825,1046]
[0,114,243,536,738,825,1046]
[0,114,536,738,825,1046]
[0,536,738,825,1046]
[0,114,243,392,536,825,1046]
[0,218,536,1046]
[0,114,243,435,536,825,1046]
[0,392,536,738,1046]
[0,114,243,300,435,536,628,825,998,1046]
[0,114,243,536,825,1046]
