[0,132,494,883,947,1343]
[0,1033,1343]
[0,132,340,406,1343]
[0,132,340,883,947,1033,1151,1343]
[0,340,883,1343]
[0,883,1343]
[0,132,340,406,883,947,1033,1151,1343]
[0,132,340,883,1151,1343]
[0,132,340,406,494,883,947,1033,1151,1343]
[0,132,883,947,1033,1151,1343]
[0,132,406,494,883,1151,1343]
[0,132,224,406,494,883,947,1151,1343]
[0,132,340,494,883,1343]
[0,132,883,1343]
[0,494,883,1343]
[0,132,883,1033,1151,1343]
[0,132,494,673,1151,1343]
[0,132,494,673,1343]
[0,132,224,494,883,1151,1343]
[0,132,340,406,494,883,947,1343]
[0,132,340,406,883,947,1343]
[0,132,883,1033,1343]
[0,1151,1343]
[0,883,1033,1343]
[0,132,494,883,1151,1343]
[0,132,1343]
[0,340,494,883,1343]
[0,132,406,494,883,947,1151,1343]
[0,132,883,947,1343]
[0,132,340,883,1033,1151,1343]
[0,132,494,883,947,1151,1343]
[0,132,340,406,883,1343]
[0,494,1151,1343]
[0,132,340,883,1343]
[0,132,340,494,883,1151,1343]
[0,494,673,1343]
[0,132,340,406,494,883,1151,1343]
[0,132,340,406,883,1151,1343]
[0,340,883,1151,1343]
[0,132,340,406,494,883,1343]
[0,132,883,1151,1343]
[0,340,1343]
[0,132,883,947,1033,1343]
[0,132,224,406,494,883,1151,1343]
[0,883,1151,1343]
[0,494,883,1151,1343]
[0,132,340,494,883,1033,1151,1343]
[0,132,340,883,947,1343]
[0,494,673,1151,1343]
[0,406,1343]
[0,340,494,883,1151,1343]
[0,494,1343]
[0,132,340,1343]
[0,132,494,883,1343]
[0,132,340,406,883,1033,1151,1343]
[0,132,494,1343]
[0,132,340,406,494,883,1033,1151,1343]
