[0,346,554,933,1253,1605,2120]
[0,346,418,554,670,933,1253,2120]
[0,346,554,933,1253,1605,1803,2120]
[0,346,554,933,1253,2120]
[0,346,564,1253,2120]
[0,346,933,2120]
[0,346,670,933,1253,2120]
[0,346,564,933,1253,2120]
[0,346,418,554,670,933,1253,1605,2120]
[0,346,933,1253,2120]
[0,346,554,2120]
[0,1253,2120]
[0,346,609,2120]
[0,346,670,933,2120]
[0,346,554,1253,2120]
[0,346,2120]
[0,346,554,670,933,1253,1605,2120]
[0,346,609,933,1253,2120]
[0,1253,1605,2120]
[0,346,554,670,933,1253,1605,1803,2120]
[0,346,670,2120]
[0,346,1253,1605,2120]
[0,933,2120]
[0,418,2120]
[0,346,564,670,933,1253,2120]
[0,346,554,670,933,1253,2120]
[0,418,1253,2120]
[0,346,609,1253,2120]
[0,465,1253,2120]
[0,346,1253,2120]
[0,346,933,1253,1605,2120]
[0,346,564,2120]
[0,346,670,1253,2120]
[0,346,418,554,670,933,1253,1605,1803,2120]
