[0,286,977,1275,1477,1555,1652,1966,2053]
[0,286,1200,1275,1477,1652,1734,2053]
[0,286,977,1275,1477,1652,1734,2053]
[0,286,977,1200,1275,1477,1555,1649,1734,1966,2053]
[0,286,977,1200,1275,1477,1555,1652,1966,2053]
[0,286,1200,1275,1477,1555,1652,2053]
[0,286,826,1200,1275,1477,1555,1652,2053]
[0,286,977,1477,2053]
[0,1200,1275,1477,1652,1966,2053]
[0,826,2053]
[0,286,1200,1275,1477,1555,1652,1734,2053]
[0,1477,2053]
[0,286,977,1275,1477,1649,2053]
[0,286,826,1477,1652,2053]
[0,286,977,1477,1652,1734,2053]
[0,286,826,1477,2053]
[0,1275,1477,1652,2053]
[0,286,977,1275,1477,2053]
[0,286,977,1275,1477,1555,1652,1734,2053]
[0,1477,1652,1734,2053]
[0,286,826,1275,1477,1555,1652,1734,2053]
[0,286,1477,1555,1652,1966,2053]
[0,286,977,1200,1275,1477,1555,1652,1734,2053]
[0,286,1477,1555,1649,1966,2053]
[0,286,977,1267,1477,1652,2053]
[0,1275,1477,2053]
[0,286,1275,1477,1649,2053]
[0,286,1200,1275,1477,1649,1966,2053]
[0,286,977,1275,1477,1652,1966,2053]
[0,286,826,1275,1477,2053]
[0,286,826,1477,1555,1652,2053]
[0,286,826,1200,1275,1477,1555,1652,1734,2053]
[0,286,1275,1477,1652,1966,2053]
[0,286,977,1275,1477,1555,1649,1734,1966,2053]
[0,1477,1652,2053]
[0,286,1477,1555,1652,1734,2053]
[0,286,977,1200,1275,1477,1555,1649,1966,2053]
[0,286,1477,1652,1966,2053]
[0,286,1200,1275,1477,1555,1649,1966,2053]
[0,286,1275,1477,1555,1652,1734,2053]
[0,1275,1477,1649,2053]
[0,286,1275,1477,1555,1652,2053]
[0,286,826,1275,1477,1652,2053]
[0,1200,1275,1477,1649,1966,2053]
[0,1275,1477,1652,1966,2053]
[0,286,1477,2053]
[0,286,977,1477,1649,2053]
[0,286,1477,1649,1966,2053]
[0,1477,1652,1966,2053]
[0,1477,1649,2053]
[0,286,1275,1477,1652,1734,2053]
[0,826,1477,2053]
[0,1275,1477,1649,1966,2053]
[0,286,1477,1652,1734,2053]
[0,286,1275,1477,1652,2053]
[0,286,977,1267,1477,1555,1652,1966,2053]
[0,1477,1649,1966,2053]
[0,286,1477,1652,2053]
[0,286,826,1275,1477,1652,1734,2053]
[0,286,1477,1555,1652,2053]
[0,1275,1477,1652,1734,2053]
[0,286,1200,1275,1477,1652,1966,2053]
[0,286,1275,1477,2053]
[0,286,1275,1477,1555,1652,1966,2053]
[0,1200,1275,1477,1652,2053]
[0,1200,1275,1477,1652,1734,2053]
[0,286,826,1275,1477,1555,1652,2053]
[0,286,977,1275,1477,1555,1649,1966,2053]
[0,977,1477,2053]
[0,286,977,1267,1477,1652,1966,2053]
[0,286,1275,1477,1649,1966,2053]
[0,286,977,1477,1652,2053]
[0,286,977,1275,1477,1649,1734,1966,2053]
[0,286,977,1275,1477,1649,1966,2053]
[0,286,1275,1477,1555,1649,1966,2053]
[0,286,977,1267,1477,2053]
[0,286,1200,1275,1477,1555,1652,1966,2053]
[0,286,977,1477,1649,1966,2053]
[0,286,1200,1275,1477,1652,2053]
[0,286,1477,1649,2053]
[0,286,977,1477,1652,1966,2053]
[0,286,977,1275,1477,1652,2053]
[0,286,826,1477,1652,1734,2053]
