[0,69,2017]
[0,927,1681,2017]
[0,1009,1167,1592,1681,2017]
[0,286,1009,1681,2017]
[0,845,924,1009,1592,1681,2017]
[0,286,924,1681,2017]
[0,69,286,845,954,1681,2017]
[0,234,2017]
[0,286,845,924,1009,1592,1681,2017]
[0,1167,2017]
[0,924,1009,1592,1681,2017]
[0,1592,1681,2017]
[0,927,2017]
[0,845,954,1681,2017]
[0,69,879,924,2017]
[0,879,924,1009,1592,1681,2017]
[0,286,924,1009,1592,1681,2017]
[0,69,286,845,924,1009,1592,1681,2017]
[0,286,441,1167,1681,2017]
[0,69,286,2017]
[0,69,286,879,924,2017]
[0,286,924,1099,2017]
[0,69,286,1167,1681,2017]
[0,69,924,2017]
[0,69,286,879,924,1009,1167,1592,1681,2017]
[0,286,924,1099,1681,2017]
[0,845,1681,2017]
[0,1681,2017]
[0,286,845,954,1681,2017]
[0,924,2017]
[0,69,286,1681,2017]
[0,286,879,2017]
[0,924,1009,1167,1592,1681,2017]
[0,69,286,845,954,2017]
[0,69,879,924,1009,1592,1681,2017]
[0,69,924,1592,1681,2017]
[0,924,1099,1681,2017]
[0,845,1592,1681,2017]
[0,69,286,845,954,1592,1681,2017]
[0,69,286,441,1167,1681,2017]
[0,879,924,1592,1681,2017]
[0,954,2017]
[0,1009,2017]
[0,69,879,924,1592,1681,2017]
[0,845,924,1592,1681,2017]
[0,286,845,2017]
[0,879,2017]
[0,69,286,879,2017]
[0,69,286,924,1099,1681,2017]
[0,69,286,924,1681,2017]
[0,69,286,924,1009,1167,1592,1681,2017]
[0,879,1681,2017]
[0,879,924,2017]
[0,286,1592,1681,2017]
[0,1099,2017]
[0,69,286,1099,2017]
[0,286,1009,1167,1592,1681,2017]
[0,286,1681,2017]
[0,924,1681,2017]
[0,286,1167,1681,2017]
[0,286,924,1009,1167,1592,1681,2017]
[0,1009,1167,1681,2017]
[0,954,1681,2017]
[0,69,286,879,924,1592,1681,2017]
[0,286,954,1681,2017]
[0,69,286,879,924,1009,1592,1681,2017]
[0,1009,1592,1681,2017]
[0,234,1009,2017]
[0,286,2017]
[0,286,879,1592,1681,2017]
[0,69,286,924,1099,2017]
[0,286,845,954,1592,1681,2017]
[0,69,286,924,1009,1592,1681,2017]
[0,1009,1681,2017]
[0,845,954,1592,1681,2017]
[0,845,2017]
[0,286,845,954,2017]
[0,69,286,1592,1681,2017]
[0,286,1009,1167,1681,2017]
[0,286,1099,2017]
[0,924,1099,2017]
[0,69,924,1009,1592,1681,2017]
[0,69,286,879,1592,1681,2017]
[0,286,879,1681,2017]
[0,69,286,879,924,1681,2017]
[0,924,1592,1681,2017]
[0,845,954,2017]
[0,286,1009,1592,1681,2017]
[0,69,1592,1681,2017]
[0,1167,1681,2017]
