[0,76,690,952,1235,1362,1465]
[0,690,919,1235,1465]
[0,76,259,690,919,1235,1369,1465]
[0,76,259,690,919,1235,1307,1369,1465]
[0,690,919,1235,1369,1465]
[0,690,952,1235,1369,1465]
[0,76,690,952,1240,1465]
[0,1235,1465]
[0,375,1235,1465]
[0,690,952,1465]
[0,690,952,1240,1465]
[0,259,690,1465]
[0,690,1240,1465]
[0,76,690,1240,1465]
[0,259,690,1235,1465]
[0,76,259,314,690,919,1235,1307,1369,1465]
[0,259,690,919,1235,1369,1465]
[0,690,952,1235,1362,1465]
[0,76,690,919,1235,1307,1369,1465]
[0,76,690,952,1235,1307,1369,1465]
[0,76,690,952,1235,1369,1465]
[0,76,1235,1465]
[0,952,1465]
[0,76,690,952,1235,1465]
[0,690,952,1235,1465]
[0,1240,1465]
[0,690,1465]
[0,375,1465]
[0,76,690,919,1235,1465]
[0,690,1235,1465]
[0,76,690,1235,1465]
[0,259,690,919,1235,1465]
[0,76,690,919,1235,1369,1465]
