[0,2226,2554]
[0,1134,1285,1633,1844,2122,2554]
[0,1724,2554]
[0,2118,2554]
[0,817,1285,1724,1844,2080,2554]
[0,1134,1844,2226,2554]
[0,1134,2554]
[0,817,1844,2554]
[0,817,2554]
[0,817,1285,1724,1844,2554]
[0,817,1724,2118,2554]
[0,1134,1285,2226,2554]
[0,1134,1285,1844,2226,2554]
[0,1285,1633,1844,2226,2554]
[0,1660,2226,2554]
[0,1724,1943,2226,2554]
[0,1285,2554]
[0,1134,1285,1844,2080,2226,2554]
[0,817,1844,2080,2554]
[0,1285,1633,2122,2554]
[0,1134,1285,1724,1943,2080,2226,2554]
[0,817,1285,1844,2080,2554]
[0,817,1724,1844,2554]
[0,1134,1285,1724,1844,2080,2226,2554]
[0,1285,1633,1844,2122,2554]
[0,1134,1285,2080,2226,2554]
[0,817,2118,2554]
[0,817,1633,2122,2554]
[0,1134,1724,2226,2554]
[0,817,1285,1633,2122,2554]
[0,1134,1943,2226,2554]
[0,1633,1844,2122,2554]
[0,817,1285,1633,1844,2122,2554]
[0,1134,1285,1660,1943,2226,2554]
[0,1134,1285,1724,1844,2226,2554]
[0,1134,2226,2554]
[0,1285,1633,2554]
[0,1660,1844,2226,2554]
[0,1134,1724,2554]
[0,1285,1844,2554]
[0,1134,1285,1660,2226,2554]
[0,1134,1285,1660,1844,2080,2226,2554]
[0,1285,1660,1844,2226,2554]
[0,1724,2226,2554]
[0,1660,2554]
[0,1134,1285,1633,1844,2554]
[0,1633,2226,2554]
[0,1134,1285,1724,1844,2554]
[0,1134,1724,1844,2554]
[0,1134,1285,1660,1943,2080,2226,2554]
[0,1660,1943,2226,2554]
[0,1285,1633,2226,2554]
[0,1285,1660,2226,2554]
[0,2122,2554]
[0,1285,1660,1943,2226,2554]
[0,1893,2554]
[0,1633,2554]
[0,1633,2122,2554]
[0,817,1285,1844,2554]
[0,1844,2554]
[0,1134,1844,2554]
[0,1633,1844,2226,2554]
[0,1134,1285,1660,1843,1943,2080,2226,2554]
[0,1134,1285,1633,2226,2554]
[0,1285,1660,2554]
[0,1724,1844,2554]
[0,1134,1285,1633,1844,2080,2226,2554]
[0,1134,1285,1724,1844,1943,2080,2226,2554]
[0,1633,1844,2554]
[0,817,1285,2118,2554]
[0,1285,1633,1844,2554]
[0,1134,1285,1660,1844,2226,2554]
[0,1134,1285,1724,1943,2226,2554]
[0,817,1285,1724,2118,2554]
[0,1134,1285,1724,2226,2554]
[0,1134,1285,1633,1844,2226,2554]
[0,1134,1285,1844,2554]
[0,1134,1724,1943,2226,2554]
[0,817,1893,2554]
[0,817,1633,2554]
[0,817,1285,2554]
