[0,180,567,697,1096,1180]
[0,108,180,288,567,726,872,967,1089,1180]
[0,180,1180]
[0,180,567,872,1180]
[0,108,180,288,567,726,796,967,1180]
[0,697,1180]
[0,567,1180]
[0,180,288,567,726,872,1180]
[0,567,872,1180]
[0,180,288,567,726,872,918,1089,1180]
[0,180,967,1180]
[0,108,180,288,567,697,1096,1180]
[0,180,567,726,796,967,1180]
[0,180,288,567,726,872,1089,1180]
[0,108,180,288,567,726,967,1089,1180]
[0,108,180,288,567,726,796,967,1089,1180]
[0,108,180,288,567,726,1089,1180]
[0,180,567,726,967,1180]
[0,108,180,288,567,726,872,967,1180]
[0,108,180,288,567,726,872,918,1089,1180]
[0,180,288,567,726,1096,1180]
[0,180,288,567,697,967,1180]
[0,967,1180]
[0,180,567,726,872,918,1180]
[0,108,180,288,567,726,872,918,1180]
[0,180,288,567,697,872,967,1180]
[0,180,567,726,872,1180]
[0,180,567,726,1180]
[0,108,180,288,567,726,796,872,967,1089,1180]
[0,108,180,288,567,726,1180]
[0,180,288,567,726,1180]
[0,180,567,1089,1180]
[0,872,1180]
[0,180,288,567,726,1089,1180]
[0,180,288,567,726,967,1089,1180]
[0,180,288,567,726,872,967,1180]
[0,180,567,726,872,1089,1180]
[0,567,697,1180]
[0,180,567,697,1180]
[0,180,1089,1180]
[0,180,567,726,1096,1180]
[0,108,180,288,567,697,872,967,1180]
[0,180,288,567,697,1180]
[0,180,567,697,967,1180]
[0,180,288,567,697,1096,1180]
[0,108,180,288,567,726,967,1180]
[0,180,288,567,726,872,967,1089,1180]
[0,108,180,288,567,726,872,1089,1180]
[0,180,567,1180]
[0,180,288,567,726,967,1180]
[0,108,180,288,567,697,872,967,1096,1180]
[0,180,288,567,726,796,967,1180]
[0,180,567,697,872,967,1180]
[0,567,967,1180]
[0,180,567,726,872,967,1180]
[0,180,567,726,1089,1180]
[0,108,180,288,567,726,872,1180]
[0,180,288,567,697,872,967,1096,1180]
[0,180,288,567,726,872,918,1180]
[0,180,567,967,1180]
[0,180,567,726,796,1180]
