[0,267,2655,3353]
[0,340,875,1580,1967,2725,3353]
[0,340,875,1580,2725,3281,3353]
[0,875,2725,3353]
[0,875,1580,1967,2725,3353]
[0,340,875,2725,3353]
[0,267,875,2725,3281,3353]
[0,2725,2772,3353]
[0,875,1580,2725,3353]
[0,580,875,1043,2655,3281,3353]
[0,2655,3353]
[0,267,2725,3353]
[0,340,2725,3353]
[0,2725,3353]
[0,267,875,2655,3353]
[0,875,1580,3353]
[0,875,1043,2725,3353]
[0,267,875,2725,3353]
[0,267,2725,3281,3353]
[0,267,875,1043,2725,3281,3353]
[0,340,875,1580,1967,2725,3281,3353]
[0,580,1043,2655,3353]
[0,267,875,1043,2655,3353]
[0,602,1043,2655,3281,3353]
[0,267,875,1043,2655,3281,3353]
[0,580,1043,2655,3281,3353]
[0,580,2655,3353]
[0,602,875,1043,2655,3353]
[0,875,1043,2655,3281,3353]
[0,267,875,1043,2725,3353]
[0,875,2725,3281,3353]
[0,340,875,2725,3281,3353]
[0,340,2725,3281,3353]
[0,602,2655,3353]
[0,580,875,1043,2655,3353]
[0,875,1043,2725,3281,3353]
[0,602,875,1043,2655,3281,3353]
[0,340,875,1580,2725,3353]
[0,875,3353]
[0,602,1043,2655,3353]
[0,875,2655,3353]
[0,875,1043,2655,3353]
