[0,499,815,1300,1793,2017]
[0,631,1218,2017]
[0,133,574,1620,2017]
[0,133,574,2017]
[0,499,1300,1620,1793,2017]
[0,456,2017]
[0,133,499,815,1205,2017]
[0,133,499,1620,1793,2017]
[0,133,499,697,1620,1793,2017]
[0,133,574,1620,1793,2017]
[0,499,812,1300,1793,2017]
[0,499,815,1300,1620,1793,2017]
[0,499,697,1300,2017]
[0,133,499,891,993,1205,1620,1793,2017]
[0,499,815,1205,2017]
[0,133,499,815,1205,1793,2017]
[0,574,1620,1793,2017]
[0,499,993,1300,2017]
[0,499,812,1300,1620,1793,2017]
[0,133,631,1218,2017]
[0,133,499,815,1205,1620,1793,2017]
[0,499,1300,1793,2017]
[0,133,499,1620,2017]
[0,133,574,1300,1620,1793,2017]
[0,133,499,697,1300,1620,1793,2017]
[0,574,1620,2017]
[0,499,2017]
[0,499,1620,2017]
[0,499,812,1620,2017]
[0,499,993,1300,1793,2017]
[0,574,1569,2017]
[0,499,993,1205,2017]
[0,133,499,1300,1620,1793,2017]
[0,133,499,993,1300,2017]
[0,499,1620,1793,2017]
[0,133,499,812,1620,1793,2017]
[0,1300,2017]
[0,574,1300,1793,2017]
[0,499,815,1205,1620,1793,2017]
[0,133,499,812,1300,1620,1793,2017]
[0,499,697,1620,2017]
[0,574,1300,2017]
[0,1218,2017]
[0,499,812,1620,1793,2017]
[0,133,499,1205,2017]
[0,133,499,648,815,1300,1620,1793,2017]
[0,499,815,1300,2017]
[0,133,499,815,1620,1793,2017]
[0,499,697,1300,1620,1793,2017]
[0,499,1205,1793,2017]
[0,133,631,2017]
[0,499,815,1620,1793,2017]
[0,133,499,993,1205,1793,2017]
[0,499,993,1300,1620,1793,2017]
[0,133,499,993,1300,1620,1793,2017]
[0,499,993,1205,1793,2017]
[0,133,499,2017]
[0,133,574,1300,2017]
[0,574,2017]
[0,499,697,1620,1793,2017]
[0,499,815,1620,2017]
[0,133,499,993,1205,1620,1793,2017]
[0,499,1300,2017]
[0,499,815,1205,1793,2017]
[0,499,697,1300,1793,2017]
[0,631,2017]
[0,499,993,1205,1620,1793,2017]
[0,456,1725,2017]
[0,133,499,891,993,1300,1620,1793,2017]
[0,133,499,1300,2017]
[0,574,1300,1620,1793,2017]
[0,499,812,1300,2017]
[0,133,499,993,1205,2017]
[0,499,648,815,1300,1620,1793,2017]
[0,499,1205,2017]
[0,1205,2017]
[0,133,499,815,1300,1620,1793,2017]
