[0,149,613,819,1112,1632]
[0,613,1632]
[0,171,613,1112,1632]
[0,613,945,1112,1632]
[0,439,1112,1632]
[0,149,294,439,613,819,1112,1632]
[0,149,613,945,1112,1632]
[0,439,1632]
[0,149,439,613,1112,1632]
[0,149,294,613,819,1112,1632]
[0,171,613,1112,1519,1632]
[0,613,819,1112,1632]
[0,439,613,1112,1632]
[0,613,1112,1632]
[0,346,1632]
[0,1112,1632]
[0,149,294,439,613,1112,1632]
[0,149,294,346,439,613,819,1112,1519,1632]
[0,149,613,1112,1519,1632]
[0,149,613,945,1112,1519,1632]
[0,149,294,439,613,1112,1519,1632]
[0,149,294,439,613,945,1112,1519,1632]
[0,439,613,945,1112,1632]
[0,171,613,1632]
[0,149,439,613,1112,1519,1632]
[0,149,613,1632]
[0,149,613,1112,1632]
[0,149,613,819,1112,1519,1632]
[0,149,294,439,613,819,1112,1519,1632]
[0,149,294,346,613,1112,1632]
[0,149,294,346,613,1112,1519,1632]
[0,149,439,613,819,1112,1632]
[0,149,294,613,1112,1519,1632]
[0,149,294,613,819,1112,1519,1632]
[0,149,439,613,945,1112,1632]
[0,149,294,346,613,819,1112,1519,1632]
[0,439,613,1632]
[0,439,613,819,1112,1632]
[0,149,294,613,1112,1632]
[0,149,1632]
[0,171,1632]
[0,149,439,613,945,1112,1519,1632]
[0,149,294,439,613,945,1112,1632]
[0,439,819,1112,1632]
