[0,289,772,1079,1180]
[0,224,630,796,1180]
[0,224,506,630,1079,1180]
[0,244,630,772,846,1180]
[0,289,506,630,772,1079,1180]
[0,354,630,772,846,1180]
[0,354,630,772,1079,1180]
[0,354,630,1180]
[0,244,630,1180]
[0,224,630,772,846,1180]
[0,224,506,630,772,953,1079,1180]
[0,289,506,630,772,1180]
[0,244,630,772,1079,1180]
[0,244,506,630,772,953,1079,1180]
[0,289,630,1180]
[0,354,630,953,1180]
[0,244,630,772,953,1079,1180]
[0,289,630,772,1079,1180]
[0,289,628,774,1079,1180]
[0,224,506,630,772,1180]
[0,224,630,772,846,1079,1180]
[0,289,1079,1180]
[0,289,628,1180]
[0,289,1180]
[0,354,630,796,1180]
[0,224,506,630,1180]
[0,224,630,772,1079,1180]
[0,354,630,796,1079,1180]
[0,289,506,630,1180]
[0,354,772,1079,1180]
[0,244,506,630,772,1079,1180]
[0,224,630,1180]
[0,289,628,1079,1180]
[0,224,506,630,796,1079,1180]
[0,224,630,772,953,1180]
[0,289,506,630,1079,1180]
[0,289,772,1180]
[0,244,1180]
[0,244,506,630,772,953,1180]
[0,244,630,1079,1180]
[0,354,1180]
[0,224,630,772,1180]
[0,772,1180]
[0,354,630,772,846,1079,1180]
[0,289,630,796,1180]
[0,289,630,772,1180]
[0,244,630,953,1180]
[0,354,630,1079,1180]
[0,354,1079,1180]
[0,244,630,772,1180]
[0,354,630,707,772,846,953,1079,1180]
[0,224,506,630,772,846,953,1079,1180]
[0,630,953,1180]
[0,289,506,630,796,1079,1180]
[0,628,1180]
[0,289,506,630,796,1180]
[0,224,630,772,953,1079,1180]
[0,244,630,772,953,1180]
[0,289,628,774,1180]
[0,354,630,772,1180]
[0,224,506,630,796,1180]
[0,224,630,1079,1180]
[0,630,1180]
[0,354,630,772,953,1180]
[0,289,630,1079,1180]
[0,224,506,630,772,1079,1180]
[0,354,630,772,953,1079,1180]
[0,244,630,772,846,953,1079,1180]
[0,244,506,630,772,846,953,1079,1180]
[0,224,630,953,1180]
[0,244,506,630,772,1180]
[0,953,1180]
[0,354,630,772,846,953,1079,1180]
[0,354,772,1180]
[0,224,506,630,772,953,1180]
[0,224,1180]
[0,224,630,772,846,953,1079,1180]
[0,244,630,772,846,1079,1180]
