[0,2095,3438,4285]
[0,434,2075,3023,3472,4285]
[0,2095,4285]
[0,1932,4285]
[0,434,2095,2643,3231,4155,4285]
[0,2075,3023,4285]
[0,434,2075,2639,3023,3472,4285]
[0,434,2095,2643,3023,3231,4285]
[0,434,2075,3341,3679,4285]
[0,434,2075,3023,3341,3679,4155,4285]
[0,434,2095,3231,4155,4285]
[0,434,2095,3231,4285]
[0,434,2075,3023,4285]
[0,434,2075,3341,3679,4155,4285]
[0,2075,4285]
[0,434,2075,2639,3023,3341,3679,4155,4285]
[0,2075,3023,3472,4285]
[0,434,2075,2639,3341,4285]
[0,2095,3023,3472,4285]
[0,434,2095,3438,4285]
[0,2095,3023,4285]
[0,434,2095,2643,3023,3472,4155,4285]
[0,2061,3023,4285]
[0,434,2075,2639,3023,3341,3679,4285]
[0,434,2075,3023,3341,3679,4285]
[0,434,2095,2643,3023,3438,4155,4285]
[0,3023,4285]
[0,434,2075,3023,3438,4285]
[0,434,2095,2643,3023,3231,4155,4285]
[0,2061,4285]
[0,2075,3438,4285]
[0,2075,3341,4285]
[0,434,2095,3023,3472,4285]
[0,434,2061,3023,3472,4285]
[0,434,2075,3023,3341,4285]
[0,434,2075,2639,3023,4155,4285]
[0,434,2095,2643,3023,3472,4285]
[0,434,2095,2643,3231,4285]
[0,434,3023,4285]
[0,2095,2643,3231,4285]
[0,434,2075,3215,4024,4285]
[0,434,2075,2639,3023,3472,4155,4285]
[0,434,2075,3438,4285]
[0,434,2075,3341,4285]
[0,434,2061,2639,3023,3472,4155,4285]
[0,434,2075,2639,3341,3679,4285]
[0,434,2075,3023,4155,4285]
[0,2061,3023,3472,4285]
[0,434,2075,2639,3023,3341,4285]
[0,434,4285]
[0,434,2095,3023,4285]
[0,2075,3215,4285]
[0,2075,2639,3341,4285]
[0,2095,3231,4285]
[0,434,2095,3023,3438,4285]
[0,434,2075,2639,3023,4285]
[0,434,2095,3023,3472,4155,4285]
[0,434,2061,2639,3023,3472,4285]
[0,434,2095,2643,3023,3438,4285]
[0,434,2061,3023,4285]
[0,434,2075,3215,4285]
[0,1932,3438,4285]
