[0,76,255,1288,1651]
[0,161,255,1288,1394,1574,1651]
[0,1288,1651]
[0,255,1288,1392,1651]
[0,161,1651]
[0,160,255,1288,1392,1651]
[0,76,160,255,1288,1651]
[0,161,1342,1651]
[0,160,255,1288,1394,1651]
[0,161,1322,1651]
[0,160,255,1322,1651]
[0,76,160,255,1288,1392,1651]
[0,255,1322,1651]
[0,161,255,1288,1394,1651]
[0,76,160,255,1288,1394,1651]
[0,255,1651]
[0,161,255,1288,1651]
[0,76,161,255,1288,1394,1574,1651]
[0,160,255,1288,1392,1574,1651]
[0,76,161,255,1288,1651]
[0,76,255,1322,1651]
[0,76,160,255,1288,1394,1574,1651]
[0,76,161,255,1288,1394,1651]
[0,1342,1651]
[0,255,1288,1651]
[0,255,1288,1394,1574,1651]
[0,1322,1651]
[0,76,160,255,1322,1651]
[0,160,255,1288,1394,1574,1651]
[0,160,255,1288,1651]
[0,76,160,255,1288,1392,1574,1651]
[0,255,1288,1392,1574,1651]
[0,255,1288,1394,1651]
