[0,129,289,580,1126,2017]
[0,129,289,357,1100,1247,2017]
[0,289,2017]
[0,289,1247,2017]
[0,129,289,1247,2017]
[0,289,1126,2017]
[0,1247,2017]
[0,129,289,1126,2017]
[0,289,357,1247,2017]
[0,1126,2017]
[0,129,289,357,1247,2017]
[0,129,289,357,2017]
[0,289,1138,2017]
[0,289,1100,1247,2017]
[0,129,289,357,1126,2017]
[0,289,907,1126,2017]
[0,1138,2017]
[0,129,289,907,1126,2017]
[0,907,1126,2017]
[0,289,580,1126,2017]
[0,580,1126,2017]
[0,129,289,2017]
[0,129,289,357,907,1126,2017]
[0,1100,1247,2017]
[0,129,289,1100,1247,2017]
[0,289,357,2017]
