[0,99,336,919,1039,1343]
[0,53,107,336,919,992,1040,1343]
[0,336,919,1343]
[0,107,336,919,1039,1343]
[0,109,919,1343]
[0,336,919,992,1343]
[0,53,99,336,919,1040,1136,1343]
[0,99,336,919,992,1343]
[0,53,107,336,919,1039,1343]
[0,336,919,1040,1343]
[0,53,99,336,919,992,1343]
[0,99,336,919,1040,1136,1343]
[0,99,336,919,1343]
[0,53,99,336,919,1040,1343]
[0,336,1343]
[0,53,99,336,919,992,1040,1136,1343]
[0,919,992,1343]
[0,53,99,336,919,992,1040,1343]
[0,53,107,336,919,1040,1136,1343]
[0,107,336,919,992,1343]
[0,99,336,919,1040,1343]
[0,99,336,919,992,1040,1136,1343]
[0,919,1343]
[0,107,336,919,1040,1136,1343]
[0,109,1343]
[0,107,336,919,1343]
[0,919,1040,1343]
[0,107,336,919,1040,1343]
[0,53,107,336,919,992,1343]
[0,99,336,919,992,1040,1343]
[0,336,919,1039,1343]
[0,53,107,336,919,992,1040,1136,1343]
[0,53,107,336,919,1040,1343]
