[0,218,418,922]
[0,79,218,418,573,648,710,832,922]
[0,79,218,360,418,480,573,648,710,922]
[0,79,218,480,573,922]
[0,218,480,710,922]
[0,480,922]
[0,79,218,480,581,710,922]
[0,79,218,405,480,573,710,922]
[0,79,218,480,573,710,832,922]
[0,79,218,418,648,922]
[0,79,480,922]
[0,218,480,573,710,832,922]
[0,79,218,418,573,922]
[0,79,405,922]
[0,79,418,922]
[0,79,218,360,418,480,573,710,922]
[0,79,218,405,480,573,922]
[0,79,480,581,922]
[0,405,922]
[0,79,218,418,480,573,648,710,922]
[0,480,573,922]
[0,418,648,922]
[0,79,218,418,573,710,832,922]
[0,418,922]
[0,79,218,405,922]
[0,218,480,573,922]
[0,218,405,480,581,922]
[0,79,218,418,922]
[0,79,218,418,648,832,922]
[0,79,218,360,418,480,573,656,710,922]
[0,79,218,360,418,480,573,656,710,832,922]
[0,79,218,405,480,581,710,922]
[0,79,218,480,573,710,922]
[0,79,218,418,648,710,832,922]
[0,79,218,418,480,573,710,922]
[0,79,218,480,581,922]
[0,79,218,360,418,480,573,648,710,832,922]
[0,218,418,648,832,922]
[0,79,218,418,573,710,922]
[0,418,656,922]
[0,218,480,573,710,922]
[0,79,218,418,480,573,656,710,922]
[0,79,218,360,418,480,573,710,832,922]
[0,218,480,581,922]
[0,79,218,418,480,573,922]
[0,218,418,648,922]
[0,79,218,405,480,581,922]
[0,218,418,573,922]
[0,79,218,405,480,573,710,832,922]
[0,218,418,573,710,922]
[0,218,418,573,710,832,922]
[0,79,218,418,648,710,922]
[0,480,581,922]
[0,218,480,581,710,922]
[0,79,480,573,922]
[0,79,218,418,573,648,710,922]
[0,79,218,418,480,573,648,710,832,922]
[0,218,418,648,710,922]
[0,79,418,656,922]
[0,79,218,418,480,573,710,832,922]
[0,218,480,922]
[0,218,405,480,573,922]
[0,218,405,922]
