[0,298,491,897,1642]
[0,130,897,1159,1601,1642]
[0,130,491,690,870,1203,1310,1642]
[0,130,302,897,1159,1310,1601,1642]
[0,130,1091,1203,1642]
[0,130,1091,1203,1310,1601,1642]
[0,298,491,870,1642]
[0,130,298,491,897,1159,1310,1601,1642]
[0,130,491,1601,1642]
[0,298,491,690,870,1310,1642]
[0,298,491,897,1159,1642]
[0,130,298,491,1091,1203,1642]
[0,491,690,897,1159,1642]
[0,130,1091,1642]
[0,130,491,870,1203,1310,1601,1642]
[0,130,870,1203,1642]
[0,130,897,1159,1642]
[0,130,298,491,690,870,1091,1203,1310,1601,1642]
[0,897,1642]
[0,130,870,1642]
[0,690,1642]
[0,134,653,897,1203,1642]
[0,897,1203,1642]
[0,130,298,491,690,870,1601,1642]
[0,134,653,897,1601,1642]
[0,491,897,1159,1642]
[0,298,491,690,870,1642]
[0,130,897,1159,1310,1601,1642]
[0,130,1310,1642]
[0,130,298,491,690,1091,1203,1310,1642]
[0,130,1203,1310,1601,1642]
[0,130,491,1642]
[0,130,298,897,1159,1310,1642]
[0,491,1642]
[0,130,1091,1203,1310,1642]
[0,298,897,1159,1310,1642]
[0,130,298,491,690,870,1642]
[0,130,298,491,870,1203,1642]
[0,130,491,1091,1642]
[0,130,897,1159,1310,1642]
[0,130,302,897,1159,1310,1642]
[0,130,491,690,870,1203,1310,1601,1642]
[0,130,298,491,690,870,1091,1203,1642]
[0,130,298,491,690,897,1159,1310,1601,1642]
[0,298,897,1159,1642]
[0,130,491,690,870,1203,1642]
[0,870,1203,1642]
[0,130,870,1203,1310,1601,1642]
[0,298,491,1642]
[0,130,298,491,897,1159,1310,1642]
[0,298,491,870,1310,1642]
[0,130,298,491,1091,1203,1310,1601,1642]
[0,130,302,491,1310,1642]
[0,491,690,1091,1642]
[0,298,491,897,1159,1310,1642]
[0,130,298,491,690,897,1159,1642]
[0,130,491,1310,1642]
[0,130,298,491,1601,1642]
[0,897,1159,1642]
[0,491,690,870,1203,1642]
[0,130,298,491,1642]
[0,130,298,491,690,1091,1642]
[0,491,690,897,1642]
[0,130,870,1601,1642]
[0,302,491,1310,1642]
[0,298,491,690,870,1203,1642]
[0,130,302,491,690,870,1203,1642]
[0,491,690,870,1310,1642]
[0,130,491,1203,1310,1601,1642]
[0,134,897,1642]
[0,1310,1642]
[0,130,302,491,870,1203,1642]
[0,130,302,491,1091,1642]
[0,130,1310,1601,1642]
[0,130,302,491,1203,1310,1601,1642]
[0,130,302,491,1091,1203,1642]
[0,298,491,690,897,1159,1642]
[0,130,302,491,870,1203,1310,1601,1642]
[0,130,298,491,870,1601,1642]
[0,130,302,491,1203,1310,1642]
[0,491,690,897,1159,1310,1642]
[0,491,897,1642]
[0,130,298,491,1091,1642]
[0,130,491,1091,1203,1310,1642]
[0,130,298,491,690,870,1091,1203,1310,1642]
[0,1091,1642]
[0,130,302,491,1091,1203,1310,1642]
[0,130,690,1642]
[0,302,897,1159,1642]
[0,302,491,1091,1642]
[0,130,302,491,870,1642]
[0,298,491,690,897,1642]
[0,130,298,491,897,1642]
[0,130,298,897,1159,1310,1601,1642]
[0,491,1310,1642]
[0,302,491,870,1203,1642]
[0,491,897,1159,1310,1642]
[0,491,690,870,1642]
[0,130,298,491,690,870,1310,1601,1642]
[0,870,1642]
[0,302,1642]
[0,130,491,870,1203,1310,1642]
[0,130,302,491,1642]
[0,130,491,1091,1203,1642]
[0,130,302,491,690,870,1203,1310,1601,1642]
[0,302,897,1159,1310,1642]
[0,130,302,491,1091,1203,1310,1601,1642]
[0,491,870,1203,1642]
[0,130,491,1091,1203,1310,1601,1642]
[0,130,298,491,1091,1203,1310,1642]
[0,130,1642]
[0,130,302,491,870,1203,1310,1642]
[0,302,897,1642]
[0,491,1091,1642]
[0,134,1642]
[0,491,870,1310,1642]
[0,130,1203,1310,1642]
[0,130,491,1203,1310,1642]
[0,130,690,1601,1642]
[0,298,491,690,1091,1642]
[0,134,653,897,1642]
[0,130,298,491,690,897,1159,1310,1642]
[0,130,298,491,690,870,1203,1642]
[0,897,1159,1310,1642]
[0,130,897,1642]
[0,130,897,1601,1642]
[0,130,870,1203,1310,1642]
[0,130,302,491,690,870,1203,1310,1642]
[0,130,1601,1642]
[0,298,491,1091,1642]
[0,130,298,491,690,1091,1203,1642]
[0,302,1310,1642]
[0,130,491,870,1203,1642]
[0,302,491,690,870,1203,1642]
[0,130,298,491,690,897,1642]
[0,130,298,491,870,1642]
[0,298,897,1642]
[0,302,491,1642]
[0,491,870,1642]
[0,298,491,870,1203,1642]
[0,298,491,690,897,1159,1310,1642]
[0,130,298,491,897,1159,1642]
[0,653,897,1642]
[0,130,298,491,690,870,1310,1642]
[0,130,298,491,690,1091,1203,1310,1601,1642]
[0,653,897,1203,1642]
[0,302,491,870,1642]
