[0,69,328,643,784,944,998,1044,1178,1249]
[0,83,328,643,784,944,1044,1249]
[0,69,944,1249]
[0,328,784,944,1249]
[0,163,328,608,784,944,1249]
[0,83,328,643,784,944,1249]
[0,275,784,1044,1249]
[0,83,328,944,1044,1178,1249]
[0,944,1249]
[0,328,427,830,1014,1249]
[0,275,784,1249]
[0,69,328,643,784,944,1044,1178,1249]
[0,83,328,608,830,1014,1249]
[0,328,608,1044,1249]
[0,328,608,1178,1249]
[0,69,328,608,784,944,1044,1249]
[0,163,784,1044,1249]
[0,163,328,608,1178,1249]
[0,83,328,1014,1249]
[0,328,784,944,1044,1249]
[0,163,944,1249]
[0,83,328,608,1014,1249]
[0,328,784,944,1044,1178,1249]
[0,328,608,944,1249]
[0,163,328,608,784,944,1044,1249]
[0,83,328,784,944,1044,1178,1249]
[0,163,328,608,1249]
[0,328,1044,1249]
[0,163,328,608,944,1249]
[0,328,784,1044,1249]
[0,83,328,608,830,1014,1178,1249]
[0,163,328,784,1044,1249]
[0,69,328,944,1044,1178,1249]
[0,83,784,1044,1249]
[0,784,1044,1249]
[0,328,784,1249]
[0,608,1249]
[0,83,328,427,830,1014,1178,1249]
[0,328,944,1044,1249]
[0,163,1044,1178,1249]
[0,328,944,1249]
[0,163,1044,1249]
[0,328,1249]
[0,328,608,784,944,1044,1178,1249]
[0,328,608,784,944,1249]
[0,163,328,944,1249]
[0,83,328,830,1014,1178,1249]
[0,69,328,784,944,1249]
[0,83,328,784,944,1249]
[0,83,328,944,1249]
[0,83,1014,1249]
[0,275,1249]
[0,163,328,608,1044,1249]
[0,83,328,427,830,1014,1249]
[0,69,328,784,944,1044,1178,1249]
[0,328,643,784,944,1044,1249]
[0,328,643,784,944,1249]
[0,328,1014,1249]
[0,328,944,1044,1178,1249]
[0,328,608,784,944,1044,1249]
[0,83,998,1249]
[0,1014,1249]
[0,83,328,944,1044,1249]
[0,69,328,608,784,944,1249]
[0,328,830,1014,1249]
[0,163,328,608,784,944,1044,1178,1249]
[0,328,608,830,1014,1249]
[0,163,328,608,1044,1178,1249]
[0,69,328,608,784,944,1044,1178,1249]
[0,328,643,784,944,1044,1178,1249]
[0,83,328,830,1014,1249]
[0,69,328,944,1249]
[0,83,830,1014,1249]
[0,83,1044,1249]
[0,83,328,784,1044,1249]
[0,830,1014,1249]
[0,998,1249]
[0,163,328,784,1044,1178,1249]
[0,69,328,608,784,944,998,1044,1178,1249]
[0,69,328,944,1044,1249]
[0,163,784,1044,1178,1249]
[0,328,608,1014,1249]
[0,275,1044,1249]
[0,83,328,784,944,1044,1249]
[0,1044,1249]
[0,328,608,1249]
[0,784,1249]
[0,83,944,1249]
[0,83,328,643,784,944,1044,1178,1249]
[0,83,328,608,1014,1178,1249]
