[0,562,846,1642]
[0,647,775,868,1084,1163,1642]
[0,529,775,868,1381,1572,1642]
[0,655,839,1169,1642]
[0,529,775,1084,1572,1642]
[0,655,868,1642]
[0,562,846,1169,1642]
[0,655,839,1027,1169,1642]
[0,562,1169,1642]
[0,529,1084,1642]
[0,647,1084,1381,1642]
[0,647,1084,1163,1642]
[0,378,655,1642]
[0,529,647,1084,1642]
[0,655,1642]
[0,1084,1642]
[0,529,868,1642]
[0,529,775,868,1572,1642]
[0,655,867,1163,1642]
[0,378,647,1084,1381,1572,1642]
[0,378,1163,1642]
[0,775,868,1642]
[0,647,868,1084,1163,1642]
[0,697,868,1163,1572,1642]
[0,655,775,868,1169,1572,1642]
[0,1163,1642]
[0,148,378,655,839,1027,1169,1642]
[0,529,1642]
[0,562,1642]
[0,655,839,1027,1169,1572,1642]
[0,148,378,647,1084,1381,1572,1642]
[0,655,839,1572,1642]
[0,378,647,1084,1381,1642]
[0,655,867,1169,1642]
[0,647,868,1163,1642]
[0,655,775,868,1169,1642]
[0,378,647,1084,1642]
[0,529,775,1084,1642]
[0,775,1642]
[0,655,1163,1642]
[0,647,1572,1642]
[0,529,1084,1572,1642]
[0,529,868,1381,1642]
[0,378,814,1642]
[0,378,775,1163,1642]
[0,148,529,647,1084,1572,1642]
[0,647,1642]
[0,148,378,655,839,1027,1169,1572,1642]
[0,814,1642]
[0,655,839,1642]
[0,355,562,846,1169,1642]
[0,697,868,1163,1642]
[0,378,1642]
[0,647,1084,1163,1572,1642]
[0,148,647,1084,1642]
[0,655,1169,1642]
[0,529,775,868,1381,1642]
[0,378,655,839,1027,1169,1642]
[0,775,1163,1642]
[0,697,1642]
[0,647,1084,1381,1572,1642]
[0,378,655,839,1169,1642]
[0,148,378,647,1084,1381,1642]
[0,655,867,1642]
[0,655,868,1169,1642]
[0,529,1572,1642]
[0,529,647,1084,1572,1642]
[0,148,378,655,839,1169,1642]
[0,647,775,868,1084,1163,1572,1642]
[0,378,655,839,1027,1169,1572,1642]
[0,647,1084,1642]
[0,647,1084,1572,1642]
[0,655,839,1169,1572,1642]
[0,378,655,1169,1642]
[0,647,775,868,1163,1642]
[0,697,1163,1642]
[0,697,868,1642]
[0,647,1163,1642]
[0,647,868,1642]
[0,529,775,868,1642]
[0,148,529,647,1084,1642]
