[0,156,285,485,640,704,997]
[0,264,337,436,485,640,704,997]
[0,264,337,542,640,997]
[0,156,264,337,542,640,704,750,997]
[0,156,264,337,542,640,704,997]
[0,264,337,542,704,750,997]
[0,285,485,640,704,997]
[0,285,997]
[0,264,485,750,997]
[0,156,264,337,436,485,640,704,997]
[0,264,337,542,640,704,997]
[0,156,264,337,436,485,542,640,704,750,997]
[0,285,485,997]
[0,156,285,485,750,997]
[0,264,337,485,542,640,704,750,997]
[0,542,997]
[0,156,264,485,997]
[0,264,704,750,997]
[0,156,264,337,542,640,997]
[0,156,264,337,436,485,640,704,750,997]
[0,156,264,337,485,640,997]
[0,264,337,485,997]
[0,156,264,337,485,997]
[0,156,264,542,997]
[0,264,750,997]
[0,264,997]
[0,704,997]
[0,264,337,485,750,997]
[0,156,285,485,997]
[0,156,264,337,485,640,704,997]
[0,264,337,485,704,750,997]
[0,264,337,436,485,640,704,750,997]
[0,264,485,997]
[0,285,485,750,997]
[0,264,337,704,997]
[0,264,337,485,640,704,997]
[0,264,542,997]
[0,264,337,436,485,542,640,704,750,997]
[0,264,485,640,997]
[0,264,337,542,750,997]
[0,264,542,640,997]
[0,264,485,640,704,997]
[0,264,542,750,997]
[0,264,337,997]
[0,485,997]
[0,156,285,485,640,997]
[0,264,337,436,485,542,640,704,997]
[0,328,997]
[0,264,337,542,640,704,750,997]
[0,264,337,704,750,997]
[0,264,337,485,640,997]
[0,264,337,542,997]
[0,264,704,997]
[0,156,264,337,485,542,640,704,997]
[0,156,264,485,640,704,997]
[0,156,264,485,640,997]
[0,264,337,485,542,640,704,997]
[0,156,264,542,640,997]
[0,328,704,997]
[0,156,285,997]
[0,285,485,640,997]
[0,264,337,485,640,704,750,997]
[0,156,264,337,436,485,542,640,704,997]
[0,285,750,997]
[0,156,264,337,485,542,640,704,750,997]
