[0,114,663,1216,1850,2812]
[0,1216,1335,2812]
[0,114,214,493,1216,1850,2762,2812]
[0,214,1850,2812]
[0,114,493,1216,1850,2812]
[0,493,1216,1850,2812]
[0,114,663,1216,1335,2812]
[0,663,1216,1335,2762,2812]
[0,114,663,1216,1850,2762,2812]
[0,663,1216,1850,2762,2812]
[0,663,1216,2812]
[0,1850,2812]
[0,493,2762,2812]
[0,1216,2812]
[0,114,214,493,663,1216,1850,2812]
[0,114,214,663,1216,1850,2812]
[0,114,493,663,1216,1850,2812]
[0,663,1216,1335,1732,1850,2812]
[0,663,1216,1335,1850,2812]
[0,493,663,1216,1850,2812]
[0,114,663,1216,1335,1732,1850,2812]
[0,214,1850,2762,2812]
[0,214,2762,2812]
[0,214,1217,2812]
[0,114,663,1216,1335,2762,2812]
[0,663,1216,1335,2812]
[0,493,1216,2812]
[0,1217,2812]
[0,493,2812]
[0,114,663,1216,1335,1732,1850,2762,2812]
[0,663,1216,1335,1732,1850,2762,2812]
[0,214,1216,1850,2812]
[0,1216,1850,2812]
[0,114,214,663,1216,1335,1732,1850,2812]
[0,214,1216,1850,2762,2812]
[0,1335,2812]
[0,663,1850,2812]
[0,114,214,663,1216,2812]
[0,114,493,1216,1850,2762,2812]
[0,663,1216,2762,2812]
[0,114,214,663,1216,1335,2762,2812]
[0,114,214,663,1216,1335,2812]
[0,114,214,663,1216,1850,2762,2812]
[0,114,214,2812]
[0,214,2812]
[0,114,663,2812]
[0,663,2812]
[0,114,214,493,1216,1850,2812]
[0,663,1216,1335,1850,2762,2812]
[0,663,1216,1850,2812]
[0,663,2762,2812]
[0,2762,2812]
[0,114,214,663,1216,1335,1732,1850,2762,2812]
[0,493,1216,2762,2812]
[0,114,214,493,663,1216,1850,2762,2812]
[0,114,663,1216,2812]
[0,114,214,663,2812]
[0,493,1216,1850,2762,2812]
