[0,842,1264]
[0,115,406,662,842,983,1047,1264]
[0,406,662,842,983,1264]
[0,406,842,983,1264]
[0,406,656,1047,1264]
[0,852,1264]
[0,406,656,852,1047,1264]
[0,406,662,1264]
[0,406,1264]
[0,406,842,983,1047,1264]
[0,406,662,842,983,1047,1264]
[0,115,406,662,842,983,1264]
[0,95,406,656,852,982,1047,1264]
[0,406,842,987,1264]
[0,406,662,983,1264]
[0,406,838,1264]
[0,406,852,1047,1264]
[0,406,852,1264]
[0,406,656,852,982,1047,1264]
[0,406,983,1264]
[0,406,842,1264]
[0,95,406,656,852,1047,1264]
[0,406,656,1264]
[0,406,838,987,1264]
[0,838,1264]
