[0,255,1099,2001,2613,3511,3739,4285]
[0,255,1099,2001,3490,4031,4285]
[0,1099,1434,3467,3739,4285]
[0,1098,4285]
[0,255,1099,2450,3511,4285]
[0,255,1099,2450,3511,4061,4285]
[0,255,1099,2450,3509,3739,4061,4285]
[0,1099,2001,2613,3490,4285]
[0,255,1099,2450,2613,3511,4061,4285]
[0,255,1099,3490,4285]
[0,1099,2450,3511,4285]
[0,1099,2450,3467,3739,4285]
[0,1099,3467,4285]
[0,1099,3511,4285]
[0,1099,2450,4285]
[0,1098,3511,4285]
[0,1099,2613,3739,4061,4285]
[0,255,1099,2001,3511,3739,4061,4285]
[0,255,1099,3511,4061,4285]
[0,255,1099,2450,3511,3739,4285]
[0,255,1099,2450,3509,4061,4285]
[0,255,1099,2450,2613,3509,4061,4285]
[0,1099,2001,3490,4285]
[0,255,1099,3509,3739,4061,4285]
[0,255,1099,3490,4031,4285]
[0,255,1099,3509,4285]
[0,255,1099,3511,3739,4285]
[0,255,1099,2450,3509,3739,4285]
[0,255,1099,3467,3739,4285]
[0,1099,2450,2613,3509,4285]
[0,1099,3490,4285]
[0,2613,4285]
[0,1099,4285]
[0,255,1099,2450,2613,3739,4061,4285]
[0,2450,4285]
[0,255,1099,2001,3511,4285]
[0,255,1099,2613,3739,4061,4285]
[0,255,1099,2001,2613,3511,3739,4061,4285]
[0,255,1099,2450,2613,3511,3739,4061,4285]
[0,1099,2450,2613,3511,4285]
[0,255,1099,2450,3467,3739,4285]
[0,1099,3298,4285]
[0,1099,1434,2613,3467,3739,4285]
[0,255,1099,2450,2613,3467,3739,4061,4285]
[0,1099,2450,2613,3739,4061,4285]
[0,1099,2450,3467,4285]
[0,255,1099,3509,4061,4285]
[0,255,1099,3739,4285]
[0,255,1099,1434,2613,3467,3739,4061,4285]
[0,255,1099,2450,2613,3509,4285]
[0,1099,3509,4285]
[0,255,1099,1434,3467,3739,4061,4285]
[0,1099,2450,2613,3739,4285]
[0,1099,2613,4285]
[0,1099,2001,4285]
[0,1099,3467,3739,4061,4285]
[0,1099,1434,2613,3467,4285]
[0,255,1099,1434,2613,3467,3739,4285]
[0,255,1099,1434,3467,3739,4285]
[0,255,1099,2450,2613,3509,3739,4061,4285]
[0,255,1099,2450,2613,3511,4285]
[0,255,1099,2001,3490,4285]
[0,255,1099,3509,3739,4285]
[0,255,1099,3739,4061,4285]
[0,1099,2613,3739,4285]
[0,255,1099,2001,2613,3511,4285]
[0,255,1099,2613,4285]
[0,1099,2001,2613,3511,4285]
[0,255,1099,3467,4285]
[0,255,1099,3511,4285]
[0,1099,3739,4061,4285]
[0,1099,3467,4061,4285]
[0,255,1099,3467,3739,4061,4285]
[0,1099,3739,4285]
[0,255,1099,2450,3511,3739,4061,4285]
[0,255,1099,2001,3511,4061,4285]
[0,255,1099,2450,3467,3739,4061,4285]
[0,255,1099,2001,2613,3511,4061,4285]
[0,255,1099,2613,3739,4285]
[0,255,1099,2450,3509,4285]
[0,255,1099,2001,2613,3490,4031,4285]
[0,1099,2001,3511,4285]
[0,1099,3467,3739,4285]
[0,255,1099,3511,3739,4061,4285]
[0,1099,1434,3467,4285]
[0,255,1099,2001,2613,3490,4285]
[0,1099,2450,3509,4285]
[0,255,1099,2001,3511,3739,4285]
[0,1099,2613,3467,4285]
