[0,574,1284,1630,2211]
[0,270,956,2211]
[0,431,2211]
[0,270,582,2211]
[0,270,2211]
[0,270,431,574,956,1074,1299,2013,2211]
[0,582,1284,1630,2211]
[0,270,574,956,1299,2013,2211]
[0,492,2211]
[0,1284,2211]
[0,956,2211]
[0,270,431,582,977,1284,2211]
[0,582,977,1284,2211]
[0,270,582,977,1284,1630,2211]
[0,270,574,956,1284,2211]
[0,574,1284,2211]
[0,574,956,1284,2211]
[0,582,2211]
[0,270,574,1284,2211]
[0,574,956,1299,2211]
[0,270,431,574,956,1299,2013,2211]
[0,270,574,1299,2211]
[0,1299,2211]
[0,270,574,956,1284,1630,2211]
[0,270,431,582,977,1284,1630,2211]
[0,270,431,574,956,1284,2211]
[0,582,1284,2211]
[0,270,582,1284,2211]
[0,270,574,956,1299,2211]
[0,270,431,574,956,1284,1630,2211]
[0,574,1299,2211]
[0,270,582,977,1284,2211]
[0,270,574,2211]
[0,582,977,1284,1630,2211]
[0,574,2211]
[0,574,956,1284,1630,2211]
