[0,58,580,772,1046]
[0,58,154,236,527,607,781,1046]
[0,154,521,772,984,1046]
[0,58,154,236,527,607,781,912,984,1046]
[0,154,236,528,607,772,912,984,1046]
[0,58,427,607,772,1046]
[0,521,772,1046]
[0,154,521,772,1046]
[0,912,1046]
[0,58,527,607,772,1046]
[0,154,236,607,781,912,1046]
[0,154,236,607,781,1046]
[0,580,772,1046]
[0,607,912,1046]
[0,154,580,772,1046]
[0,58,772,1046]
[0,58,154,236,528,607,772,1046]
[0,236,527,607,781,1046]
[0,154,236,607,772,912,1046]
[0,154,236,607,772,1046]
[0,527,607,781,1046]
[0,427,1046]
[0,154,236,527,607,772,1046]
[0,799,1046]
[0,154,427,607,772,1046]
[0,236,607,772,1046]
[0,58,154,427,607,772,1046]
[0,236,527,607,912,1046]
[0,58,154,236,528,607,772,912,984,1046]
[0,154,236,528,607,772,1046]
[0,772,1046]
[0,427,580,772,1046]
[0,154,236,527,607,912,1046]
[0,58,154,236,528,607,772,912,1046]
[0,154,236,527,607,781,912,1046]
[0,58,154,236,527,607,772,1046]
[0,154,236,527,607,772,912,984,1046]
[0,154,236,607,912,1046]
[0,154,236,527,607,781,912,984,1046]
[0,236,607,1046]
[0,236,607,912,1046]
[0,58,154,236,607,772,1046]
[0,58,1046]
[0,236,1046]
[0,58,154,236,527,607,912,1046]
[0,236,607,772,912,1046]
[0,154,236,528,607,912,1046]
[0,527,607,1046]
[0,58,607,1046]
[0,154,236,528,607,772,912,1046]
[0,236,527,607,772,1046]
[0,427,607,772,1046]
[0,58,154,236,527,607,772,912,984,1046]
[0,427,607,1046]
[0,154,799,1046]
[0,58,154,236,527,607,772,912,1046]
[0,58,427,580,772,1046]
[0,154,236,527,607,781,1046]
[0,527,607,772,1046]
[0,236,607,781,1046]
[0,58,154,236,607,912,1046]
[0,236,607,781,912,1046]
[0,58,154,236,527,607,781,912,1046]
[0,154,236,527,607,772,912,1046]
[0,58,607,772,1046]
[0,607,781,1046]
[0,427,580,1046]
[0,154,427,580,772,1046]
[0,154,772,1046]
[0,58,154,236,528,607,912,1046]
[0,180,1046]
[0,527,607,912,1046]
[0,607,1046]
[0,607,772,1046]
