[0,90,146,1141,1983,2059,2189]
[0,90,237,1141,1983,2059,2189]
[0,151,1141,1983,2059,2189]
[0,1983,2059,2189]
[0,90,151,1141,1983,2059,2189]
[0,237,1141,1983,2059,2189]
[0,148,1141,2189]
[0,151,1141,1983,2189]
[0,146,1141,1983,2189]
[0,1141,2189]
[0,237,2058,2189]
[0,1141,1983,2189]
[0,148,1141,1983,2189]
[0,237,2189]
[0,237,1141,1983,2189]
[0,151,1141,2189]
[0,146,1141,1983,2059,2189]
[0,1141,1983,2059,2189]
[0,237,1141,2189]
[0,148,1141,1983,2059,2189]
[0,90,237,1141,1983,2189]
[0,2058,2189]
[0,1983,2189]
