[0,198,641,1180]
[0,198,482,641,895,945,1180]
[0,477,641,1180]
[0,97,198,477,641,760,837,895,1180]
[0,198,641,945,1180]
[0,97,198,482,641,895,945,1180]
[0,198,477,641,895,945,1180]
[0,895,1180]
[0,43,97,198,482,641,760,837,1180]
[0,43,97,198,477,523,641,1180]
[0,43,97,198,477,523,641,895,1180]
[0,198,482,641,1180]
[0,198,477,641,760,837,1180]
[0,641,1180]
[0,97,198,477,523,641,895,1180]
[0,43,97,198,477,523,641,895,945,1180]
[0,198,477,895,1180]
[0,498,643,1180]
[0,477,641,760,1180]
[0,97,198,477,641,760,1180]
[0,643,1180]
[0,43,97,198,477,523,641,760,1180]
[0,198,482,641,895,1180]
[0,97,523,1180]
[0,198,1180]
[0,97,198,477,641,1180]
[0,97,523,895,1180]
[0,198,477,641,1180]
[0,43,97,198,477,641,760,1180]
[0,97,198,477,523,641,760,895,945,1180]
[0,198,482,641,760,837,1180]
[0,43,97,198,477,523,641,760,895,945,1180]
[0,97,198,482,641,760,837,895,1180]
[0,97,198,482,641,760,837,1180]
[0,97,198,482,641,760,1180]
[0,477,1180]
[0,198,477,523,641,895,945,1180]
[0,477,641,760,837,1180]
[0,97,198,477,641,895,1180]
[0,43,97,198,482,641,1180]
[0,43,97,198,482,641,760,1180]
[0,198,477,641,945,1180]
[0,523,895,1180]
[0,97,198,477,523,641,1180]
[0,198,477,523,641,895,1180]
[0,198,477,641,760,1180]
[0,523,1180]
[0,198,477,641,760,945,1180]
[0,97,198,477,641,760,837,1180]
[0,97,198,482,641,1180]
[0,198,477,641,760,837,895,1180]
[0,198,482,641,760,1180]
[0,97,198,477,641,760,895,945,1180]
[0,43,97,198,482,641,760,837,895,1180]
[0,97,198,477,641,760,945,1180]
[0,482,641,760,837,1180]
[0,97,198,477,523,641,895,945,1180]
[0,198,477,523,641,760,1180]
[0,198,477,1180]
[0,97,198,482,641,895,1180]
[0,198,482,641,760,837,895,1180]
[0,477,895,1180]
[0,198,477,523,641,1180]
[0,482,641,760,1180]
[0,97,198,477,523,641,760,1180]
[0,641,895,1180]
[0,43,97,198,477,641,760,837,895,1180]
[0,43,97,198,477,641,760,837,1180]
[0,43,97,198,477,641,1180]
[0,477,523,641,1180]
[0,97,198,477,641,895,945,1180]
[0,198,641,895,1180]
[0,482,641,1180]
[0,641,945,1180]
[0,198,477,641,895,1180]
