[0,161,636,697,1137,1197]
[0,161,480,636,697,1068,1197]
[0,161,480,580,697,1124,1197]
[0,201,480,580,1068,1197]
[0,161,636,697,1124,1197]
[0,201,480,580,697,1124,1197]
[0,161,580,1197]
[0,86,480,580,1197]
[0,201,480,1068,1197]
[0,131,303,697,1124,1197]
[0,201,480,697,1068,1197]
[0,161,480,580,636,697,1124,1197]
[0,580,636,697,1197]
[0,201,480,580,1124,1197]
[0,161,636,697,1068,1197]
[0,86,161,480,580,697,1124,1197]
[0,697,1197]
[0,697,1124,1197]
[0,161,1068,1197]
[0,161,480,580,697,1197]
[0,303,697,1197]
[0,161,480,580,636,697,1137,1197]
[0,161,580,636,1068,1197]
[0,201,697,1197]
[0,161,480,580,1124,1197]
[0,201,480,580,697,1197]
[0,161,480,697,1068,1197]
[0,161,480,697,1197]
[0,201,480,580,697,1068,1197]
[0,86,480,580,1124,1197]
[0,161,480,580,1197]
[0,636,697,1137,1197]
[0,161,480,636,697,1137,1197]
[0,201,480,697,1197]
[0,161,480,580,1068,1197]
[0,201,1197]
[0,161,480,580,636,697,1068,1197]
[0,1068,1197]
[0,86,480,580,697,1197]
[0,161,1197]
[0,131,697,1197]
[0,201,1068,1197]
[0,131,697,1124,1197]
[0,201,480,580,1197]
[0,636,697,1197]
[0,161,480,1068,1197]
[0,480,580,697,1197]
[0,86,480,697,1197]
[0,161,1124,1197]
[0,161,258,697,1068,1197]
[0,161,480,697,1124,1197]
[0,86,161,258,480,580,697,1068,1197]
[0,201,480,1197]
[0,86,480,580,697,1124,1197]
[0,131,303,697,1197]
[0,161,697,1068,1197]
[0,86,201,480,580,697,1124,1197]
[0,86,161,480,580,697,1197]
[0,1124,1197]
[0,161,480,636,697,1197]
[0,480,636,697,1197]
[0,161,480,580,697,1068,1197]
[0,161,480,1197]
[0,161,258,1068,1197]
[0,580,1197]
[0,161,480,636,697,1124,1197]
[0,480,580,636,697,1197]
[0,201,580,1197]
[0,161,636,697,1197]
[0,161,697,1124,1197]
[0,161,258,480,580,697,1068,1197]
[0,86,201,480,580,697,1197]
[0,480,697,1197]
[0,161,480,580,636,697,1197]
[0,86,161,480,580,697,1068,1197]
[0,161,697,1197]
[0,480,580,1197]
[0,161,580,1068,1197]
[0,480,1197]
