[0,538,1329,2181,2554]
[0,538,1329,1784,2181,2554]
[0,1453,2554]
[0,538,1453,2554]
[0,1182,2181,2554]
[0,1329,1605,2223,2554]
[0,1453,2181,2554]
[0,1329,2223,2554]
[0,1453,1557,2181,2554]
[0,1329,2181,2554]
[0,538,866,2181,2554]
[0,1182,1557,2181,2554]
[0,1331,2223,2554]
[0,2223,2554]
[0,1331,1557,2223,2554]
[0,1336,2554]
[0,1182,2554]
[0,319,538,1329,1784,2181,2554]
[0,538,715,1329,2181,2554]
[0,1327,2554]
[0,538,1331,2223,2554]
[0,538,715,2223,2554]
[0,715,1557,2554]
[0,538,1329,2554]
[0,538,715,2181,2554]
[0,538,715,1331,1557,2223,2554]
[0,538,715,866,1331,1557,2223,2554]
[0,538,1331,2554]
[0,1327,2223,2554]
[0,1329,1784,2554]
[0,538,1329,1784,2554]
[0,2181,2554]
[0,538,1331,1557,2223,2554]
[0,1329,1784,2181,2554]
[0,1331,2554]
[0,1336,1605,2223,2554]
[0,1329,2554]
[0,990,2554]
[0,715,2554]
[0,538,715,866,1329,1784,2181,2554]
[0,1327,1557,2223,2554]
[0,715,1557,2223,2554]
[0,1182,1557,2554]
[0,538,866,1453,2181,2554]
[0,1336,2223,2554]
[0,715,2223,2554]
[0,538,1453,2181,2554]
[0,866,2554]
[0,990,2181,2554]
[0,538,715,1557,2223,2554]
[0,319,538,866,1453,2181,2554]
[0,319,538,866,2181,2554]
[0,538,715,1329,1784,2181,2554]
[0,715,2181,2554]
[0,1557,2554]
[0,866,2181,2554]
