[0,389,462,1566,1654,2759]
[0,389,462,2759]
[0,389,1109,2759]
[0,389,462,1654,2759]
[0,389,1109,1430,1566,1654,2759]
[0,389,462,1109,1566,1654,2759]
[0,1109,1430,2759]
[0,389,1430,2759]
[0,1109,2759]
[0,1566,1654,2759]
[0,462,1109,2759]
[0,389,1109,1566,1654,2759]
[0,389,2759]
[0,1109,1654,2759]
[0,1430,2759]
[0,1109,1566,2759]
[0,389,1654,2759]
[0,389,462,1109,1430,2759]
[0,1109,1430,1654,2759]
[0,462,1109,1430,2759]
[0,389,1109,1430,2759]
[0,1566,2759]
[0,1654,2759]
[0,1109,1430,1566,1654,2759]
[0,1317,2759]
[0,389,1566,1654,2759]
[0,389,1109,1654,2759]
[0,462,1109,1566,2759]
[0,462,1566,2759]
[0,389,462,1109,2759]
[0,1317,1566,2759]
[0,389,462,1109,1430,1566,1654,2759]
[0,462,595,1109,1430,2759]
[0,389,1109,1430,1654,2759]
[0,1109,1566,1654,2759]
