[0,76,245,375,613,690,883,1238,1465]
[0,76,690,1238,1465]
[0,375,690,897,1238,1381,1465]
[0,375,690,883,1238,1381,1465]
[0,76,245,613,690,883,1238,1381,1465]
[0,613,883,1465]
[0,883,1465]
[0,76,245,690,883,1238,1381,1465]
[0,690,883,1238,1381,1465]
[0,375,690,883,1238,1465]
[0,1238,1381,1465]
[0,240,375,690,897,1238,1381,1465]
[0,245,690,883,1238,1381,1465]
[0,76,883,1307,1465]
[0,245,613,690,883,1238,1381,1465]
[0,76,690,883,1238,1381,1465]
[0,375,690,897,1238,1465]
[0,240,375,613,690,897,1238,1381,1465]
[0,690,1238,1465]
[0,245,613,690,883,1238,1465]
[0,245,690,1465]
[0,613,1307,1465]
[0,245,375,613,690,883,1238,1381,1465]
[0,245,375,690,883,1238,1465]
[0,375,690,1238,1465]
[0,76,245,375,613,690,883,1238,1381,1465]
[0,76,690,897,1238,1465]
[0,690,897,1238,1465]
[0,76,1238,1381,1465]
[0,76,245,613,690,883,1238,1465]
[0,245,375,690,883,1238,1381,1465]
[0,76,245,613,690,883,1238,1307,1381,1465]
[0,76,690,1238,1381,1465]
[0,76,245,375,690,883,1238,1381,1465]
[0,76,613,1238,1381,1465]
[0,76,1307,1465]
[0,245,690,883,1238,1465]
[0,613,1238,1381,1465]
[0,76,240,613,690,897,1238,1381,1465]
[0,240,690,1238,1465]
[0,76,240,375,613,690,897,1238,1381,1465]
[0,375,690,1465]
[0,76,613,690,897,1238,1381,1465]
[0,613,1465]
[0,76,240,613,690,897,1238,1307,1381,1465]
[0,690,1465]
[0,76,1238,1465]
[0,76,613,883,1307,1465]
[0,613,883,1307,1465]
[0,76,613,690,883,1238,1307,1381,1465]
[0,240,690,897,1238,1381,1465]
[0,240,690,1465]
[0,76,690,897,1238,1381,1465]
[0,76,690,883,1238,1465]
[0,245,1465]
[0,422,1238,1465]
[0,375,613,690,883,1238,1381,1465]
[0,76,613,690,897,1238,1307,1381,1465]
[0,613,690,897,1238,1381,1465]
[0,613,690,883,1238,1465]
[0,76,613,690,883,1238,1381,1465]
[0,76,690,1238,1307,1381,1465]
[0,240,1465]
[0,245,690,1238,1465]
[0,76,245,375,613,690,883,1238,1307,1381,1465]
[0,690,897,1238,1381,1465]
[0,76,690,897,1238,1307,1381,1465]
[0,240,690,897,1238,1465]
[0,76,613,690,883,1238,1465]
[0,690,883,1238,1465]
[0,375,613,690,897,1238,1465]
[0,76,690,883,1238,1307,1381,1465]
[0,76,240,375,613,690,897,1238,1307,1381,1465]
[0,1307,1465]
[0,245,375,613,690,883,1238,1465]
[0,422,1465]
[0,240,375,690,897,1238,1465]
[0,1238,1465]
[0,375,613,690,897,1238,1381,1465]
[0,690,1238,1381,1465]
[0,240,613,690,897,1238,1381,1465]
[0,883,1307,1465]
[0,613,1238,1465]
[0,375,613,690,883,1238,1465]
[0,76,1465]
[0,690,1307,1465]
[0,375,1465]
[0,613,690,883,1238,1381,1465]
