[0,106,270,600,680,855,1015,1264]
[0,297,1015,1264]
[0,267,711,1264]
[0,270,600,680,855,1015,1264]
[0,680,1264]
[0,106,184,268,327,545,600,855,1015,1264]
[0,106,184,268,327,600,680,855,1015,1264]
[0,184,327,680,855,1015,1264]
[0,680,1015,1264]
[0,106,267,855,970,1264]
[0,270,600,855,1015,1264]
[0,267,327,970,1264]
[0,106,270,855,1015,1264]
[0,184,327,855,970,1264]
[0,270,600,1264]
[0,106,268,327,1264]
[0,327,600,1264]
[0,184,695,855,1015,1264]
[0,970,1264]
[0,106,184,327,680,855,1015,1264]
[0,268,1264]
[0,636,934,1264]
[0,267,1016,1264]
[0,267,327,1264]
[0,106,184,600,680,855,1015,1264]
[0,184,327,545,970,1264]
[0,545,1264]
[0,184,1264]
[0,600,1264]
[0,106,184,268,327,695,855,1015,1264]
[0,106,184,268,327,545,855,1015,1264]
[0,545,1015,1264]
[0,106,184,268,327,545,600,695,855,1015,1264]
[0,184,545,855,1015,1264]
[0,184,327,545,855,970,1264]
[0,267,711,1016,1264]
[0,106,184,327,600,695,855,1015,1264]
[0,267,934,1264]
[0,106,184,600,855,1015,1264]
[0,184,327,1264]
[0,106,184,1264]
[0,184,600,680,855,1015,1264]
[0,855,970,1264]
[0,184,327,970,1264]
[0,138,934,1264]
[0,106,184,270,600,680,855,1015,1264]
[0,545,970,1264]
[0,600,1015,1264]
[0,184,327,855,1015,1264]
[0,267,855,970,1264]
[0,1015,1264]
[0,106,184,327,1015,1264]
[0,106,184,855,970,1264]
[0,184,327,600,680,855,1015,1264]
[0,106,184,327,855,970,1264]
[0,106,267,327,855,970,1264]
[0,327,600,855,1264]
[0,184,327,695,855,1015,1264]
[0,184,855,970,1264]
[0,268,327,1264]
[0,106,184,268,327,1015,1264]
[0,184,327,545,855,1015,1264]
[0,711,1264]
[0,106,184,327,545,855,970,1264]
[0,184,545,970,1264]
[0,297,1264]
[0,297,855,1015,1264]
[0,106,184,268,327,600,695,855,1015,1264]
[0,855,1015,1264]
[0,106,184,268,327,1264]
[0,184,1015,1264]
[0,184,327,1015,1264]
[0,267,327,855,970,1264]
[0,106,184,327,600,680,855,1015,1264]
[0,267,970,1264]
[0,106,184,267,327,855,970,1264]
[0,270,1264]
[0,184,680,855,1015,1264]
[0,106,184,327,1264]
[0,106,184,855,1015,1264]
[0,106,184,267,327,545,600,855,970,1264]
[0,184,600,1015,1264]
[0,106,268,1264]
[0,106,184,327,855,1015,1264]
[0,184,600,855,1015,1264]
[0,270,855,1015,1264]
[0,184,855,1015,1264]
[0,184,680,1015,1264]
[0,184,970,1264]
[0,270,1015,1264]
[0,327,1264]
[0,106,184,268,327,680,855,1015,1264]
[0,934,1264]
[0,106,184,327,545,855,1015,1264]
[0,855,1264]
[0,184,545,1015,1264]
[0,270,600,1015,1264]
[0,106,184,268,327,855,1015,1264]
[0,267,636,934,1264]
[0,106,184,267,327,545,855,970,1264]
[0,106,184,327,695,855,1015,1264]
[0,106,184,1015,1264]
[0,184,327,600,695,855,1015,1264]
[0,267,1264]
[0,106,270,600,855,1015,1264]
[0,106,855,1264]
