[0,409,1550,1911]
[0,241,287,409,849,946,1225,1500,1550,1639,1911]
[0,287,409,849,1225,1500,1550,1639,1911]
[0,287,414,1225,1550,1911]
[0,287,414,849,951,1225,1492,1550,1639,1911]
[0,414,849,951,1550,1639,1911]
[0,414,1911]
[0,414,1225,1550,1911]
[0,409,849,1550,1639,1911]
[0,409,849,1225,1550,1911]
[0,241,287,409,1225,1500,1550,1639,1911]
[0,946,1911]
[0,409,1911]
[0,287,414,849,951,1550,1639,1911]
[0,287,414,849,951,1492,1550,1639,1911]
[0,409,1550,1639,1911]
[0,414,849,1911]
[0,409,849,1550,1911]
[0,1550,1639,1911]
[0,287,409,1550,1911]
[0,287,409,1550,1639,1911]
[0,287,414,1550,1639,1911]
[0,287,414,849,951,1225,1550,1911]
[0,849,1911]
[0,241,287,409,1500,1550,1639,1911]
[0,287,409,849,1550,1911]
[0,241,287,414,849,1550,1639,1911]
[0,287,409,849,946,1225,1500,1550,1639,1911]
[0,414,1550,1639,1911]
[0,241,287,409,1550,1639,1911]
[0,409,849,1911]
[0,414,849,1550,1911]
[0,287,409,1500,1550,1639,1911]
[0,241,287,409,849,1225,1500,1550,1639,1911]
[0,287,409,1225,1550,1911]
[0,241,287,414,849,951,1225,1492,1550,1639,1911]
[0,287,414,849,1550,1639,1911]
[0,287,409,1225,1550,1639,1911]
[0,409,849,946,1550,1639,1911]
[0,241,849,1911]
[0,414,849,951,1550,1911]
[0,409,849,946,1550,1911]
[0,241,287,414,1550,1639,1911]
[0,287,409,849,946,1225,1550,1911]
[0,409,1225,1550,1911]
[0,287,409,849,946,1225,1550,1639,1911]
[0,241,287,414,849,951,1492,1550,1639,1911]
[0,241,1911]
[0,287,409,849,1225,1550,1639,1911]
[0,414,849,1550,1639,1911]
[0,241,287,414,849,951,1550,1639,1911]
[0,287,409,849,946,1550,1911]
[0,287,414,849,951,1550,1911]
[0,414,1550,1911]
[0,946,1550,1911]
[0,287,414,849,1225,1550,1911]
[0,1550,1911]
[0,287,414,849,1550,1911]
[0,303,1550,1911]
[0,287,414,1550,1911]
[0,287,409,1225,1500,1550,1639,1911]
[0,287,409,849,946,1550,1639,1911]
[0,287,409,849,1225,1550,1911]
[0,287,414,849,951,1225,1550,1639,1911]
[0,414,849,1225,1550,1911]
