[0,259,647,880,1027,1162,1564,1642]
[0,513,1642]
[0,251,647,880,1049,1642]
[0,251,647,880,1642]
[0,251,1642]
[0,259,647,880,1049,1564,1642]
[0,259,647,880,1027,1077,1162,1564,1642]
[0,880,1642]
[0,513,1027,1642]
[0,251,647,880,1049,1564,1642]
[0,647,880,1642]
[0,251,880,1642]
[0,251,1027,1564,1642]
[0,1027,1642]
[0,259,1642]
[0,259,647,880,1027,1162,1642]
[0,259,647,880,1642]
[0,259,647,880,1027,1642]
[0,647,880,1049,1642]
[0,259,647,880,1027,1077,1564,1642]
[0,259,880,1642]
[0,251,1564,1642]
[0,251,1027,1642]
[0,259,880,1564,1642]
[0,259,647,880,1049,1642]
[0,647,880,1564,1642]
[0,259,647,880,1564,1642]
[0,259,880,1027,1642]
[0,259,880,1049,1642]
[0,251,647,880,1564,1642]
[0,259,647,880,1027,1564,1642]
