[0,201,649,882,969]
[0,201,327,472,821,969]
[0,201,527,648,730,969]
[0,201,730,821,894,969]
[0,201,649,969]
[0,201,327,730,894,969]
[0,201,357,527,649,882,969]
[0,472,648,730,894,969]
[0,472,648,730,821,894,969]
[0,472,527,730,969]
[0,201,327,472,730,821,894,969]
[0,201,327,730,821,894,969]
[0,472,730,969]
[0,201,472,527,648,730,821,894,969]
[0,201,327,649,730,821,894,969]
[0,201,327,472,648,730,821,894,969]
[0,201,648,730,894,969]
[0,201,327,472,730,969]
[0,201,527,648,730,894,969]
[0,472,527,648,730,821,894,969]
[0,472,969]
[0,201,842,969]
[0,201,357,527,648,730,894,969]
[0,201,649,894,969]
[0,201,472,969]
[0,201,327,472,527,969]
[0,201,327,649,969]
[0,201,327,821,894,969]
[0,201,969]
[0,201,527,730,969]
[0,357,969]
[0,201,472,821,969]
[0,472,527,648,730,969]
[0,201,357,730,969]
[0,201,472,821,894,969]
[0,201,730,894,969]
[0,472,821,894,969]
[0,201,472,648,730,894,969]
[0,201,472,730,969]
[0,201,327,472,969]
[0,201,327,472,527,648,730,894,969]
[0,201,648,730,969]
[0,201,821,969]
[0,201,327,472,527,648,730,821,894,969]
[0,357,805,969]
[0,472,730,821,894,969]
[0,201,327,472,527,648,730,969]
[0,472,821,969]
[0,472,649,969]
[0,201,648,730,821,894,969]
[0,730,969]
[0,201,327,821,969]
[0,201,357,527,648,730,969]
[0,201,327,472,730,894,969]
[0,201,327,472,821,894,969]
[0,201,472,527,969]
[0,201,730,969]
[0,201,472,730,894,969]
[0,201,527,894,969]
[0,201,327,649,894,969]
[0,201,357,527,648,730,821,894,969]
[0,201,527,648,730,821,894,969]
[0,201,327,472,527,821,969]
[0,201,357,527,649,969]
[0,527,969]
[0,201,327,369,472,527,821,894,969]
[0,201,472,648,730,969]
[0,472,527,648,730,894,969]
[0,201,327,969]
[0,472,648,730,969]
[0,201,472,730,821,894,969]
[0,201,357,649,969]
[0,472,527,969]
[0,201,357,527,730,969]
[0,201,472,648,730,821,894,969]
[0,201,327,472,648,730,894,969]
[0,201,327,730,969]
[0,201,327,649,730,894,969]
[0,201,527,969]
[0,821,894,969]
[0,201,821,894,969]
[0,201,357,649,882,969]
[0,821,969]
[0,472,730,894,969]
[0,527,730,969]
[0,201,327,472,527,821,894,969]
[0,201,327,472,527,730,969]
[0,201,472,649,969]
[0,201,327,649,730,969]
[0,201,327,472,648,730,969]
[0,649,969]
