[0,584,1132,1642]
[0,1132,1642]
[0,584,738,1642]
[0,84,548,867,1642]
[0,584,738,1132,1642]
[0,77,584,738,1642]
[0,544,1642]
[0,77,544,867,1642]
[0,84,1642]
[0,550,845,1132,1642]
[0,77,584,738,1132,1642]
[0,84,550,845,1642]
[0,77,544,867,1036,1077,1132,1642]
[0,84,550,867,1642]
[0,77,1642]
[0,84,553,867,1028,1132,1642]
[0,553,867,1642]
[0,91,1028,1642]
[0,77,584,867,1036,1132,1642]
[0,584,867,1036,1132,1642]
[0,77,584,1132,1642]
[0,77,1132,1642]
[0,77,584,1642]
[0,77,544,867,1132,1642]
[0,568,1642]
[0,544,867,1036,1132,1642]
[0,553,867,1132,1642]
[0,548,1642]
[0,1028,1642]
[0,548,867,1642]
[0,84,553,867,1028,1077,1132,1642]
[0,77,544,1642]
[0,550,1642]
[0,550,867,1642]
[0,550,845,1642]
[0,548,867,1132,1642]
[0,84,553,1642]
[0,84,553,867,1642]
[0,584,867,1642]
[0,544,867,1642]
[0,84,548,867,1132,1642]
[0,77,584,867,1642]
[0,544,867,1132,1642]
[0,84,568,1642]
[0,77,544,867,1036,1132,1642]
[0,84,550,845,1077,1642]
[0,77,584,867,1132,1642]
[0,84,548,1642]
[0,77,584,867,1036,1077,1132,1642]
[0,84,548,867,1028,1132,1642]
[0,84,550,1642]
[0,84,548,867,1028,1077,1132,1642]
[0,553,867,1028,1132,1642]
[0,84,550,867,1132,1642]
[0,84,550,845,1132,1642]
[0,584,1642]
[0,91,1642]
[0,553,1642]
[0,550,867,1132,1642]
[0,548,867,1028,1132,1642]
[0,584,867,1132,1642]
[0,550,845,1077,1642]
[0,84,553,867,1132,1642]
