[0,507,794,1109,1805,2017]
[0,507,850,1109,2017]
[0,346,515,850,1112,1646,1806,2017]
[0,346,515,922,1112,2017]
[0,511,850,1112,1806,2017]
[0,511,1112,2017]
[0,1112,2017]
[0,511,850,1109,1806,2017]
[0,346,515,922,994,1112,1646,1806,2017]
[0,106,725,2017]
[0,345,511,850,1109,2017]
[0,346,515,922,1112,1806,2017]
[0,106,345,511,725,922,1112,1646,1806,2017]
[0,345,511,725,922,1112,1646,1806,2017]
[0,346,515,725,922,1112,1806,2017]
[0,515,725,1112,1806,2017]
[0,345,511,922,1112,1646,1806,2017]
[0,106,507,794,1109,1805,2017]
[0,345,511,850,1112,1806,2017]
[0,106,507,794,1109,2017]
[0,511,922,1112,2017]
[0,345,511,850,1112,1646,1806,2017]
[0,346,515,850,1112,1806,2017]
[0,511,850,1112,2017]
[0,106,345,511,850,1109,1646,1806,2017]
[0,515,922,1112,1806,2017]
[0,515,922,1112,2017]
[0,345,511,850,1109,1805,2017]
[0,511,725,1112,2017]
[0,106,515,725,1112,1806,2017]
[0,507,794,1109,2017]
[0,346,515,725,794,922,1112,2017]
[0,106,725,1112,2017]
[0,346,515,725,794,922,1112,1646,1806,2017]
[0,346,515,725,794,922,1112,1806,2017]
[0,515,850,1112,2017]
[0,346,515,725,922,1112,1646,1806,2017]
[0,725,2017]
[0,345,511,850,1112,2017]
[0,345,511,725,922,1112,1806,2017]
[0,507,2017]
[0,515,725,922,1112,1806,2017]
[0,346,515,725,922,1112,2017]
[0,511,850,1109,2017]
[0,725,1112,2017]
[0,345,511,922,1112,2017]
[0,345,511,922,1112,1806,2017]
[0,507,1109,2017]
[0,515,850,1112,1806,2017]
[0,511,922,1112,1806,2017]
[0,345,511,850,1109,1806,2017]
[0,106,346,515,850,1112,1646,1806,2017]
[0,511,2017]
[0,106,345,511,850,1112,1646,1806,2017]
[0,493,2017]
[0,515,2017]
[0,1109,2017]
[0,511,1109,2017]
[0,511,1112,1806,2017]
[0,106,346,515,725,922,994,1112,1646,1806,2017]
[0,346,515,725,794,922,994,1112,1646,1806,2017]
[0,515,1112,1806,2017]
[0,515,1112,2017]
[0,106,346,515,725,794,922,994,1112,1646,1806,2017]
[0,345,511,850,1109,1646,1806,2017]
[0,106,507,850,1109,2017]
[0,106,515,850,1112,2017]
[0,515,725,1112,2017]
[0,511,850,1109,1805,2017]
[0,346,515,850,1112,2017]
[0,106,515,725,1112,2017]
[0,106,346,515,725,922,1112,1646,1806,2017]
[0,511,725,922,1112,1806,2017]
[0,789,2017]
[0,346,515,725,922,994,1112,1646,1806,2017]
[0,346,515,922,1112,1646,1806,2017]
[0,511,725,1112,1806,2017]
[0,106,507,1109,2017]
[0,106,345,511,725,922,1037,1112,1646,1806,2017]
[0,515,725,922,1112,2017]
