[0,639,1456,2303,2812]
[0,157,298,639,725,1363,1903,2641,2812]
[0,298,639,1363,2812]
[0,234,298,639,725,1456,1903,2303,2641,2812]
[0,1487,2641,2812]
[0,298,639,1487,1903,2303,2641,2812]
[0,298,1456,1903,2303,2812]
[0,157,298,639,1487,1903,2303,2641,2812]
[0,639,1363,1903,2812]
[0,298,639,725,1487,1858,2303,2641,2812]
[0,1456,2812]
[0,298,639,725,1456,2641,2812]
[0,234,298,1456,2641,2812]
[0,639,725,1456,2641,2812]
[0,298,1487,1858,2812]
[0,298,639,1487,2812]
[0,1487,2303,2812]
[0,298,639,725,1487,2641,2812]
[0,667,1456,2641,2812]
[0,157,298,639,1363,1487,1903,2303,2641,2812]
[0,639,1363,1903,2303,2812]
[0,335,1521,2525,2812]
[0,234,298,639,725,1487,1858,2303,2641,2812]
[0,639,725,1363,2641,2812]
[0,298,639,1456,1903,2303,2641,2812]
[0,234,298,639,725,1456,1903,2641,2812]
[0,298,639,1363,1903,2641,2812]
[0,157,298,639,725,1487,1903,2641,2812]
[0,298,1363,2641,2812]
[0,234,298,639,725,1487,1858,2641,2812]
[0,298,1487,2641,2812]
[0,2641,2812]
[0,1487,1858,2812]
[0,1456,2641,2812]
[0,639,1487,2641,2812]
[0,298,639,1456,1903,2641,2812]
[0,639,1487,2812]
[0,298,639,1456,2641,2812]
[0,639,1456,1903,2303,2812]
[0,639,1487,1858,2303,2812]
[0,298,1487,1903,2812]
[0,667,1521,2812]
[0,234,298,1363,2641,2812]
[0,234,298,639,725,1487,2641,2812]
[0,667,1456,1812,2525,2812]
[0,1903,2812]
[0,298,639,1487,1903,2303,2812]
[0,1456,1903,2812]
[0,298,639,1363,2641,2812]
[0,335,1903,2812]
[0,298,639,1487,2641,2812]
[0,157,298,639,725,1363,1903,2303,2641,2812]
[0,157,298,639,1487,1903,2641,2812]
[0,298,639,1363,1903,2303,2812]
[0,298,1363,2303,2812]
[0,298,1487,2303,2812]
[0,1456,1903,2303,2812]
[0,1487,1858,2303,2812]
[0,157,298,639,1487,2641,2812]
[0,1487,1903,2812]
[0,1363,2812]
[0,1456,2303,2812]
[0,639,1487,2303,2812]
[0,298,639,725,1363,1903,2303,2641,2812]
[0,157,298,639,725,1363,2641,2812]
[0,298,639,1487,1903,2641,2812]
[0,298,639,1487,1903,2812]
[0,234,298,639,725,1363,1903,2641,2812]
[0,157,298,639,1363,1903,2641,2812]
[0,157,298,639,725,1487,2641,2812]
[0,298,1456,2812]
[0,639,1487,1903,2303,2812]
[0,298,639,1456,2812]
[0,335,2812]
[0,298,1487,1903,2641,2812]
[0,298,1363,2812]
[0,157,298,639,1363,1903,2303,2641,2812]
[0,639,725,1487,2641,2812]
[0,234,298,639,725,1456,2641,2812]
[0,639,1456,2812]
[0,298,639,1487,1858,2812]
[0,298,639,1487,1858,2303,2641,2812]
[0,667,1521,2525,2812]
[0,298,1487,1903,2303,2812]
[0,157,298,1363,2641,2812]
[0,298,639,1456,1903,2812]
[0,298,1487,2812]
[0,157,298,1487,2641,2812]
[0,667,1456,1812,2812]
[0,234,298,639,1456,2641,2812]
[0,298,639,1456,1903,2303,2812]
[0,298,1456,1903,2641,2812]
[0,298,639,725,1456,1903,2303,2641,2812]
[0,298,639,1363,1903,2812]
[0,2525,2812]
[0,298,1456,2303,2812]
[0,1456,2525,2812]
[0,639,1487,1858,2812]
[0,298,639,1363,1903,2303,2641,2812]
[0,335,2525,2812]
[0,234,298,639,1487,2641,2812]
[0,298,639,725,1363,2641,2812]
[0,298,639,725,1456,1903,2641,2812]
[0,639,1363,2641,2812]
[0,298,1456,2641,2812]
[0,298,1363,1903,2303,2812]
[0,234,298,1487,2641,2812]
[0,298,639,1487,1858,2641,2812]
[0,234,298,639,1363,2641,2812]
[0,1363,1903,2303,2812]
[0,639,1487,1903,2812]
[0,298,1487,1858,2641,2812]
[0,157,298,639,725,1487,1903,2303,2641,2812]
[0,234,298,639,725,1363,1903,2303,2641,2812]
[0,1487,2812]
[0,639,1363,2812]
[0,157,298,639,725,1363,1487,1903,2303,2641,2812]
[0,298,1456,1903,2812]
[0,639,1363,2303,2812]
[0,667,1456,2525,2812]
[0,298,639,725,1363,1903,2641,2812]
[0,639,1456,2641,2812]
[0,157,298,639,1363,2641,2812]
[0,157,298,1487,1903,2641,2812]
[0,298,639,1487,1858,2303,2812]
[0,234,298,639,725,1363,2641,2812]
[0,1487,1903,2303,2812]
[0,667,1456,2812]
[0,1363,2303,2812]
[0,1521,2525,2812]
[0,1521,2812]
[0,298,639,725,1487,1858,2641,2812]
[0,335,1521,2812]
[0,298,1487,1858,2303,2812]
[0,639,1456,1903,2812]
