[0,116,286,375,733,956,1465]
[0,116,286,494,605,733,794,956,1465]
[0,794,956,1465]
[0,116,286,733,794,956,1095,1465]
[0,286,794,956,1465]
[0,116,286,494,733,956,1095,1215,1465]
[0,116,286,494,733,956,1465]
[0,733,1465]
[0,116,286,375,733,794,956,1465]
[0,286,733,956,1095,1215,1465]
[0,733,956,1465]
[0,116,286,494,605,733,956,1095,1465]
[0,116,286,733,794,1465]
[0,286,733,794,1465]
[0,116,286,375,605,733,794,956,1095,1465]
[0,605,956,1465]
[0,272,956,1465]
[0,116,286,773,956,1465]
[0,116,286,494,605,733,794,956,1095,1465]
[0,116,286,956,1465]
[0,116,286,733,956,1095,1465]
[0,116,286,375,605,733,956,1095,1465]
[0,286,494,733,956,1095,1215,1465]
[0,286,494,733,956,1095,1465]
[0,286,1465]
[0,272,794,1465]
[0,116,286,375,733,794,956,1095,1465]
[0,116,286,733,794,956,1465]
[0,116,286,1465]
[0,116,286,605,733,956,1095,1465]
[0,272,771,956,1465]
[0,286,494,733,956,1465]
[0,116,286,494,605,733,956,1095,1215,1465]
[0,116,286,794,956,1465]
[0,116,286,733,956,1465]
[0,286,956,1465]
[0,794,1465]
[0,116,286,605,956,1095,1465]
[0,116,286,733,1465]
[0,116,286,733,794,956,1095,1215,1465]
[0,286,733,956,1465]
[0,773,956,1465]
[0,286,733,956,1095,1465]
[0,116,286,605,956,1465]
[0,286,773,956,1465]
[0,733,794,1465]
[0,116,286,494,733,794,956,1465]
[0,286,605,733,956,1095,1465]
[0,272,1465]
[0,116,286,494,605,733,794,956,1095,1215,1465]
[0,286,605,956,1465]
[0,956,1465]
[0,286,733,1465]
[0,116,286,733,956,1095,1215,1465]
[0,116,286,375,733,956,1095,1465]
[0,116,286,494,733,794,956,1095,1215,1465]
[0,286,605,956,1095,1465]
[0,116,286,494,605,733,956,1465]
[0,771,956,1465]
[0,116,286,494,733,956,1095,1465]
