[0,1179,1946,2348,2749,2956]
[0,1179,2956]
[0,361,762,1179,1910,2348,2956]
[0,361,974,1184,1946,2348,2956]
[0,190,361,762,974,1184,1946,2348,2749,2956]
[0,190,538,1184,1946,2348,2956]
[0,1179,1946,2348,2956]
[0,361,1179,1910,2348,2956]
[0,538,1184,1946,2348,2749,2956]
[0,361,1179,2956]
[0,190,361,974,1179,1910,2348,2749,2956]
[0,1184,1946,2348,2956]
[0,361,1184,1946,2348,2956]
[0,361,762,974,1184,1946,2348,2749,2956]
[0,361,1179,1910,2348,2749,2956]
[0,1184,1946,2956]
[0,190,1184,1946,2956]
[0,1946,2956]
[0,190,361,762,974,1179,1910,2348,2749,2956]
[0,361,762,974,1179,1910,2348,2749,2956]
[0,192,1179,1946,2956]
[0,1179,1946,2956]
[0,192,1179,1946,2348,2749,2956]
[0,361,974,1184,1946,2348,2749,2956]
[0,1179,1910,2348,2956]
[0,190,538,1184,1946,2348,2749,2956]
[0,538,1184,2956]
[0,192,1184,2956]
[0,762,1184,1946,2348,2956]
[0,762,1179,1910,2956]
[0,190,538,1184,1946,2956]
[0,538,1184,1946,2956]
[0,361,762,1179,1910,2348,2749,2956]
[0,2289,2956]
[0,1184,2956]
[0,190,361,1179,1910,2348,2749,2956]
[0,190,361,1184,1946,2348,2749,2956]
[0,1910,2956]
[0,538,1184,1946,2348,2956]
[0,1179,1910,2956]
[0,192,1179,2956]
[0,361,762,1184,1946,2348,2956]
[0,762,1184,1946,2956]
[0,361,1179,1910,2956]
[0,762,1184,2956]
[0,190,361,974,1184,1946,2348,2749,2956]
[0,361,974,1179,1910,2348,2749,2956]
[0,190,1184,2956]
[0,361,762,974,1184,1946,2348,2956]
[0,192,1179,1910,2348,2749,2956]
[0,192,1179,1910,2348,2956]
[0,192,1179,1910,2956]
[0,1179,1910,2348,2749,2956]
[0,361,1184,1946,2956]
[0,762,1179,1910,2348,2956]
[0,361,1184,1946,2348,2749,2956]
[0,361,1184,2956]
[0,192,1179,1946,2348,2956]
