[0,460,821,1007,1366,1753,2189]
[0,460,1007,1578,2189]
[0,460,821,1007,1366,2189]
[0,1007,1564,2189]
[0,287,460,821,1007,1366,2189]
[0,183,821,1007,2189]
[0,287,1007,1578,2189]
[0,460,821,1007,1249,1578,1753,2189]
[0,460,821,1007,1249,1578,2189]
[0,287,821,1007,1249,1578,2189]
[0,821,1007,1578,2189]
[0,266,821,1007,1578,2189]
[0,266,843,1007,1249,1578,2189]
[0,183,821,1007,1578,1753,2189]
[0,460,821,1007,1249,1366,2189]
[0,183,821,1007,1564,1753,2189]
[0,287,460,821,1007,1366,1753,2189]
[0,266,1007,2189]
[0,266,1007,1249,1578,2189]
[0,287,460,821,1007,1249,1366,2189]
[0,460,1007,1366,2189]
[0,460,1007,1753,2189]
[0,287,1007,1249,1578,2189]
[0,460,1007,2189]
[0,1007,2189]
[0,266,1007,1578,2189]
[0,266,821,1007,1564,1753,2189]
[0,821,1007,2189]
[0,821,1007,1564,1753,2189]
[0,183,821,1007,1578,2189]
[0,266,821,1007,2189]
[0,266,1007,1564,1753,2189]
[0,1007,1564,1753,2189]
[0,460,821,1007,1578,1753,2189]
[0,821,1007,1564,2189]
[0,460,1007,1249,1578,2189]
[0,287,460,821,1007,1249,1578,1753,2189]
[0,287,821,1007,2189]
[0,266,821,1007,1564,2189]
[0,287,1007,2189]
[0,287,460,821,1007,1249,1366,1753,2189]
[0,1007,1578,2189]
[0,460,1007,1578,1753,2189]
[0,266,1007,1564,2189]
[0,287,821,1007,1578,2189]
[0,287,460,821,1007,1249,1366,1578,1753,2189]
[0,460,821,1007,2189]
[0,183,821,1007,1564,2189]
[0,266,843,1007,1578,2189]
[0,460,821,1007,1578,2189]
[0,266,843,1007,2189]
[0,183,1007,2189]
[0,460,1007,1366,1753,2189]
[0,287,460,821,1007,2189]
