[0,165,488,887,1124,1180]
[0,94,694,949,1124,1180]
[0,488,1124,1180]
[0,165,441,488,694,887,949,1001,1124,1180]
[0,94,165,441,488,949,1001,1124,1180]
[0,165,488,694,887,1180]
[0,94,165,488,887,949,1001,1124,1180]
[0,165,1124,1180]
[0,94,165,441,488,887,949,1001,1124,1180]
[0,165,488,949,1001,1124,1180]
[0,165,441,488,949,1001,1124,1180]
[0,165,488,694,887,949,1180]
[0,488,694,887,1180]
[0,165,949,1001,1124,1180]
[0,165,694,887,1001,1180]
[0,165,694,887,949,1124,1180]
[0,165,887,1124,1180]
[0,165,694,887,949,1001,1124,1180]
[0,694,1180]
[0,694,887,1001,1180]
[0,94,488,887,1180]
[0,94,488,887,1001,1124,1180]
[0,949,1180]
[0,1026,1180]
[0,165,488,694,887,949,1001,1124,1180]
[0,94,887,1180]
[0,94,694,887,949,1001,1124,1180]
[0,165,694,887,1180]
[0,94,165,488,949,1124,1180]
[0,887,1180]
[0,165,1180]
[0,165,1026,1180]
[0,94,165,488,887,1001,1124,1180]
[0,165,488,694,887,1001,1180]
[0,94,488,694,887,1180]
[0,94,949,1001,1180]
[0,94,165,488,694,887,1180]
[0,694,949,1180]
[0,488,694,887,1001,1180]
[0,165,441,488,694,887,949,1124,1180]
[0,165,887,1180]
[0,694,887,1180]
[0,94,165,488,694,887,949,1001,1124,1180]
[0,94,694,949,1180]
[0,165,694,887,1001,1124,1180]
[0,165,441,488,887,949,1001,1124,1180]
[0,94,165,694,887,1001,1180]
[0,94,949,1124,1180]
[0,683,887,1180]
[0,94,165,488,949,1001,1124,1180]
[0,1124,1180]
[0,165,683,887,1180]
[0,488,1180]
[0,445,1026,1180]
[0,94,694,887,1001,1124,1180]
[0,94,441,488,949,1001,1124,1180]
[0,165,488,949,1180]
[0,165,488,694,887,949,1124,1180]
[0,94,165,488,887,1001,1180]
[0,94,694,887,1180]
[0,165,488,887,1180]
[0,165,949,1001,1180]
[0,165,683,887,1124,1180]
[0,94,488,694,887,1001,1180]
[0,94,488,887,949,1001,1124,1180]
[0,94,488,949,1180]
[0,165,694,949,1124,1180]
[0,94,949,1180]
[0,94,165,441,488,694,887,949,1001,1124,1180]
[0,165,694,949,1180]
[0,165,694,887,1124,1180]
[0,165,949,1124,1180]
[0,165,441,488,887,1124,1180]
[0,94,488,887,1001,1180]
[0,165,488,887,1001,1124,1180]
[0,94,488,887,1124,1180]
[0,165,488,949,1124,1180]
[0,488,887,1001,1180]
[0,165,488,887,949,1001,1124,1180]
[0,445,1180]
[0,94,488,949,1124,1180]
[0,94,165,488,949,1180]
[0,488,949,1180]
[0,165,694,949,1001,1124,1180]
[0,165,949,1180]
[0,94,165,488,887,1180]
[0,488,887,1180]
[0,165,488,694,887,1001,1124,1180]
[0,94,165,488,694,887,1001,1124,1180]
[0,165,441,488,694,887,1124,1180]
[0,165,488,694,887,1124,1180]
[0,94,694,949,1001,1124,1180]
[0,94,165,694,887,949,1001,1124,1180]
[0,165,488,887,1001,1180]
[0,165,694,887,949,1180]
[0,94,165,488,694,887,1001,1180]
[0,94,488,949,1001,1124,1180]
[0,94,949,1001,1124,1180]
[0,94,165,694,887,1180]
[0,94,165,694,887,1001,1124,1180]
[0,94,694,887,1001,1180]
[0,94,887,1124,1180]
[0,94,694,887,1124,1180]
