[0,99,825,987,1295,1664,2753,3988,4758]
[0,987,1664,2753,3362,3988,4758]
[0,987,1273,1664,2749,3362,3988,4758]
[0,825,987,1295,1664,2753,2957,3988,4758]
[0,825,987,1295,1664,2753,2957,3362,3721,3988,4758]
[0,825,987,1295,1664,2753,3721,3988,4758]
[0,99,825,987,1295,1664,2753,2957,3988,4758]
[0,987,1664,2753,3988,4758]
[0,987,1273,1664,2749,3362,3721,3988,4758]
[0,99,987,1664,2749,3988,4758]
[0,987,1273,1664,2753,3988,4758]
[0,99,825,987,1295,1664,2753,3362,3721,3988,4758]
[0,987,1295,1664,2753,2957,3362,3721,3988,4758]
[0,99,987,2753,3988,4758]
[0,99,987,2753,4758]
[0,825,987,1295,1664,2753,3362,3721,3988,4758]
[0,2957,4758]
[0,987,1295,1664,2753,3721,3988,4758]
[0,99,987,1295,1664,2957,3988,4758]
[0,987,1664,2749,3362,3988,4758]
[0,987,1295,2957,3988,4758]
[0,99,987,1664,2753,3988,4758]
[0,987,2753,4758]
[0,987,1273,1664,2749,3988,4758]
[0,987,1295,1664,2753,3362,3988,4758]
[0,99,987,2957,4758]
[0,99,825,987,1295,1664,2753,2957,3362,3988,4758]
[0,825,987,1273,1664,2749,3362,3721,3988,4758]
[0,1040,2957,4758]
[0,987,1273,1664,2749,2957,3988,4758]
[0,987,1664,2957,3988,4758]
[0,987,1273,1664,2749,3721,3988,4758]
[0,987,2753,3988,4758]
[0,99,2957,4758]
[0,99,4758]
[0,987,2749,3988,4758]
[0,99,825,987,1295,1664,2753,2957,3362,3721,3988,4758]
[0,99,825,987,1273,1664,2749,3362,3721,3988,4758]
[0,987,1295,1664,2957,3988,4758]
[0,825,987,1273,1664,2749,2957,3362,3988,4758]
[0,99,987,1273,1664,2753,3988,4758]
[0,99,987,2749,4758]
[0,2753,4758]
[0,1040,2957,3988,4758]
[0,99,825,987,1273,1664,2749,2957,3362,3988,4758]
[0,99,825,987,1273,1664,2749,2957,3362,3721,3988,4758]
[0,825,987,1273,1664,2749,2957,3988,4758]
[0,99,987,1273,1664,2749,3988,4758]
[0,825,987,1273,1664,2749,3988,4758]
[0,99,1040,2957,4758]
[0,987,1295,1664,2753,2957,3362,3988,4758]
[0,99,825,987,1295,1664,2753,3721,3988,4758]
[0,99,987,1295,2957,3988,4758]
[0,987,1295,1664,2753,3988,4758]
[0,987,2957,3988,4758]
[0,987,2749,4758]
[0,99,1040,2957,3988,4758]
[0,987,1664,2749,3988,4758]
[0,1040,4758]
[0,987,1295,1664,2753,2957,3988,4758]
[0,99,825,987,1273,1664,2749,2957,3988,4758]
[0,825,987,1295,1664,2753,3988,4758]
[0,99,987,2749,3988,4758]
[0,987,1273,1664,2749,2957,3362,3721,3988,4758]
[0,987,4758]
[0,987,1273,1664,2749,2957,3362,3988,4758]
[0,99,987,2957,3988,4758]
[0,99,825,987,1273,1664,2749,3988,4758]
[0,987,1295,1664,2753,3362,3721,3988,4758]
[0,825,987,1273,1664,2749,3721,3988,4758]
[0,987,2957,4758]
[0,99,987,1295,1664,2753,3988,4758]
[0,825,987,1295,1664,2753,2957,3362,3988,4758]
[0,2749,4758]
[0,99,825,987,1273,1664,2749,3721,3988,4758]
[0,825,987,1273,1664,2749,2957,3362,3721,3988,4758]
