[0,859,2017]
[0,318,574,859,1166,1298,1821,2017]
[0,318,466,574,1166,1298,2017]
[0,573,1068,2017]
[0,318,574,1166,1298,2017]
[0,57,318,466,859,1166,1298,2017]
[0,566,1068,2017]
[0,318,466,574,766,859,1166,1298,1821,2017]
[0,318,466,574,1166,2017]
[0,573,2017]
[0,51,286,466,573,773,859,1128,1385,1744,1821,2017]
[0,286,566,1068,1385,2017]
[0,318,574,1166,2017]
[0,566,2017]
[0,286,466,573,859,1128,1744,2017]
[0,766,2017]
[0,570,1744,2017]
[0,318,574,766,859,1166,2017]
[0,570,2017]
[0,286,573,859,1128,1744,2017]
[0,286,573,773,859,1128,1744,1821,2017]
[0,286,566,859,1068,2017]
[0,318,574,859,1166,2017]
[0,286,466,573,859,1128,1385,2017]
[0,566,1166,2017]
[0,574,859,1166,2017]
[0,286,573,859,1128,1385,2017]
[0,286,466,573,1128,2017]
[0,51,286,466,573,773,859,1128,1385,2017]
[0,57,318,466,574,766,859,1166,1744,1821,2017]
[0,286,573,773,859,1128,1744,2017]
[0,286,466,573,773,859,1128,1385,1821,2017]
[0,57,318,466,574,766,859,1166,1298,1744,1821,2017]
[0,286,573,1128,2017]
[0,318,466,1166,2017]
[0,286,466,573,773,859,1128,1385,2017]
[0,286,573,773,859,1128,1385,2017]
[0,286,466,573,859,1128,1385,1821,2017]
[0,318,466,574,859,1166,1298,2017]
[0,574,1166,2017]
[0,318,466,859,1166,2017]
[0,318,574,859,1166,1298,2017]
[0,318,574,766,859,1166,1744,2017]
[0,286,573,859,1128,1385,1821,2017]
[0,286,466,573,859,1128,2017]
[0,318,466,574,859,1166,2017]
[0,286,566,859,1068,1385,2017]
[0,286,573,1128,1744,2017]
[0,318,2017]
[0,573,1128,2017]
[0,261,566,1068,1385,2017]
[0,57,318,466,574,859,1166,1298,2017]
[0,318,466,574,859,1166,1744,2017]
[0,318,574,859,1166,1744,2017]
[0,261,566,859,1068,2017]
[0,286,466,573,859,1068,1385,2017]
[0,318,574,859,1166,1821,2017]
[0,261,566,859,1068,1385,2017]
[0,286,573,1128,1385,2017]
[0,286,573,859,1068,1385,2017]
[0,318,1166,2017]
[0,766,1166,2017]
[0,318,466,574,859,1166,1298,1821,2017]
[0,286,466,573,773,859,1128,2017]
[0,261,566,1068,2017]
[0,286,466,573,773,859,1128,1385,1744,1821,2017]
[0,286,573,773,859,1128,2017]
[0,57,318,466,574,766,859,1166,1298,2017]
[0,318,466,574,766,859,1166,1298,2017]
[0,318,466,574,766,859,1166,2017]
[0,57,318,466,574,1166,1298,2017]
[0,286,466,573,1128,1385,2017]
[0,318,574,766,859,1166,1744,1821,2017]
[0,318,466,574,766,859,1166,1298,1744,1821,2017]
[0,286,573,859,1128,2017]
[0,574,2017]
[0,51,286,566,859,1068,1385,2017]
[0,318,466,574,766,859,1166,1744,2017]
[0,466,1166,2017]
[0,573,1068,1385,2017]
[0,286,566,1068,2017]
[0,261,566,1166,2017]
[0,51,286,466,573,859,1068,1385,2017]
[0,286,466,573,773,859,1128,1744,1821,2017]
[0,318,466,859,1166,1298,2017]
[0,286,466,573,773,859,1128,1744,2017]
[0,1166,2017]
[0,466,2017]
[0,466,859,1166,2017]
[0,286,573,1068,2017]
[0,318,766,1166,2017]
[0,286,573,1068,1385,2017]
[0,318,466,574,766,859,1166,1744,1821,2017]
[0,566,1068,1385,2017]
[0,574,859,1166,1744,2017]
