[0,1146,1583,2016,2314,2759]
[0,279,472,898,1146,1583,2016,2365,2759]
[0,875,2088,2759]
[0,1146,1583,2016,2365,2759]
[0,279,1124,2016,2314,2759]
[0,1124,1583,2759]
[0,898,2759]
[0,1124,1583,2365,2759]
[0,1124,2018,2312,2759]
[0,1146,2016,2759]
[0,309,898,1146,2016,2365,2759]
[0,398,898,1124,1583,2018,2312,2759]
[0,1146,2016,2365,2759]
[0,279,1146,2016,2365,2759]
[0,1124,2010,2365,2759]
[0,309,1124,2010,2365,2759]
[0,226,1124,2018,2312,2759]
[0,226,1124,2759]
[0,398,1124,1583,2312,2759]
[0,279,472,898,1124,1583,2016,2314,2759]
[0,898,1124,1583,2018,2312,2759]
[0,1146,2759]
[0,1124,2759]
[0,875,2759]
[0,898,2018,2312,2759]
[0,226,1124,1583,2018,2312,2759]
[0,1124,2018,2759]
[0,898,1583,2759]
[0,309,1146,2016,2365,2759]
[0,1146,1583,2365,2759]
[0,279,898,1146,1583,2016,2365,2759]
[0,898,1124,2018,2312,2759]
[0,279,898,1146,1583,2016,2314,2759]
[0,226,398,898,1124,1583,2018,2312,2759]
[0,279,898,1124,1583,2016,2314,2759]
[0,279,1124,1583,2016,2314,2759]
[0,279,1124,2016,2759]
[0,1146,1583,2314,2759]
[0,1124,1583,2016,2314,2759]
[0,398,1124,2018,2759]
[0,226,1124,2018,2759]
[0,309,1124,2010,2759]
[0,398,1124,1583,2018,2312,2759]
[0,309,1146,1583,2016,2365,2759]
[0,1124,2016,2365,2759]
[0,898,2018,2759]
[0,1124,2010,2759]
[0,1124,2016,2314,2759]
[0,309,1124,2016,2759]
[0,279,472,898,1146,1583,2016,2314,2759]
[0,1124,1583,2312,2759]
[0,309,1124,2016,2365,2759]
[0,226,898,1124,1583,2018,2312,2759]
[0,279,1124,2759]
[0,279,1146,2759]
[0,1124,1583,2314,2759]
[0,279,535,1124,1583,2016,2314,2759]
[0,309,1124,1583,2016,2365,2759]
[0,279,898,1146,2016,2365,2759]
[0,898,1583,2312,2759]
[0,398,1124,2759]
[0,279,898,1146,2016,2314,2759]
[0,1124,2016,2759]
[0,1146,2016,2314,2759]
[0,279,1146,2016,2314,2759]
[0,1124,1583,2018,2312,2759]
[0,279,1146,1583,2016,2365,2759]
[0,898,1583,2018,2312,2759]
[0,398,1124,1583,2759]
[0,279,1146,1583,2016,2314,2759]
[0,309,1146,2759]
[0,309,1124,2759]
[0,1124,1583,2016,2365,2759]
[0,1146,2314,2759]
[0,226,898,1124,2018,2312,2759]
[0,279,1146,2016,2759]
[0,309,898,1146,1583,2016,2365,2759]
[0,1146,1583,2759]
[0,398,1124,2018,2312,2759]
[0,309,1146,2016,2759]
