[0,115,364,492,707,838,1046]
[0,364,492,707,838,1046]
[0,115,492,707,918,970,1046]
[0,115,258,492,707,838,965,1046]
[0,115,258,492,707,838,1046]
[0,115,364,492,552,707,838,1046]
[0,115,364,492,552,707,918,965,1046]
[0,364,492,707,1046]
[0,492,1046]
[0,492,707,1046]
[0,258,492,707,1046]
[0,115,492,707,918,965,1046]
[0,115,492,1046]
[0,115,364,492,707,1046]
[0,115,492,707,1046]
[0,115,364,492,707,842,1046]
[0,115,364,492,707,918,965,1046]
[0,364,492,707,842,1046]
[0,115,1046]
[0,115,258,492,707,842,1046]
[0,115,364,492,552,707,842,1046]
[0,115,492,707,918,1046]
[0,492,707,918,1046]
[0,115,364,492,552,707,1046]
[0,115,364,492,707,838,965,1046]
[0,258,492,707,838,1046]
[0,258,492,707,842,1046]
[0,115,258,492,707,1046]
[0,492,707,838,1046]
[0,115,364,492,552,707,838,965,1046]
[0,115,364,492,707,918,1046]
[0,258,492,1046]
[0,364,492,707,918,1046]
[0,127,1046]
[0,115,364,492,552,707,918,1046]
[0,115,364,492,707,918,970,1046]
[0,115,364,492,552,707,918,970,1046]
[0,492,707,842,1046]
