[0,171,507,850,1172,2017]
[0,507,850,1167,1811,2017]
[0,403,1167,2017]
[0,1167,2017]
[0,850,2017]
[0,507,1173,2017]
[0,403,2017]
[0,171,507,1167,2017]
[0,171,507,850,1167,2017]
[0,345,507,850,1172,2017]
[0,345,507,850,1172,1668,1811,2017]
[0,507,850,1172,2017]
[0,345,507,1172,2017]
[0,171,345,507,850,1172,1811,2017]
[0,54,345,507,850,1167,1668,1811,2017]
[0,1173,2017]
[0,345,507,850,1172,1811,2017]
[0,403,850,1167,2017]
[0,507,1172,2017]
[0,345,507,850,1167,2017]
[0,507,850,1167,2017]
[0,171,507,850,1172,1811,2017]
[0,345,507,1167,2017]
[0,507,850,1172,1811,2017]
[0,171,345,507,850,1172,1668,1811,2017]
[0,507,1167,2017]
[0,54,345,507,850,1172,1668,1811,2017]
[0,345,507,850,1167,1811,2017]
[0,345,507,850,1167,1668,1811,2017]
[0,1172,2017]
[0,507,2017]
[0,171,507,1172,2017]
