[0,1384,3271,3353]
[0,535,1495,2784,3353]
[0,535,1495,1685,2784,2983,3353]
[0,1685,3294,3353]
[0,1279,1495,1685,2784,2983,3294,3353]
[0,1384,3253,3353]
[0,1279,3271,3353]
[0,1384,1829,3353]
[0,1384,1495,2633,2784,3271,3353]
[0,1384,1886,3353]
[0,1384,1495,2904,3271,3353]
[0,1384,1495,1685,2633,2784,2983,3294,3353]
[0,1279,1495,1685,2784,3353]
[0,535,1495,1886,2784,3353]
[0,1685,2784,2983,3294,3353]
[0,535,1495,2096,3253,3353]
[0,1384,1829,2784,2983,3353]
[0,1495,3353]
[0,1279,1685,2983,3353]
[0,1384,1495,1829,2633,2784,2983,3353]
[0,1495,2633,2784,3353]
[0,535,2096,3353]
[0,1685,2983,3353]
[0,535,1495,3353]
[0,1384,1829,2633,2904,3353]
[0,535,1495,2475,2983,3353]
[0,535,1685,2784,2983,3353]
[0,1279,2784,2983,3353]
[0,535,3353]
[0,1279,1495,1685,3294,3353]
[0,1384,2784,2983,3353]
[0,1384,1495,2633,3353]
[0,1384,1495,1685,3353]
[0,1384,3353]
[0,1384,1495,2904,3353]
[0,1495,2096,3353]
[0,1384,1685,2784,2983,3353]
[0,1384,2633,2784,2983,3353]
[0,1384,1495,2633,2784,2983,3271,3353]
[0,1279,1685,3353]
[0,1279,1685,2784,3353]
[0,1384,1495,2983,3353]
[0,1384,1495,2784,2983,3353]
[0,1384,1495,1685,2633,2784,3353]
[0,535,1495,1886,2784,3294,3353]
[0,1279,1495,1685,3353]
[0,1279,1495,1685,2983,3353]
[0,535,1279,3271,3353]
[0,1685,3353]
[0,1685,2784,3353]
[0,1384,2633,2784,3353]
[0,1384,2633,3353]
[0,1384,2983,3353]
[0,1384,1495,2784,3271,3353]
[0,1384,1495,3271,3353]
[0,1384,1495,2633,2904,3353]
[0,535,1685,2983,3353]
[0,1279,2983,3353]
[0,1384,1495,1829,2633,2904,3271,3353]
[0,1384,1495,2633,2784,2983,3353]
[0,1384,1685,2633,2784,2983,3353]
[0,535,3294,3353]
[0,1384,1685,2983,3353]
[0,1384,1495,1829,2633,3353]
[0,535,1279,1685,2784,2983,3353]
[0,535,1495,1685,2784,3353]
[0,1384,1495,1829,2633,2784,2983,3271,3353]
[0,535,1685,3353]
[0,535,2475,3353]
[0,1685,2784,3294,3353]
[0,1384,2784,3353]
[0,2096,3353]
[0,535,1495,1685,3294,3353]
[0,535,1279,1685,2983,3353]
[0,1384,2633,2904,3353]
[0,1384,1495,1829,3353]
[0,1384,1685,2633,3353]
[0,1495,1685,3353]
[0,1384,1495,1685,2633,2784,2983,3353]
[0,1384,1829,2633,2784,2983,3353]
[0,1384,1495,2784,3353]
[0,535,1495,2633,2784,3353]
[0,535,1495,1685,2784,2983,3294,3353]
[0,1279,1495,1685,2784,3294,3353]
[0,535,1495,2784,3294,3353]
[0,1384,1495,2633,2784,3353]
[0,535,1685,2784,3353]
[0,535,1495,1685,3353]
[0,1685,2784,2983,3353]
[0,535,1495,2475,3353]
[0,1384,1495,1829,2633,2904,3353]
[0,1495,2475,3353]
[0,535,1279,1685,3353]
[0,1279,2784,3353]
[0,535,1685,2784,2983,3294,3353]
[0,1279,3353]
[0,535,1279,2235,3353]
[0,535,1279,3353]
[0,2096,3253,3353]
[0,535,1279,1495,1685,2784,2983,3294,3353]
[0,2784,3353]
[0,1384,1685,3353]
[0,535,1495,1685,2784,3294,3353]
[0,1384,1685,2633,2784,3353]
[0,1384,1495,2633,2904,3271,3353]
[0,1279,1495,1685,2784,2983,3353]
[0,535,2784,3294,3353]
[0,535,1495,2096,3353]
[0,535,2096,3253,3353]
[0,1279,1685,2784,2983,3353]
[0,1384,1495,1685,2633,3353]
[0,535,1685,3294,3353]
[0,535,2784,3353]
[0,1384,2904,3353]
[0,535,2475,2983,3353]
[0,1384,1829,2983,3353]
[0,1384,1495,1685,2633,2784,3294,3353]
[0,535,1279,1495,1685,2784,2983,3353]
[0,1384,1829,2633,3353]
[0,1384,1495,3353]
[0,1279,2235,3353]
[0,1495,2784,3353]
[0,535,1279,2235,3271,3353]
[0,2475,3353]
