[0,292,997]
[0,107,222,325,460,765,997]
[0,292,542,997]
[0,107,222,325,460,542,621,826,997]
[0,325,997]
[0,325,460,826,997]
[0,222,460,997]
[0,107,222,460,765,997]
[0,222,460,621,810,997]
[0,222,460,542,703,997]
[0,222,460,542,826,997]
[0,222,460,703,997]
[0,107,222,325,460,542,621,810,997]
[0,107,325,542,810,997]
[0,107,222,325,460,542,765,997]
[0,107,222,460,703,997]
[0,460,703,997]
[0,222,460,826,997]
[0,107,222,460,542,591,826,997]
[0,107,325,460,542,826,997]
[0,222,460,621,997]
[0,222,460,810,997]
[0,107,222,460,542,826,997]
[0,107,222,325,460,542,826,997]
[0,107,222,460,542,703,997]
[0,107,222,460,621,826,997]
[0,222,460,542,621,765,997]
[0,460,997]
[0,107,222,325,460,542,621,997]
[0,325,473,997]
[0,107,222,325,460,542,591,703,997]
[0,325,473,810,997]
[0,292,542,810,997]
[0,473,997]
[0,107,222,460,621,810,997]
[0,107,325,542,826,997]
[0,222,460,542,765,997]
[0,222,460,765,997]
[0,107,222,325,473,810,997]
[0,107,222,460,542,621,826,997]
[0,107,222,325,460,542,591,826,997]
[0,222,460,542,591,997]
[0,222,460,542,591,765,997]
[0,460,765,997]
[0,222,460,542,591,703,997]
[0,107,325,460,826,997]
[0,222,460,542,591,826,997]
[0,107,222,325,460,703,997]
[0,107,222,325,460,621,826,997]
[0,107,222,460,542,591,765,997]
[0,107,222,460,542,591,703,997]
[0,107,222,325,473,542,810,997]
[0,107,325,460,997]
[0,107,222,325,460,826,997]
[0,107,222,460,542,765,997]
[0,107,222,325,460,621,997]
[0,460,826,997]
[0,107,222,325,460,621,810,997]
[0,107,325,473,810,997]
[0,107,222,460,826,997]
[0,107,325,473,542,810,997]
[0,222,460,542,621,997]
[0,107,222,325,460,542,703,997]
[0,325,542,997]
[0,325,542,826,997]
[0,107,325,473,997]
[0,107,222,460,542,621,765,997]
[0,107,222,325,460,542,591,765,997]
[0,107,222,460,621,997]
[0,107,222,325,460,542,621,765,997]
[0,473,810,997]
[0,325,460,997]
[0,325,542,810,997]
[0,222,460,621,826,997]
[0,107,222,460,542,621,997]
[0,222,460,591,997]
