[0,312,1180]
[0,543,1180]
[0,312,654,1180]
[0,72,120,312,403,543,681,960,1180]
[0,120,288,403,543,681,1180]
[0,120,312,403,543,681,960,1180]
[0,120,1180]
[0,403,774,1180]
[0,288,681,1180]
[0,120,312,543,681,960,1180]
[0,120,312,543,681,883,1180]
[0,774,1180]
[0,237,543,681,1180]
[0,237,681,960,1180]
[0,681,1180]
[0,312,543,681,883,1180]
[0,312,543,681,960,1180]
[0,237,543,681,960,1180]
[0,312,403,543,681,1180]
[0,288,543,681,883,1180]
[0,120,312,543,681,1180]
[0,288,543,681,960,1180]
[0,120,288,403,543,681,880,960,1180]
[0,120,312,654,883,1180]
[0,543,681,960,1180]
[0,120,288,543,681,883,1180]
[0,120,237,543,681,960,1180]
[0,120,288,543,681,960,1180]
[0,960,1180]
[0,654,1180]
[0,120,312,403,543,681,1180]
[0,237,681,1180]
[0,312,681,1180]
[0,120,312,681,1180]
[0,288,681,883,1180]
[0,120,288,403,543,681,883,1180]
[0,543,681,1180]
[0,120,312,681,960,1180]
[0,312,681,883,1180]
[0,312,681,960,1180]
[0,120,288,543,681,1180]
[0,288,681,960,1180]
[0,120,288,403,543,681,960,1180]
[0,312,654,883,1180]
[0,312,543,681,1180]
[0,120,237,543,681,1180]
[0,288,543,681,1180]
[0,312,403,681,1180]
[0,543,960,1180]
