[0,511,774,1034,1148,1225,1461,1651]
[0,511,774,1051,1174,1225,1456,1571,1651]
[0,511,1148,1225,1461,1571,1651]
[0,511,774,1034,1225,1461,1651]
[0,511,1148,1225,1461,1651]
[0,511,1174,1461,1651]
[0,511,1148,1225,1651]
[0,1148,1225,1651]
[0,511,1034,1225,1461,1571,1651]
[0,511,1051,1225,1456,1571,1651]
[0,511,1174,1225,1456,1651]
[0,511,774,1051,1225,1456,1571,1651]
[0,511,1651]
[0,511,774,1034,1651]
[0,511,1034,1461,1651]
[0,511,1051,1225,1456,1651]
[0,511,1174,1225,1651]
[0,511,774,1034,1148,1225,1461,1571,1651]
[0,511,1051,1174,1225,1456,1571,1651]
[0,511,1034,1225,1651]
[0,511,774,1034,1225,1651]
[0,1034,1651]
[0,511,1051,1174,1225,1456,1651]
[0,511,1461,1651]
[0,511,1174,1456,1651]
[0,511,1034,1148,1225,1461,1651]
[0,511,1034,1651]
[0,511,774,1051,1651]
[0,511,1148,1461,1571,1651]
[0,1148,1651]
[0,511,1225,1651]
[0,511,774,1051,1174,1225,1456,1651]
[0,511,1051,1461,1651]
[0,511,774,1051,1225,1456,1651]
[0,511,1034,1148,1225,1461,1571,1651]
[0,511,1148,1651]
[0,511,1456,1651]
[0,511,1051,1651]
[0,1051,1651]
[0,511,1148,1461,1651]
[0,511,774,1051,1456,1651]
[0,511,1174,1651]
[0,1174,1651]
[0,511,774,1034,1225,1461,1571,1651]
[0,511,1034,1225,1461,1651]
[0,1174,1225,1651]
[0,511,1051,1456,1651]
