[0,1172,1881,2211]
[0,936,1244,1723,2211]
[0,221,936,1244,1876,2211]
[0,221,936,1172,1587,1876,2211]
[0,1174,1723,2211]
[0,508,1884,2211]
[0,1244,1876,2211]
[0,800,1244,1477,2211]
[0,800,2211]
[0,1172,2211]
[0,508,800,1172,1477,1881,2211]
[0,508,800,1244,1477,1881,2211]
[0,909,1244,1884,2211]
[0,800,1244,1884,2211]
[0,1172,1587,1876,2211]
[0,1876,2211]
[0,1244,1587,2211]
[0,508,800,1881,2211]
[0,936,1172,1587,1876,2211]
[0,508,909,1723,2211]
[0,909,1244,1477,1884,2211]
[0,221,909,1244,1477,1884,2211]
[0,221,800,1244,1587,1876,2211]
[0,800,1244,1587,1876,2211]
[0,1172,1477,2211]
[0,800,1587,2211]
[0,1172,1587,2211]
[0,1244,2211]
[0,800,1172,1881,2211]
[0,909,1244,1723,2211]
[0,1477,2211]
[0,909,1244,2211]
[0,1244,1477,2211]
[0,1244,1723,2211]
[0,800,1244,2211]
[0,1244,1687,2211]
[0,936,1244,1587,1876,2211]
[0,800,1477,2211]
[0,1587,2211]
[0,885,1244,1687,2211]
[0,508,800,1244,1477,2211]
[0,800,1244,1881,2211]
[0,1723,2211]
[0,508,800,1884,2211]
[0,508,800,1477,2211]
[0,508,909,1244,1723,2211]
[0,508,1477,2211]
[0,221,800,1244,1587,2211]
[0,508,800,1244,1477,1884,2211]
[0,221,936,1172,1587,2211]
[0,508,800,936,1172,1477,1881,2211]
[0,1881,2211]
[0,909,1244,1477,2211]
[0,508,800,1244,1881,2211]
[0,508,1723,2211]
[0,508,885,1244,1687,2211]
[0,800,1172,2211]
[0,1687,2211]
[0,221,936,1244,1587,2211]
[0,1174,2211]
[0,800,1244,1587,2211]
[0,1330,2211]
[0,936,1244,1876,2211]
[0,221,936,1244,1723,1876,2211]
[0,800,1172,1477,1881,2211]
[0,508,1881,2211]
[0,1244,1884,2211]
[0,221,800,936,1172,1587,1876,2211]
[0,508,800,2211]
[0,546,2211]
[0,508,885,1244,1687,1884,2211]
[0,936,1244,1723,1876,2211]
[0,936,1244,1587,2211]
[0,508,1687,2211]
[0,508,1244,1687,2211]
[0,221,936,1244,1587,1876,2211]
[0,546,1244,2211]
[0,1884,2211]
[0,936,1172,1587,2211]
[0,221,800,936,1244,1587,1876,2211]
[0,909,2211]
[0,909,1477,2211]
[0,508,800,1172,1477,2211]
[0,508,2211]
[0,1244,1881,2211]
[0,508,800,1244,1884,2211]
[0,800,1172,1477,2211]
