[0,216,350,582,836,984,1286,1465]
[0,223,805,1161,1465]
[0,350,774,1465]
[0,805,1161,1325,1465]
[0,836,1325,1465]
[0,582,836,1161,1286,1420,1465]
[0,216,1465]
[0,774,1161,1286,1420,1465]
[0,223,805,1286,1465]
[0,216,350,774,984,1161,1286,1465]
[0,216,350,582,836,1161,1286,1465]
[0,216,350,582,836,984,1161,1286,1465]
[0,223,805,984,1161,1286,1420,1465]
[0,216,582,836,1465]
[0,216,350,774,984,1161,1286,1420,1465]
[0,805,1161,1286,1420,1465]
[0,350,774,1161,1286,1465]
[0,836,1161,1286,1465]
[0,836,1161,1420,1465]
[0,350,774,984,1286,1465]
[0,169,805,1465]
[0,45,223,805,1161,1325,1465]
[0,774,1124,1465]
[0,836,1465]
[0,350,774,1286,1465]
[0,216,1124,1465]
[0,216,350,582,836,984,1161,1286,1420,1465]
[0,45,805,1161,1325,1465]
[0,805,984,1161,1286,1465]
[0,1124,1465]
[0,216,582,836,1161,1286,1420,1465]
[0,805,984,1161,1286,1420,1465]
[0,805,1420,1465]
[0,805,1161,1286,1465]
[0,836,1152,1465]
[0,836,1286,1465]
[0,805,1325,1465]
[0,350,836,1420,1465]
[0,774,1124,1325,1465]
[0,216,350,774,1161,1286,1420,1465]
[0,45,805,984,1161,1286,1420,1465]
[0,774,1286,1465]
[0,45,770,1161,1286,1420,1465]
[0,836,1161,1286,1420,1465]
[0,223,805,984,1286,1465]
[0,45,223,805,1161,1286,1420,1465]
[0,350,836,1465]
[0,582,836,1161,1286,1465]
[0,216,350,774,984,1286,1465]
[0,836,1420,1465]
[0,223,805,1161,1286,1420,1465]
[0,216,350,836,1465]
[0,45,805,1161,1286,1420,1465]
[0,216,350,774,1161,1286,1465]
[0,216,1420,1465]
[0,582,836,1161,1420,1465]
[0,1420,1465]
[0,223,805,1465]
[0,223,805,984,1161,1286,1465]
[0,805,984,1286,1465]
[0,216,582,836,1161,1286,1465]
[0,582,836,1286,1465]
[0,770,1161,1286,1420,1465]
[0,774,1161,1286,1465]
[0,216,350,836,1420,1465]
[0,169,836,1465]
[0,836,1152,1325,1465]
[0,805,1161,1465]
[0,216,582,836,1286,1465]
[0,223,805,1161,1286,1465]
[0,770,1286,1465]
[0,770,1161,1286,1465]
[0,770,1465]
[0,216,350,582,836,1286,1465]
[0,223,805,1161,1325,1465]
[0,805,1286,1465]
[0,805,1465]
[0,836,1161,1465]
[0,582,836,1465]
[0,774,1465]
[0,216,350,582,836,1161,1286,1420,1465]
[0,350,774,1161,1286,1420,1465]
[0,350,774,984,1465]
[0,216,582,836,984,1286,1465]
[0,774,1325,1465]
[0,169,805,1420,1465]
[0,216,350,774,1286,1465]
[0,169,836,1152,1465]
[0,582,836,1161,1465]
[0,169,836,1152,1325,1465]
[0,45,223,805,984,1161,1286,1420,1465]
