[0,1167,2143,2554]
[0,1102,1445,2143,2554]
[0,1102,1445,2554]
[0,1102,1330,1445,2554]
[0,1102,1445,2055,2554]
[0,895,1102,1445,1736,1902,2143,2554]
[0,895,1102,1330,1445,1736,1902,2143,2554]
[0,1167,2554]
[0,1102,1445,1736,1902,2143,2554]
[0,895,1143,1445,2143,2554]
[0,895,1143,1445,2055,2554]
[0,1102,1330,1445,1902,2143,2554]
[0,1167,1445,2554]
[0,895,1167,1445,2554]
[0,1102,1219,1445,1902,2143,2554]
[0,895,1167,1445,1736,1902,2143,2554]
[0,895,1143,1445,1736,1902,2143,2554]
[0,1143,1445,1902,2055,2554]
[0,1219,2554]
[0,1102,1219,1445,1736,1902,2143,2554]
[0,1143,1445,1902,2143,2554]
[0,1143,2143,2554]
[0,1143,2055,2554]
[0,895,1143,1445,1902,2055,2554]
[0,895,1143,1445,1902,2143,2554]
[0,1102,2554]
[0,895,1102,1219,1445,1736,1902,2143,2554]
[0,895,1167,1445,2143,2554]
[0,1167,1445,2143,2554]
[0,1143,1445,2055,2554]
[0,1143,1445,2143,2554]
[0,1102,1330,1445,2143,2554]
[0,1143,1445,2554]
[0,1219,1902,2554]
[0,895,1445,2554]
[0,1445,1902,2554]
[0,895,2554]
[0,895,1167,1445,1902,2143,2554]
[0,1102,1445,1902,2143,2554]
[0,1102,2143,2554]
[0,1445,2554]
[0,1102,1445,1902,2055,2554]
[0,1102,1330,1445,1736,1902,2143,2554]
[0,1102,2055,2554]
[0,895,1102,1445,1902,2143,2554]
[0,1143,2554]
