[0,166,470,591,922]
[0,591,715,922]
[0,166,837,922]
[0,470,591,669,837,922]
[0,412,922]
[0,166,462,591,837,922]
[0,470,591,715,837,922]
[0,462,591,837,922]
[0,470,591,837,922]
[0,470,591,922]
[0,669,922]
[0,166,669,922]
[0,166,470,591,837,922]
[0,166,462,591,922]
[0,166,669,837,922]
[0,166,470,591,669,715,837,922]
[0,470,591,669,922]
[0,462,591,669,922]
[0,470,591,715,922]
[0,166,582,715,922]
[0,166,591,669,922]
[0,470,922]
[0,591,922]
[0,166,470,591,669,837,922]
[0,166,591,715,922]
[0,166,470,591,715,837,922]
[0,166,591,922]
[0,591,669,922]
[0,462,591,669,837,922]
[0,166,462,591,669,837,922]
[0,166,922]
[0,166,582,922]
[0,166,470,591,715,922]
[0,462,591,922]
[0,582,922]
