[0,366,573,940,1124,1372,1721,2017]
[0,573,2017]
[0,573,747,940,1124,1721,1969,2017]
[0,330,573,747,1721,2017]
[0,573,747,940,1721,1969,2017]
[0,330,573,747,940,1050,2017]
[0,573,747,940,1124,1721,2017]
[0,573,940,2017]
[0,366,573,1050,2017]
[0,86,573,747,940,1124,1372,1721,1969,2017]
[0,86,573,747,940,1124,1372,1721,2017]
[0,86,573,940,1124,1721,2017]
[0,86,330,573,747,940,1124,1372,1721,1969,2017]
[0,330,573,1721,2017]
[0,626,1372,1721,1969,2017]
[0,330,573,940,1124,1372,1721,2017]
[0,573,940,1124,2017]
[0,573,940,1969,2017]
[0,573,1721,2017]
[0,225,626,940,1124,1721,1969,2017]
[0,225,626,940,1124,1372,1721,1969,2017]
[0,1320,1918,2017]
[0,366,573,747,1050,2017]
[0,86,573,940,1124,1721,1969,2017]
[0,366,573,747,940,1050,2017]
[0,86,330,573,747,940,1124,1372,2017]
[0,330,573,2017]
[0,366,573,1124,1372,2017]
[0,1320,2017]
[0,366,573,747,1721,2017]
[0,573,1124,1372,1721,2017]
[0,1969,2017]
[0,86,573,940,1124,1372,1721,2017]
[0,626,1372,1969,2017]
[0,573,1372,1721,2017]
[0,330,573,1124,1372,1721,2017]
[0,626,1328,2017]
[0,330,573,747,2017]
[0,330,573,747,940,1050,1721,2017]
[0,366,573,1124,2017]
[0,330,573,940,1124,2017]
[0,366,573,940,1721,2017]
[0,573,747,940,1050,2017]
[0,573,747,1050,2017]
[0,330,573,1372,2017]
[0,940,1320,2017]
[0,573,1124,1372,2017]
[0,1918,2017]
[0,366,573,747,940,1124,2017]
[0,86,573,747,940,1124,1372,2017]
[0,366,573,747,940,1050,1721,2017]
[0,573,747,940,1124,1372,1721,1969,2017]
[0,225,626,1124,1721,2017]
[0,573,1038,1918,2017]
[0,626,1372,1721,2017]
[0,330,573,747,940,1721,2017]
[0,573,1050,2017]
[0,1372,1969,2017]
[0,366,573,940,1372,2017]
[0,626,1124,2017]
[0,86,573,747,940,1124,1721,2017]
[0,573,940,1124,1372,1721,2017]
[0,573,940,1124,1372,2017]
[0,225,626,1372,1721,1969,2017]
[0,330,573,1124,2017]
[0,86,330,573,1372,2017]
[0,626,940,1372,2017]
[0,573,940,1372,2017]
[0,573,1124,2017]
[0,573,1969,2017]
[0,330,573,1124,1721,2017]
[0,1721,1969,2017]
[0,330,573,747,1050,2017]
[0,573,747,940,1050,1721,2017]
[0,940,1320,1918,2017]
[0,86,330,573,747,940,1050,2017]
[0,330,573,747,940,1372,2017]
[0,1372,2017]
[0,86,330,573,747,1372,2017]
[0,626,1328,1918,2017]
[0,626,940,1372,1721,2017]
[0,330,573,747,940,1124,1721,1969,2017]
[0,573,747,940,1721,2017]
[0,366,573,1372,2017]
[0,86,573,1372,1721,1969,2017]
[0,366,573,1124,1721,2017]
[0,225,626,940,1372,1721,2017]
[0,573,747,1124,2017]
[0,330,573,1124,1372,2017]
[0,86,330,573,747,940,1050,1721,2017]
[0,366,573,747,940,1372,2017]
[0,86,573,747,940,1124,1721,1969,2017]
[0,366,573,747,940,1124,1721,1969,2017]
[0,573,1124,1721,1969,2017]
[0,366,573,747,940,1124,1372,2017]
[0,86,330,573,747,940,1124,2017]
[0,573,1721,1969,2017]
[0,225,626,940,1124,1372,1721,2017]
[0,573,1124,1721,2017]
[0,573,747,940,1124,1372,1721,2017]
[0,626,940,1124,2017]
[0,330,573,747,940,1124,2017]
[0,330,573,940,1721,2017]
[0,573,747,940,1372,2017]
[0,573,747,1372,2017]
[0,86,330,573,747,940,1050,1721,1969,2017]
[0,86,573,1372,1721,2017]
[0,626,1372,2017]
[0,86,573,940,1124,1372,2017]
[0,573,1038,2017]
[0,366,573,747,940,1124,1721,2017]
[0,573,747,940,1124,1372,2017]
[0,330,573,747,940,1124,1721,2017]
[0,626,1721,1969,2017]
[0,626,1124,1721,2017]
[0,330,573,747,940,1050,1721,1969,2017]
[0,366,573,940,1124,2017]
[0,573,1372,2017]
[0,225,626,940,1124,1372,2017]
[0,573,940,1124,1721,2017]
[0,86,330,573,747,940,1124,1372,1721,2017]
[0,626,940,1124,1372,2017]
[0,626,1124,1721,1969,2017]
[0,573,747,940,1050,1969,2017]
[0,573,1372,1969,2017]
[0,626,1721,2017]
[0,330,573,1050,2017]
[0,225,626,1372,1721,2017]
[0,626,940,1124,1721,1969,2017]
[0,573,940,1721,2017]
[0,573,747,1721,2017]
[0,330,573,940,1124,1372,2017]
[0,573,940,1124,1721,1969,2017]
[0,330,573,940,1372,2017]
[0,86,330,573,747,940,1124,1721,1969,2017]
[0,573,1050,1969,2017]
[0,366,573,940,1124,1372,2017]
[0,225,626,1328,2017]
[0,573,747,1721,1969,2017]
[0,86,573,940,1124,1372,1721,1969,2017]
[0,573,747,940,1124,2017]
[0,225,626,1372,2017]
[0,330,573,747,940,1124,1372,2017]
[0,366,573,747,940,1124,1372,1721,2017]
[0,573,747,940,1050,1721,1969,2017]
[0,1721,2017]
[0,626,940,1124,1721,2017]
[0,330,573,747,940,1124,1372,1721,2017]
[0,366,573,1721,2017]
[0,330,573,940,1124,1721,2017]
[0,330,573,747,1372,2017]
[0,366,573,940,1124,1721,2017]
[0,225,626,940,1124,1721,2017]
[0,1328,1918,2017]
[0,86,330,573,747,940,1372,2017]
[0,225,626,1328,1918,2017]
[0,573,1372,1721,1969,2017]
[0,366,573,747,940,1050,1721,1969,2017]
[0,366,573,747,940,1721,2017]
[0,366,573,747,940,1124,1372,1721,1969,2017]
[0,86,573,1372,2017]
[0,573,940,1050,1969,2017]
[0,86,330,573,747,940,1124,1721,2017]
[0,225,626,940,1372,2017]
[0,1328,2017]
[0,366,573,1124,1372,1721,2017]
[0,626,2017]
[0,573,747,2017]
[0,573,940,1050,2017]
