[0,54,231,667,1061,1180]
[0,54,231,692,1047,1102,1180]
[0,198,667,1180]
[0,198,667,1058,1180]
[0,54,231,692,832,929,1047,1102,1180]
[0,231,667,1180]
[0,231,592,692,929,1180]
[0,231,592,692,832,929,1180]
[0,231,667,839,1061,1180]
[0,231,667,832,929,1102,1180]
[0,231,889,1180]
[0,692,929,1180]
[0,231,692,832,929,1180]
[0,701,1180]
[0,231,667,839,1180]
[0,692,1180]
[0,231,592,692,832,929,1102,1180]
[0,231,667,1061,1180]
[0,231,692,832,1047,1102,1180]
[0,201,701,1180]
[0,198,667,839,1058,1180]
[0,54,231,667,832,929,1180]
[0,54,231,282,592,692,832,929,1047,1102,1180]
[0,231,667,832,929,1180]
[0,231,1102,1180]
[0,231,667,1047,1102,1180]
[0,231,667,929,1180]
[0,54,231,667,1180]
[0,231,667,832,1180]
[0,54,231,592,692,832,929,1047,1102,1180]
[0,231,692,929,1180]
[0,231,692,832,1180]
[0,231,667,832,1047,1102,1180]
[0,667,1180]
[0,198,667,839,1180]
[0,231,667,1047,1180]
[0,231,667,832,929,1047,1102,1180]
[0,231,692,832,929,1047,1102,1180]
[0,231,692,832,1047,1180]
[0,54,231,282,692,832,929,1047,1102,1180]
[0,231,1180]
[0,54,231,667,1047,1102,1180]
[0,231,692,1047,1102,1180]
[0,889,1180]
[0,231,592,692,832,929,1047,1102,1180]
[0,231,692,1180]
[0,231,667,832,1047,1180]
[0,231,692,1047,1180]
[0,231,692,832,929,1102,1180]
[0,54,231,667,832,1047,1102,1180]
[0,54,231,667,839,1061,1180]
[0,54,231,692,832,1047,1102,1180]
[0,54,231,667,832,929,1047,1102,1180]
[0,667,929,1180]
