[0,1091,1331,2017]
[0,306,524,966,1331,1594,2017]
[0,1077,1331,2017]
[0,949,1091,2017]
[0,257,524,2017]
[0,966,2017]
[0,524,966,1331,1594,2017]
[0,1331,2017]
[0,524,966,2017]
[0,949,2017]
[0,306,1331,2017]
[0,524,1331,2017]
[0,257,524,966,2017]
[0,306,966,1594,2017]
[0,931,1091,2017]
[0,931,1091,1331,2017]
[0,524,2017]
[0,966,1077,2017]
[0,949,1091,1331,2017]
[0,306,966,2017]
[0,306,966,1331,1594,2017]
[0,966,1077,1331,2017]
[0,966,1594,2017]
[0,306,2017]
[0,524,966,1594,2017]
[0,306,1331,1594,2017]
[0,257,524,1331,1594,2017]
[0,931,2017]
[0,306,524,1331,1594,2017]
[0,524,1331,1594,2017]
