[0,759,1489,2019,2812]
[0,225,388,751,1489,2027,2759,2812]
[0,225,388,751,1489,1572,2019,2113,2812]
[0,375,759,1489,2019,2812]
[0,225,375,524,759,1489,2019,2614,2812]
[0,224,502,759,1489,1572,2019,2113,2812]
[0,224,375,1489,2812]
[0,502,759,1489,2019,2113,2812]
[0,388,1489,2019,2113,2812]
[0,224,375,502,759,1489,1572,2019,2113,2614,2759,2812]
[0,225,375,759,1489,2019,2113,2812]
[0,225,375,759,1489,2019,2812]
[0,225,375,759,1489,2019,2113,2759,2812]
[0,388,1489,2027,2812]
[0,224,375,1489,2019,2113,2812]
[0,225,375,1489,2019,2113,2614,2812]
[0,224,375,502,759,1489,2019,2812]
[0,502,1489,2019,2812]
[0,375,1489,2019,2113,2812]
[0,225,375,1489,2019,2113,2759,2812]
[0,224,375,759,1489,2019,2812]
[0,225,388,1489,2027,2812]
[0,225,375,759,1489,1572,2019,2113,2614,2812]
[0,388,751,1489,2027,2812]
[0,224,375,502,759,1489,1572,2019,2113,2614,2812]
[0,375,1489,2812]
[0,225,375,524,759,1489,1572,2019,2113,2614,2812]
[0,224,375,502,759,1489,1572,2019,2113,2759,2812]
[0,375,1489,2027,2759,2812]
[0,224,375,759,1489,1572,2019,2113,2759,2812]
[0,224,502,759,1489,2019,2113,2759,2812]
[0,1489,2019,2759,2812]
[0,224,375,502,759,1489,1572,2019,2113,2812]
[0,388,751,1489,2019,2614,2812]
[0,224,375,1489,1572,2019,2113,2614,2812]
[0,224,375,502,759,1489,2019,2113,2759,2812]
[0,225,388,1489,1572,2019,2113,2614,2812]
[0,388,1489,2019,2759,2812]
[0,225,375,1489,2019,2812]
[0,224,375,759,1489,2019,2113,2759,2812]
[0,502,759,1489,2019,2113,2614,2812]
[0,375,2027,2812]
[0,225,375,524,759,1489,1572,2019,2113,2614,2759,2812]
[0,225,388,751,1489,2019,2113,2614,2812]
[0,225,388,1489,1572,2019,2113,2759,2812]
[0,502,1489,2019,2113,2812]
[0,1489,2027,2812]
[0,225,388,751,1489,1572,2019,2113,2759,2812]
[0,375,1489,2027,2812]
[0,225,388,751,1489,2027,2812]
[0,224,375,502,759,1489,2019,2113,2812]
[0,225,388,1489,2027,2759,2812]
[0,388,751,1489,2019,2812]
[0,1489,2019,2113,2614,2812]
[0,502,759,1489,2019,2113,2759,2812]
[0,1489,2019,2113,2759,2812]
[0,224,375,759,1489,2019,2113,2812]
[0,224,502,759,1489,1572,2019,2113,2614,2812]
[0,225,388,1489,2019,2113,2759,2812]
[0,225,375,1489,1572,2019,2113,2759,2812]
[0,225,388,1489,2019,2812]
[0,1489,2019,2113,2812]
[0,225,388,1489,2019,2113,2812]
[0,1489,2812]
[0,375,759,1489,2019,2614,2812]
[0,502,759,1489,2019,2812]
[0,224,375,1489,1572,2019,2113,2812]
[0,1489,2759,2812]
[0,224,375,502,759,1489,2019,2614,2812]
[0,225,375,759,1489,2019,2113,2614,2812]
[0,225,388,1489,1572,2019,2113,2812]
[0,224,502,759,1489,1572,2019,2113,2759,2812]
[0,224,375,1489,2019,2113,2759,2812]
[0,224,375,1489,2019,2113,2614,2812]
[0,224,375,759,1489,1572,2019,2113,2614,2759,2812]
[0,759,1489,2812]
[0,2759,2812]
[0,1489,2019,2812]
[0,388,1489,2027,2759,2812]
[0,225,388,751,1489,2019,2113,2812]
[0,224,375,759,1489,1572,2019,2113,2812]
[0,224,375,759,1489,2019,2614,2812]
[0,502,1489,2019,2614,2812]
[0,224,502,759,1489,2019,2113,2614,2812]
[0,388,1489,2812]
[0,1489,2019,2614,2812]
[0,375,1489,2019,2812]
[0,225,388,1489,2019,2614,2812]
[0,224,375,759,1489,1572,2019,2113,2614,2812]
[0,225,375,1489,2019,2113,2812]
[0,225,375,524,759,1489,2019,2113,2614,2812]
[0,225,375,759,1489,1572,2019,2113,2614,2759,2812]
[0,224,502,759,1489,2019,2812]
[0,224,375,502,759,1489,2019,2113,2614,2812]
[0,225,375,759,1489,1572,2019,2113,2759,2812]
[0,225,388,751,1489,1572,2019,2113,2614,2759,2812]
[0,502,1489,2019,2113,2614,2812]
[0,224,375,759,1489,2019,2759,2812]
[0,502,1489,2019,2113,2759,2812]
[0,225,388,751,1489,2019,2614,2812]
[0,1489,2027,2759,2812]
[0,502,759,1489,2019,2614,2812]
[0,224,502,759,1489,2019,2113,2812]
[0,388,1489,2019,2614,2812]
[0,225,388,1489,2019,2759,2812]
[0,225,388,751,1489,2019,2812]
[0,225,388,1489,2812]
[0,225,375,759,1489,2019,2614,2812]
[0,224,375,759,1489,2019,2113,2614,2812]
[0,224,375,1489,2019,2614,2812]
[0,375,1489,2019,2113,2759,2812]
[0,224,375,1489,1572,2019,2113,2759,2812]
[0,224,375,1489,2019,2759,2812]
[0,375,1489,2019,2614,2812]
[0,2027,2812]
[0,375,1489,2019,2759,2812]
[0,225,388,751,1489,1572,2019,2113,2614,2812]
[0,225,375,759,1489,1572,2019,2113,2812]
[0,224,502,759,1489,2019,2614,2812]
[0,225,375,1489,2019,2614,2812]
[0,388,1489,2019,2812]
[0,225,375,1489,1572,2019,2113,2812]
[0,225,375,1489,1572,2019,2113,2614,2812]
[0,225,375,1489,2812]
[0,225,388,751,1489,2019,2113,2759,2812]
[0,225,388,1489,2019,2113,2614,2812]
[0,224,375,1489,2019,2812]
