[0,229,677,773,883,1109,1249]
[0,58,229,677,773,883,1249]
[0,229,677,1249]
[0,58,229,677,883,1249]
[0,58,229,279,677,773,883,1058,1109,1249]
[0,58,229,677,773,1249]
[0,58,229,677,784,1249]
[0,58,229,677,773,883,1058,1109,1249]
[0,58,229,677,1249]
[0,58,229,677,773,883,1109,1154,1249]
[0,58,229,677,773,883,1112,1249]
[0,58,229,677,773,883,1058,1109,1154,1249]
[0,229,677,784,1249]
[0,229,677,883,1112,1249]
[0,229,677,883,1249]
[0,229,677,773,1249]
[0,58,229,784,1249]
[0,58,229,677,883,1109,1154,1249]
[0,677,1249]
[0,229,773,1249]
[0,229,784,1249]
[0,229,764,1249]
[0,58,229,764,1249]
[0,58,229,773,1249]
[0,229,677,883,1109,1249]
[0,229,677,773,883,1249]
[0,229,677,773,883,1112,1249]
[0,58,229,677,773,883,1109,1249]
[0,773,1249]
[0,784,1249]
[0,58,229,279,677,773,883,1058,1109,1154,1249]
[0,764,1249]
[0,58,229,677,883,1109,1249]
