[0,66,176,326,440,486,702,774,1017,1180]
[0,521,1180]
[0,754,1180]
[0,176,326,1017,1180]
[0,176,486,702,1017,1180]
[0,176,326,440,521,1017,1180]
[0,264,486,1017,1180]
[0,66,176,521,754,1017,1180]
[0,521,702,1180]
[0,176,440,521,702,774,1017,1180]
[0,176,521,702,774,1017,1180]
[0,441,1180]
[0,176,521,702,1180]
[0,176,326,486,1017,1180]
[0,66,176,521,1017,1180]
[0,66,176,326,486,702,774,1017,1180]
[0,521,754,1180]
[0,176,441,754,1029,1180]
[0,66,176,521,754,1180]
[0,176,440,1017,1180]
[0,176,326,440,486,702,774,1017,1180]
[0,66,176,521,754,1029,1180]
[0,264,441,754,1029,1180]
[0,176,326,440,486,702,1017,1180]
[0,264,486,1180]
[0,176,441,754,1180]
[0,66,176,326,440,521,702,774,1017,1180]
[0,176,774,1017,1180]
[0,176,1180]
[0,176,440,521,754,1017,1180]
[0,66,176,326,486,1017,1180]
[0,176,486,1180]
[0,176,440,1180]
[0,176,521,754,1180]
[0,66,176,521,702,774,1017,1180]
[0,176,326,774,1017,1180]
[0,176,486,702,1180]
[0,176,326,521,702,1017,1180]
[0,176,521,754,1029,1180]
[0,176,326,440,521,702,774,1017,1180]
[0,66,176,440,521,754,1017,1180]
[0,440,1180]
[0,176,440,486,1017,1180]
[0,176,326,521,1017,1180]
[0,176,326,440,486,1017,1180]
[0,176,774,1180]
[0,66,176,440,521,702,774,1017,1180]
[0,441,754,1180]
[0,264,441,754,1180]
[0,66,176,326,1017,1180]
[0,486,702,1180]
[0,774,1180]
[0,176,325,441,754,1029,1180]
[0,176,440,521,754,1029,1180]
[0,176,521,1017,1180]
[0,176,441,1180]
[0,176,521,754,1017,1180]
[0,66,176,440,521,754,1029,1180]
[0,1017,1180]
[0,176,326,1180]
[0,176,326,486,702,774,1017,1180]
[0,176,440,521,702,1017,1180]
[0,176,1017,1180]
[0,264,1180]
[0,702,1180]
[0,176,521,702,1017,1180]
[0,486,1180]
[0,176,326,486,702,1017,1180]
[0,176,486,1017,1180]
[0,176,521,1180]
[0,66,176,326,440,486,1017,1180]
[0,486,1017,1180]
[0,176,326,702,774,1017,1180]
[0,176,326,440,521,702,1017,1180]
