[0,908,1218,1642]
[0,68,564,908,1218,1642]
[0,68,564,868,1047,1218,1642]
[0,564,1642]
[0,868,1218,1642]
[0,68,564,908,1047,1218,1368,1642]
[0,428,564,868,1218,1642]
[0,640,868,1211,1642]
[0,68,428,564,868,1047,1218,1642]
[0,868,1211,1642]
[0,690,1218,1642]
[0,564,690,908,1047,1218,1368,1642]
[0,257,564,1218,1642]
[0,68,428,564,908,1047,1218,1642]
[0,564,868,1047,1218,1642]
[0,640,868,1047,1218,1642]
[0,68,428,564,868,1218,1642]
[0,564,908,1047,1218,1368,1642]
[0,68,640,868,1047,1218,1368,1642]
[0,68,640,868,1218,1642]
[0,428,564,868,1047,1218,1642]
[0,564,1047,1642]
[0,428,564,908,1047,1218,1642]
[0,564,908,1642]
[0,428,564,690,908,1047,1218,1368,1642]
[0,564,908,1047,1218,1642]
[0,428,564,908,1047,1218,1368,1642]
[0,640,908,1218,1642]
[0,564,868,1218,1642]
[0,68,640,868,1211,1642]
[0,1047,1642]
[0,564,908,1218,1642]
[0,68,564,908,1047,1218,1642]
[0,68,428,564,690,908,1047,1218,1368,1642]
[0,564,1218,1642]
[0,908,1642]
[0,428,564,908,1218,1642]
[0,68,428,564,908,1047,1218,1368,1642]
[0,257,690,1218,1642]
[0,68,564,690,908,1047,1218,1368,1642]
[0,690,1642]
[0,868,1642]
[0,640,868,1047,1218,1368,1642]
[0,68,640,868,1047,1218,1642]
[0,640,868,1218,1642]
[0,68,428,564,908,1218,1642]
[0,564,908,1218,1368,1642]
[0,68,564,868,1218,1642]
