[0,144,299,406,696,748,898,969]
[0,144,352,969]
[0,44,144,299,406,898,969]
[0,295,748,969]
[0,44,144,295,406,748,898,969]
[0,144,295,406,969]
[0,144,299,406,969]
[0,144,352,898,969]
[0,144,299,406,748,969]
[0,295,969]
[0,144,295,406,696,748,898,969]
[0,144,406,748,969]
[0,144,406,969]
[0,144,299,406,748,898,969]
[0,144,295,748,969]
[0,406,748,969]
[0,44,144,295,406,898,969]
[0,144,295,406,898,969]
[0,44,144,295,406,696,748,898,969]
[0,144,295,406,748,898,969]
[0,44,144,299,406,748,898,969]
[0,44,144,299,406,696,748,898,969]
[0,144,295,406,748,969]
[0,406,969]
[0,144,299,406,898,969]
[0,144,295,969]
[0,144,969]
[0,352,969]
[0,278,969]
