[0,474,809,1086,2017]
[0,144,226,474,711,1086,1441,1733,2017]
[0,499,809,1086,1316,1760,2017]
[0,144,2017]
[0,474,1086,1733,2017]
[0,144,499,809,1086,1349,1733,2017]
[0,499,813,2017]
[0,474,711,1086,1280,1733,2017]
[0,809,1086,1280,1733,2017]
[0,474,809,2017]
[0,144,474,1733,2017]
[0,151,570,1733,2017]
[0,499,813,1086,2017]
[0,474,1086,2017]
[0,474,1086,1441,1733,2017]
[0,809,1086,1280,2017]
[0,144,474,711,1086,1733,2017]
[0,570,1733,2017]
[0,151,1733,2017]
[0,499,813,1086,1280,1733,2017]
[0,570,2017]
[0,144,226,474,711,1086,1733,2017]
[0,499,809,1086,1760,2017]
[0,499,809,1086,1280,2017]
[0,878,2017]
[0,499,809,1086,1349,1733,2017]
[0,499,2017]
[0,151,499,809,1086,1316,1626,1760,2017]
[0,474,1086,1441,2017]
[0,144,499,809,1086,1733,2017]
[0,144,809,1086,1280,2017]
[0,499,809,1086,1733,2017]
[0,499,813,1086,1733,2017]
[0,1441,2017]
[0,813,1086,2017]
[0,1280,2017]
[0,144,809,1086,1733,2017]
[0,809,1760,2017]
[0,474,711,1086,1733,2017]
[0,144,499,813,1086,1280,1733,2017]
[0,151,809,1086,1760,2017]
[0,499,1760,2017]
[0,809,1086,2017]
[0,474,1086,1280,2017]
[0,499,809,2017]
[0,499,1280,2017]
[0,151,499,809,1086,1733,2017]
[0,499,1086,2017]
[0,474,1086,1280,1733,2017]
[0,1086,2017]
[0,499,1086,1316,1760,2017]
[0,151,1760,2017]
[0,151,809,1086,1316,1760,2017]
[0,474,2017]
[0,529,2017]
[0,813,2017]
[0,144,474,1086,1733,2017]
[0,144,474,1086,1280,1733,2017]
[0,809,1086,1760,2017]
[0,144,499,809,1086,1280,1733,2017]
[0,151,809,1086,1733,2017]
[0,499,1733,2017]
[0,499,1086,1760,2017]
[0,144,809,1733,2017]
[0,474,1280,2017]
[0,144,474,809,1086,1280,1733,2017]
[0,144,474,711,1086,1441,1733,2017]
[0,499,1086,1280,2017]
[0,144,809,1086,1280,1733,2017]
[0,809,1086,1316,1760,2017]
[0,144,1733,2017]
[0,144,226,474,711,1086,1280,1733,2017]
[0,474,1733,2017]
[0,570,1086,2017]
[0,474,809,1086,1280,2017]
[0,144,474,711,1086,1280,1733,2017]
[0,809,1086,1733,2017]
[0,499,1086,1733,2017]
[0,151,499,809,1086,1349,1733,2017]
[0,499,809,1086,2017]
[0,474,809,1086,1280,1733,2017]
[0,290,2017]
[0,529,1733,2017]
[0,151,529,1733,2017]
[0,151,809,1760,2017]
[0,474,809,1086,1733,2017]
[0,499,813,1086,1280,2017]
[0,1650,2017]
[0,290,1650,2017]
[0,1760,2017]
[0,144,474,809,1086,1280,2017]
[0,499,809,1086,1280,1733,2017]
[0,809,2017]
[0,151,499,809,1086,1316,1760,2017]
[0,878,1650,2017]
[0,144,474,1086,1280,2017]
[0,570,1086,1733,2017]
[0,813,1086,1280,2017]
[0,474,711,1086,1441,1733,2017]
[0,151,570,1086,1733,2017]
[0,809,1733,2017]
[0,151,2017]
[0,151,809,1733,2017]
[0,144,813,1086,1280,2017]
[0,290,878,1650,2017]
[0,144,499,688,813,1086,1280,1733,2017]
[0,474,1441,2017]
[0,1733,2017]
[0,144,499,813,1086,1280,2017]
