[0,152,251,418,492,630,707,765,1046]
[0,152,251,432,492,630,707,1046]
[0,152,251,492,707,765,1046]
[0,765,1046]
[0,152,251,492,630,707,1046]
[0,492,1046]
[0,492,707,1046]
[0,152,492,765,1046]
[0,152,447,492,630,707,765,1046]
[0,152,251,492,765,1046]
[0,152,492,630,707,1046]
[0,152,447,492,707,765,1046]
[0,152,492,1046]
[0,707,1046]
[0,152,492,707,765,1046]
[0,152,1046]
[0,152,492,707,1046]
[0,152,447,492,707,1046]
[0,152,251,432,492,630,707,765,1046]
[0,152,251,492,707,1046]
[0,152,251,447,492,630,707,765,1046]
[0,152,492,630,707,765,1046]
[0,152,447,492,630,707,1046]
[0,152,251,418,492,630,707,1046]
[0,152,251,492,630,707,765,1046]
[0,152,432,492,630,707,1046]
[0,492,765,1046]
[0,152,432,492,630,707,765,1046]
[0,152,251,447,492,707,765,1046]
