[0,327,1114,1642]
[0,327,638,1431,1642]
[0,585,1642]
[0,327,1205,1642]
[0,1114,1642]
[0,327,638,1114,1642]
[0,585,936,1642]
[0,65,585,936,1431,1642]
[0,77,585,936,1114,1642]
[0,65,585,936,1114,1642]
[0,337,1642]
[0,327,650,1205,1642]
[0,65,585,873,1114,1642]
[0,585,936,1119,1642]
[0,585,873,1642]
[0,77,585,837,936,1114,1642]
[0,585,837,936,1114,1642]
[0,327,638,1642]
[0,337,1431,1642]
[0,585,1431,1642]
[0,327,1642]
[0,77,585,1642]
[0,1205,1642]
[0,327,638,1114,1431,1642]
[0,381,1119,1642]
[0,1119,1642]
[0,77,585,936,1119,1642]
[0,638,1642]
[0,585,936,1431,1642]
[0,585,936,1114,1642]
[0,77,585,1431,1642]
[0,585,873,1114,1642]
[0,638,1431,1642]
