[0,277,710,1303,1660,2017]
[0,337,710,1055,1877,2017]
[0,328,479,716,1055,1337,1478,1660,2017]
[0,345,710,1055,1339,1907,2017]
[0,337,710,1055,2017]
[0,710,1067,1303,2017]
[0,479,710,1055,1478,2017]
[0,345,710,1055,1339,2017]
[0,151,345,710,1055,1339,2017]
[0,277,710,1067,2017]
[0,151,345,710,1055,1339,1907,2017]
[0,337,716,2017]
[0,337,2017]
[0,345,710,2017]
[0,479,716,1055,1478,2017]
[0,277,710,1067,1303,1907,2017]
[0,710,1303,2017]
[0,479,1303,1660,2017]
[0,1303,2017]
[0,479,710,1055,1337,1478,1660,2017]
[0,479,710,782,1055,1337,1478,1660,2017]
[0,345,2017]
[0,479,710,1067,1303,1660,2017]
[0,205,346,710,1055,1877,2017]
[0,479,1478,2017]
[0,479,1055,1478,2017]
[0,151,337,716,1055,1339,2017]
[0,479,710,1067,1303,1660,1907,2017]
[0,337,759,2017]
[0,277,710,2017]
[0,205,346,710,1055,2017]
[0,479,2017]
[0,337,716,1055,1339,2017]
[0,151,337,716,1055,1339,1907,2017]
[0,479,710,782,1055,1478,1660,2017]
[0,710,2017]
[0,277,710,1303,2017]
[0,479,716,1055,1337,1478,1660,2017]
[0,710,1303,1660,2017]
[0,479,710,1067,1303,2017]
[0,479,1303,2017]
[0,710,1055,2017]
[0,337,710,2017]
[0,205,346,710,2017]
[0,479,1067,1303,2017]
[0,346,710,1055,2017]
[0,346,710,1055,1877,2017]
[0,608,2017]
[0,346,2017]
[0,479,1067,1303,1660,2017]
[0,337,716,1877,2017]
[0,151,337,479,716,1055,1339,1907,2017]
[0,328,479,710,782,1055,1337,1478,1660,1952,2017]
[0,346,710,2017]
[0,328,479,716,1055,1478,1660,2017]
[0,479,710,1067,1303,1907,2017]
[0,759,2017]
[0,479,710,782,1067,1303,1478,1660,1907,2017]
[0,328,479,710,1055,1478,1660,2017]
[0,328,479,710,1055,1337,1478,1660,2017]
[0,337,710,1877,2017]
[0,345,710,1055,2017]
[0,479,710,1055,1478,1660,2017]
[0,710,1067,2017]
[0,479,710,1067,1303,1478,1660,2017]
[0,328,479,710,782,1055,1337,1478,1660,2017]
[0,716,1055,2017]
[0,337,716,1055,2017]
[0,277,710,1067,1303,2017]
[0,346,710,1877,2017]
[0,479,716,1055,1478,1660,2017]
[0,1478,2017]
[0,151,337,479,716,1055,1339,2017]
[0,479,710,1067,1303,1478,1660,1907,2017]
[0,716,2017]
