[0,92,485,711,976,1046]
[0,92,485,711,787,887,976,1046]
[0,92,485,711,1046]
[0,92,485,766,1046]
[0,92,485,787,842,976,1046]
[0,485,766,887,1046]
[0,85,485,711,842,976,1046]
[0,85,485,711,1046]
[0,85,485,711,887,976,1046]
[0,85,1046]
[0,485,787,1046]
[0,92,485,711,787,842,887,976,1046]
[0,485,711,887,1046]
[0,85,485,711,787,887,976,1046]
[0,92,485,711,787,887,1046]
[0,92,485,711,887,1046]
[0,85,485,711,842,1046]
[0,92,485,711,842,976,1046]
[0,92,485,766,976,1046]
[0,485,1046]
[0,92,485,1046]
[0,485,976,1046]
[0,85,485,787,1046]
[0,92,485,766,887,976,1046]
[0,85,485,711,976,1046]
[0,92,485,787,1046]
[0,480,1046]
[0,85,485,711,787,842,887,976,1046]
[0,92,485,787,842,1046]
[0,85,485,976,1046]
[0,92,485,711,787,842,930,976,1046]
[0,85,485,711,787,887,1046]
[0,85,485,787,842,1046]
[0,85,485,1046]
[0,485,711,1046]
[0,85,485,787,976,1046]
[0,92,485,711,887,976,1046]
[0,92,485,711,787,842,976,1046]
[0,92,485,766,887,1046]
[0,85,485,711,787,842,930,976,1046]
[0,92,485,787,976,1046]
[0,85,485,711,787,842,976,1046]
[0,485,711,842,1046]
[0,92,485,711,842,1046]
[0,485,766,1046]
[0,85,485,787,842,976,1046]
[0,92,1046]
[0,85,485,711,887,1046]
