[0,349,461,537,642,734,1327]
[0,76,349,537,734,1267,1327]
[0,76,349,499,642,817,1327]
[0,76,349,461,537,642,734,1267,1327]
[0,734,1327]
[0,349,537,817,1327]
[0,76,349,499,642,817,1267,1327]
[0,349,734,1327]
[0,271,537,642,817,1267,1327]
[0,349,499,817,1267,1327]
[0,349,499,817,1327]
[0,445,1327]
[0,76,349,461,537,642,734,817,1327]
[0,76,349,461,537,642,734,817,983,1267,1327]
[0,271,499,817,1267,1327]
[0,349,537,642,1267,1327]
[0,349,461,537,642,734,817,1327]
[0,76,817,1327]
[0,271,537,809,1327]
[0,445,1234,1327]
[0,76,349,537,734,1327]
[0,349,537,642,817,1267,1327]
[0,349,537,642,1327]
[0,76,349,461,537,642,734,817,1267,1327]
[0,349,537,642,734,1327]
[0,76,349,461,537,642,734,817,983,1327]
[0,76,271,537,809,1267,1327]
[0,76,817,1267,1327]
[0,271,499,642,817,1267,1327]
[0,642,1327]
[0,76,349,537,642,734,1267,1327]
[0,809,1327]
[0,76,271,537,809,1327]
[0,76,271,537,642,817,1327]
[0,349,499,734,1267,1327]
[0,349,642,1327]
[0,271,499,817,1327]
[0,76,271,817,1327]
[0,271,817,1267,1327]
[0,537,642,1327]
[0,271,642,1267,1327]
[0,349,537,734,1267,1327]
[0,76,349,537,642,817,1267,1327]
[0,349,537,734,983,1327]
[0,349,734,983,1327]
[0,271,537,642,817,1327]
[0,349,499,734,1327]
[0,271,537,809,1267,1327]
[0,349,461,537,642,734,817,983,1327]
[0,349,537,642,734,817,983,1327]
[0,271,1267,1327]
[0,76,271,499,642,817,1267,1327]
[0,349,537,642,734,983,1327]
[0,817,1327]
[0,271,642,1327]
[0,271,537,642,1327]
[0,271,1327]
[0,271,809,1327]
[0,76,349,499,734,1267,1327]
[0,349,817,1327]
[0,76,271,817,1267,1327]
[0,76,349,499,734,1327]
[0,76,349,537,642,734,1327]
[0,76,271,537,642,817,1267,1327]
[0,271,537,642,1267,1327]
[0,76,349,499,817,1267,1327]
[0,76,271,499,642,817,1327]
[0,76,349,461,537,642,734,1327]
[0,349,499,642,817,1327]
[0,349,537,642,734,817,1327]
[0,271,817,1327]
[0,271,537,817,1327]
[0,1234,1327]
[0,76,349,499,817,1327]
[0,271,499,642,817,1327]
[0,349,537,734,1327]
[0,349,537,642,817,1327]
[0,76,349,537,642,817,1327]
[0,349,1327]
