[0,319,759,1474,2017]
[0,319,759,2017]
[0,365,1474,1826,2017]
[0,319,539,1050,1227,1460,1826,2017]
[0,285,1227,2017]
[0,319,1227,1474,1826,2017]
[0,285,1460,2017]
[0,319,539,1050,1460,2017]
[0,966,1357,1460,1826,2017]
[0,285,966,1460,2017]
[0,319,1474,1826,2017]
[0,285,766,1227,1460,1826,2017]
[0,162,285,675,966,1227,1460,1826,2017]
[0,162,285,675,966,1460,1826,2017]
[0,285,1227,1826,2017]
[0,319,1050,1474,2017]
[0,1460,1826,2017]
[0,966,1460,1826,2017]
[0,1050,2017]
[0,966,1227,1357,1460,1826,2017]
[0,319,759,1474,1826,2017]
[0,162,285,966,1227,1460,1826,2017]
[0,162,285,675,966,1227,1357,1460,1826,2017]
[0,766,2017]
[0,162,285,766,1227,1460,1826,2017]
[0,162,285,1227,1460,1826,2017]
[0,162,285,766,1227,1357,1460,1826,2017]
[0,319,1227,1357,1474,1826,2017]
[0,1246,2017]
[0,285,1227,1460,1826,2017]
[0,365,1460,1826,2017]
[0,966,1227,1460,2017]
[0,285,966,1460,1826,2017]
[0,162,285,1227,1357,1460,1826,2017]
[0,285,1227,1460,2017]
[0,539,2017]
[0,319,539,1050,1227,1357,1474,1826,2017]
[0,285,1246,2017]
[0,319,539,1050,1460,1826,2017]
[0,162,285,1460,1826,2017]
[0,766,1460,2017]
[0,552,2017]
[0,675,2017]
[0,1474,2017]
[0,319,1050,1227,1474,1826,2017]
[0,162,285,675,766,966,1227,1357,1460,1826,2017]
[0,1050,1460,2017]
[0,1357,1460,1826,2017]
[0,319,759,1050,1474,2017]
[0,759,1474,2017]
[0,319,539,759,1474,1826,2017]
[0,365,636,1050,1474,1826,2017]
[0,365,1826,2017]
[0,1826,2017]
[0,966,1227,1460,1826,2017]
[0,365,636,1050,1227,1474,1826,2017]
[0,285,966,1227,1460,2017]
[0,285,2017]
[0,675,966,1460,2017]
[0,365,636,1050,1474,2017]
[0,285,966,1227,1460,1826,2017]
[0,319,1460,1826,2017]
[0,319,1050,1474,1826,2017]
[0,285,1357,1460,1826,2017]
[0,539,1576,2017]
[0,675,1460,2017]
[0,365,1050,1474,1826,2017]
[0,285,631,1460,1826,2017]
[0,162,285,539,966,1460,1826,2017]
[0,285,766,1227,1357,1460,1826,2017]
[0,319,539,2017]
[0,285,1819,2017]
[0,631,1460,2017]
[0,365,1460,2017]
[0,285,766,1460,1826,2017]
[0,319,1050,1460,1826,2017]
[0,285,675,966,1227,1460,1826,2017]
[0,966,1460,2017]
[0,319,1357,1474,1826,2017]
[0,319,1227,1474,2017]
[0,285,766,1460,2017]
[0,1050,1474,2017]
[0,319,1474,2017]
[0,319,2017]
[0,285,1460,1826,2017]
[0,285,766,1227,1460,2017]
[0,319,539,759,2017]
[0,162,285,966,1227,1357,1460,1826,2017]
[0,319,1826,2017]
[0,285,675,966,1227,1460,2017]
[0,285,675,966,1460,2017]
[0,365,2017]
[0,759,2017]
[0,319,539,759,1474,2017]
[0,319,1050,1227,1357,1474,1826,2017]
[0,631,1246,2017]
[0,285,631,1460,2017]
[0,319,1050,1460,2017]
[0,319,539,759,1050,1227,1474,1826,2017]
[0,285,1246,1819,2017]
[0,285,1227,1357,1460,1826,2017]
[0,285,675,966,1460,1826,2017]
[0,285,675,766,1227,1357,1460,1826,2017]
[0,966,2017]
[0,319,539,759,1050,1227,1357,1474,1826,2017]
[0,162,285,675,766,1227,1357,1460,1826,2017]
[0,162,285,966,1460,1826,2017]
[0,285,539,966,1460,2017]
[0,319,539,1050,1474,2017]
[0,365,1050,1474,2017]
[0,285,966,1227,1357,1460,1826,2017]
[0,319,1460,2017]
[0,285,539,966,1460,1826,2017]
[0,631,2017]
[0,285,631,1246,2017]
[0,285,631,1246,1819,2017]
[0,319,539,1050,1474,1826,2017]
[0,319,539,759,1050,1474,1826,2017]
[0,319,539,759,1050,1474,2017]
[0,365,1474,2017]
[0,675,1227,2017]
[0,285,1826,2017]
[0,162,285,766,1460,1826,2017]
[0,1819,2017]
[0,319,539,1050,1227,1474,1826,2017]
[0,1227,2017]
[0,1460,2017]
