[0,474,625,997]
[0,72,228,415,474,580,705,997]
[0,72,997]
[0,72,474,580,705,936,997]
[0,72,415,474,997]
[0,228,305,474,625,705,997]
[0,72,228,415,474,936,997]
[0,72,228,305,474,625,705,997]
[0,305,474,625,997]
[0,72,474,580,997]
[0,72,228,474,580,705,936,997]
[0,228,474,705,997]
[0,305,474,997]
[0,72,415,474,566,625,705,997]
[0,72,228,474,580,997]
[0,72,474,625,705,997]
[0,72,474,625,936,997]
[0,72,228,474,997]
[0,474,580,705,997]
[0,580,997]
[0,72,228,474,566,625,705,997]
[0,228,474,580,705,997]
[0,474,997]
[0,72,228,415,474,580,705,943,997]
[0,705,997]
[0,474,580,997]
[0,474,625,705,997]
[0,72,474,943,997]
[0,72,228,415,474,625,705,997]
[0,72,474,705,997]
[0,72,305,474,566,625,705,997]
[0,72,228,305,474,566,625,705,997]
[0,72,415,474,580,705,997]
[0,72,228,474,943,997]
[0,228,474,997]
[0,72,228,474,705,943,997]
[0,72,305,474,625,705,997]
[0,228,474,625,997]
[0,72,228,474,705,997]
[0,305,474,625,705,997]
[0,72,415,474,936,997]
[0,72,228,415,474,580,705,936,997]
[0,72,474,936,997]
[0,72,580,997]
[0,474,705,997]
[0,72,228,474,936,997]
[0,72,228,474,580,705,997]
[0,228,474,625,705,997]
[0,72,228,474,625,705,997]
[0,72,474,566,625,705,997]
[0,72,474,997]
[0,72,415,474,705,997]
[0,72,705,997]
[0,72,474,625,997]
[0,72,474,580,705,997]
[0,72,474,580,936,997]
[0,72,415,474,625,705,997]
[0,72,228,415,474,566,625,705,997]
[0,72,228,305,415,474,566,625,705,997]
[0,72,228,474,580,936,997]
[0,72,228,415,474,566,625,705,943,997]
[0,72,228,305,415,474,566,625,705,943,997]
[0,72,228,415,474,580,936,997]
[0,228,474,580,997]
