[0,134,451,602,958,1046]
[0,537,616,919,1046]
[0,134,247,537,788,919,1046]
[0,451,958,1046]
[0,134,247,451,616,829,1046]
[0,919,1046]
[0,247,829,1046]
[0,134,247,537,616,788,919,1046]
[0,958,1046]
[0,247,537,616,919,1046]
[0,509,919,1046]
[0,134,451,602,1046]
[0,134,247,616,829,958,1046]
[0,134,247,788,919,1046]
[0,537,788,919,1046]
[0,451,616,958,1046]
[0,134,247,616,829,1046]
[0,134,247,451,1046]
[0,509,1046]
[0,134,247,829,958,1046]
[0,564,1046]
[0,247,1046]
[0,247,616,829,1046]
[0,451,602,829,958,1046]
[0,134,247,451,602,829,1046]
[0,134,451,616,829,1046]
[0,247,537,788,1046]
[0,134,247,829,1046]
[0,537,958,1046]
[0,537,1046]
[0,451,616,829,1046]
[0,134,451,602,829,1046]
[0,247,788,919,1046]
[0,134,247,451,602,958,1046]
[0,247,788,1046]
[0,537,788,1046]
[0,451,602,958,1046]
[0,247,537,1046]
[0,247,616,1046]
[0,134,451,1046]
[0,134,247,451,602,829,958,1046]
[0,134,451,616,1046]
[0,134,247,537,616,919,1046]
[0,247,537,788,919,1046]
[0,134,247,537,958,1046]
[0,134,247,451,602,1046]
[0,564,958,1046]
[0,134,247,958,1046]
[0,247,564,958,1046]
[0,134,247,537,616,788,829,919,1046]
[0,134,247,451,537,616,829,958,1046]
[0,537,919,1046]
[0,134,247,537,616,958,1046]
[0,247,537,958,1046]
[0,247,919,1046]
[0,134,247,537,1046]
[0,451,616,1046]
[0,247,537,616,958,1046]
[0,537,616,958,1046]
[0,134,247,451,616,958,1046]
[0,134,247,537,616,829,958,1046]
[0,788,1046]
[0,134,247,616,919,1046]
[0,247,616,919,1046]
[0,451,602,829,1046]
[0,247,958,1046]
[0,134,247,451,616,829,958,1046]
[0,451,829,1046]
[0,451,1046]
[0,134,247,1046]
[0,134,247,919,1046]
[0,616,1046]
[0,134,247,451,616,1046]
[0,247,564,1046]
[0,788,919,1046]
[0,451,602,1046]
[0,134,451,616,958,1046]
[0,829,1046]
