[0,192,443,566,725,851,1046]
[0,566,769,1046]
[0,192,315,443,566,667,769,851,981,1046]
[0,443,566,1046]
[0,192,315,443,566,725,769,851,981,1046]
[0,192,443,566,769,1046]
[0,192,315,443,566,725,851,981,1046]
[0,192,315,443,566,769,851,1046]
[0,443,566,851,981,1046]
[0,192,315,443,566,981,1046]
[0,192,443,566,769,851,981,1046]
[0,192,443,566,769,851,1046]
[0,192,566,1046]
[0,192,315,443,566,851,1046]
[0,443,1046]
[0,283,566,769,851,1046]
[0,192,566,851,1046]
[0,192,315,443,566,1046]
[0,443,566,769,851,1046]
[0,192,315,443,566,725,1046]
[0,443,566,981,1046]
[0,566,1046]
[0,192,315,443,566,769,851,981,1046]
[0,443,566,851,1046]
[0,192,566,725,1046]
[0,192,566,725,851,1046]
[0,443,851,1046]
[0,192,443,566,1046]
[0,192,315,443,566,667,851,1046]
[0,192,315,443,566,851,981,1046]
[0,192,315,443,566,769,1046]
[0,192,566,769,1046]
[0,192,315,443,566,667,725,769,851,981,1046]
[0,443,566,769,1046]
[0,443,769,1046]
[0,283,566,769,1046]
[0,192,566,769,851,1046]
[0,192,443,566,851,1046]
[0,192,315,443,566,725,851,1046]
[0,192,315,443,566,667,769,851,1046]
[0,566,851,1046]
[0,283,566,1046]
[0,192,315,443,566,667,1046]
[0,192,443,566,725,1046]
[0,443,566,769,851,981,1046]
[0,851,1046]
[0,192,443,566,851,981,1046]
