[0,409,704,1005,1597,1911]
[0,704,1597,1911]
[0,167,409,704,1005,1597,1911]
[0,704,1005,1597,1911]
[0,167,409,704,1597,1768,1911]
[0,129,409,704,1597,1663,1768,1911]
[0,704,1597,1663,1768,1911]
[0,414,1911]
[0,920,1911]
[0,409,704,1005,1597,1768,1911]
[0,409,704,1597,1663,1911]
[0,704,1911]
[0,704,1597,1663,1911]
[0,920,1597,1911]
[0,167,409,704,1597,1663,1768,1911]
[0,167,409,704,1005,1597,1768,1911]
[0,366,920,1597,1911]
[0,409,704,1597,1911]
[0,167,409,704,1005,1597,1663,1768,1911]
[0,129,409,704,1005,1597,1911]
[0,1597,1911]
[0,414,1597,1911]
[0,409,704,1597,1768,1911]
[0,704,1597,1768,1911]
[0,167,409,704,1597,1911]
[0,129,409,704,1005,1597,1768,1911]
[0,129,409,704,1597,1663,1911]
[0,366,1911]
[0,129,409,704,1005,1597,1663,1768,1911]
[0,409,704,1597,1663,1768,1911]
[0,129,409,704,1597,1768,1911]
[0,366,920,1911]
[0,129,409,704,1597,1911]
