[0,454,1292,2017]
[0,454,2017]
[0,144,454,619,974,1449,1608,2017]
[0,454,619,974,1292,1449,1608,2017]
[0,144,454,619,974,1449,2017]
[0,144,619,974,1608,2017]
[0,974,1292,1449,2017]
[0,1449,2017]
[0,454,619,974,1449,2017]
[0,619,1449,2017]
[0,144,1449,2017]
[0,454,619,1608,2017]
[0,619,2017]
[0,1292,2017]
[0,974,1608,2017]
[0,454,619,1449,2017]
[0,144,454,619,974,1292,1449,1608,2017]
[0,144,619,974,1449,2017]
[0,144,974,1292,1449,2017]
[0,454,1608,2017]
[0,454,619,974,1292,1449,2017]
[0,619,974,1608,2017]
[0,454,619,974,1449,1608,2017]
[0,144,974,1608,2017]
[0,974,1449,2017]
[0,144,619,1449,2017]
[0,1207,1449,2017]
[0,454,1449,2017]
[0,454,619,974,1094,1271,1608,2017]
[0,47,454,619,974,1608,2017]
[0,619,974,1449,2017]
[0,188,974,1271,1449,2017]
[0,188,974,1449,2017]
[0,619,974,1271,1608,2017]
[0,144,974,1449,2017]
[0,144,454,619,974,1608,2017]
[0,454,619,974,1271,1608,2017]
[0,1608,2017]
[0,454,619,974,1608,2017]
[0,454,974,1449,2017]
[0,47,454,619,974,1271,1608,2017]
[0,188,1207,1449,2017]
[0,144,1608,2017]
[0,974,2017]
[0,144,454,619,974,1292,1449,2017]
[0,47,454,619,974,1094,1271,1608,2017]
[0,1207,2017]
