[0,717,1565,3088,4285]
[0,1565,3088,4285]
[0,1565,4285]
[0,307,1345,3095,3826,4285]
[0,307,872,1927,3095,3791,4285]
[0,307,1345,3095,3791,4061,4285]
[0,688,1440,3095,3826,4285]
[0,1102,4285]
[0,307,1345,3095,3791,4285]
[0,1102,3095,3791,4285]
[0,2657,3806,4285]
[0,1102,3095,3826,4285]
[0,872,1927,3095,3791,4285]
[0,1927,3095,4285]
[0,1345,3095,4285]
[0,872,1927,3095,4285]
[0,307,3095,4285]
[0,1345,3095,3826,4285]
[0,307,1927,3095,4285]
[0,1345,3095,3791,4285]
[0,872,3095,4285]
[0,1102,3095,3791,4061,4285]
[0,717,3088,4285]
[0,3095,3791,4285]
[0,3597,4285]
[0,884,2657,3806,4285]
[0,1102,3095,4285]
[0,1440,4285]
[0,884,2657,4285]
[0,717,1565,3088,3826,4285]
[0,1440,3095,4285]
[0,1927,3095,3791,4285]
[0,872,3095,3791,4285]
[0,2657,4285]
[0,3095,4285]
[0,1345,3095,3791,4061,4285]
[0,3088,4285]
[0,1102,3597,4285]
[0,307,1927,3095,3791,4285]
[0,1345,4285]
[0,688,1440,3095,4285]
[0,307,3095,3791,4285]
