[0,186,1046]
[0,139,478,711,880,1046]
[0,139,478,711,1046]
[0,125,250,380,486,711,832,988,1046]
[0,125,380,486,711,1046]
[0,380,832,1046]
[0,186,380,486,711,832,1046]
[0,139,380,486,711,832,988,1046]
[0,125,380,486,1046]
[0,186,486,1046]
[0,125,486,1046]
[0,125,486,711,1046]
[0,139,478,711,832,988,1046]
[0,139,478,1046]
[0,139,486,711,832,1046]
[0,139,486,711,1046]
[0,380,486,1046]
[0,125,486,711,832,988,1046]
[0,250,486,711,1046]
[0,478,711,880,1046]
[0,186,380,486,711,1046]
[0,478,1046]
[0,139,1046]
[0,125,250,486,711,1046]
[0,125,250,380,486,711,832,1046]
[0,125,380,486,711,832,1046]
[0,186,380,486,711,832,988,1046]
[0,125,250,486,711,832,1046]
[0,186,486,711,832,1046]
[0,186,486,711,1046]
[0,139,486,1046]
[0,478,711,1046]
[0,139,380,486,1046]
[0,125,380,486,711,832,988,1046]
[0,832,1046]
[0,139,380,486,711,1046]
[0,139,380,486,711,832,1046]
[0,125,486,711,832,1046]
[0,486,1046]
[0,139,478,711,832,1046]
[0,125,1046]
[0,486,711,1046]
[0,250,486,711,832,1046]
[0,380,1046]
[0,250,486,1046]
[0,186,380,486,1046]
