[0,391,620,1193,1313,1427]
[0,391,620,1427]
[0,620,700,1193,1313,1427]
[0,620,1427]
[0,620,1220,1427]
[0,620,1048,1134,1220,1313,1427]
[0,642,1427]
[0,391,1427]
[0,620,1193,1427]
[0,642,1048,1193,1427]
[0,391,620,1220,1313,1427]
[0,391,620,700,1048,1134,1220,1313,1427]
[0,620,700,1220,1427]
[0,391,620,700,1193,1313,1427]
[0,620,700,1048,1134,1220,1313,1427]
[0,1048,1193,1427]
[0,391,620,1134,1220,1313,1427]
[0,642,1193,1427]
[0,620,700,1193,1239,1313,1427]
[0,1048,1134,1193,1427]
[0,620,1220,1313,1427]
[0,620,1134,1220,1313,1427]
[0,391,620,700,1048,1193,1313,1427]
[0,391,620,1220,1427]
[0,391,620,1048,1193,1427]
[0,1220,1427]
[0,620,1193,1313,1427]
[0,391,620,700,1048,1134,1193,1313,1427]
[0,1193,1427]
[0,391,620,1048,1134,1220,1313,1427]
[0,620,700,1193,1427]
[0,391,620,1193,1427]
[0,620,700,1134,1220,1313,1427]
[0,391,620,1048,1193,1313,1427]
[0,391,620,700,1048,1134,1193,1239,1313,1427]
[0,1220,1313,1427]
[0,391,620,700,1048,1193,1239,1313,1427]
[0,620,700,1220,1313,1427]
[0,642,1048,1134,1193,1427]
[0,391,620,700,1193,1239,1313,1427]
