[0,217,555,780,999,1046]
[0,125,217,855,1046]
[0,217,780,881,1046]
[0,342,690,855,1046]
[0,125,217,442,999,1046]
[0,125,217,607,788,1046]
[0,125,217,690,881,1046]
[0,342,607,788,1046]
[0,780,1046]
[0,788,999,1046]
[0,125,217,555,690,780,855,999,1046]
[0,217,442,555,780,1046]
[0,125,217,690,855,999,1046]
[0,217,442,555,690,881,1046]
[0,125,217,442,555,690,881,1046]
[0,217,999,1046]
[0,217,442,1046]
[0,125,217,342,442,555,690,881,1046]
[0,217,555,999,1046]
[0,125,342,555,690,881,1046]
[0,125,217,555,690,881,999,1046]
[0,125,217,788,999,1046]
[0,125,217,442,555,1046]
[0,217,855,1046]
[0,442,1046]
[0,780,855,999,1046]
[0,125,217,780,855,1046]
[0,690,855,999,1046]
[0,881,999,1046]
[0,217,690,855,1046]
[0,217,555,855,1046]
[0,125,217,442,555,690,780,855,1046]
[0,125,217,555,690,780,855,1046]
[0,125,217,342,442,555,615,690,780,855,999,1046]
[0,125,217,555,780,881,999,1046]
[0,125,217,342,442,555,615,690,780,855,1046]
[0,342,442,555,690,881,1046]
[0,855,1046]
[0,125,217,780,881,999,1046]
[0,217,555,1046]
[0,125,217,555,690,855,1046]
[0,125,342,607,788,1046]
[0,342,1046]
[0,125,217,410,555,690,780,855,999,1046]
[0,342,690,881,1046]
[0,217,410,690,1046]
[0,125,217,342,442,555,690,780,855,999,1046]
[0,780,855,1046]
[0,217,607,788,1046]
[0,217,410,690,855,1046]
[0,217,607,1046]
[0,555,1046]
[0,217,266,1046]
[0,125,217,1046]
[0,125,217,788,1046]
[0,125,217,999,1046]
[0,217,555,780,881,1046]
[0,442,555,690,855,1046]
[0,555,690,1046]
[0,125,217,442,1046]
[0,125,217,607,1046]
[0,217,266,555,999,1046]
[0,125,217,555,780,881,1046]
[0,217,780,881,999,1046]
[0,217,1046]
[0,125,217,780,881,1046]
[0,217,690,881,1046]
[0,125,342,607,788,999,1046]
[0,125,217,690,881,999,1046]
[0,342,442,555,690,855,1046]
[0,217,410,555,690,855,1046]
[0,125,217,342,442,555,615,690,881,999,1046]
[0,125,342,442,555,690,855,1046]
[0,342,555,690,855,1046]
[0,217,442,555,780,881,1046]
[0,217,442,555,1046]
[0,125,217,442,555,780,881,1046]
[0,342,607,788,999,1046]
[0,125,217,442,555,780,881,999,1046]
[0,125,217,780,855,999,1046]
[0,881,1046]
[0,125,217,555,690,881,1046]
[0,125,555,690,855,1046]
[0,217,555,690,855,1046]
[0,690,855,1046]
[0,780,881,999,1046]
[0,555,690,855,1046]
[0,342,607,1046]
[0,125,217,342,442,555,615,690,881,1046]
[0,125,217,410,555,690,780,855,1046]
[0,780,881,1046]
[0,555,690,881,1046]
[0,125,217,442,555,690,855,999,1046]
[0,125,217,555,690,855,999,1046]
[0,217,266,555,1046]
[0,217,690,855,999,1046]
[0,442,555,690,881,1046]
[0,342,690,1046]
[0,217,780,855,1046]
[0,217,690,1046]
[0,125,217,607,788,999,1046]
[0,125,217,690,855,1046]
[0,125,217,410,555,690,855,1046]
[0,607,788,999,1046]
[0,217,780,855,999,1046]
[0,690,1046]
[0,217,442,555,690,855,1046]
[0,125,217,442,555,690,855,1046]
[0,125,217,442,555,999,1046]
[0,217,788,1046]
[0,125,217,442,555,690,780,855,999,1046]
[0,125,217,442,555,690,881,999,1046]
[0,125,217,342,442,555,690,855,1046]
[0,125,342,555,690,855,1046]
[0,217,690,881,999,1046]
[0,125,342,442,555,690,881,1046]
[0,342,555,690,881,1046]
[0,788,1046]
[0,690,881,999,1046]
[0,125,217,342,442,555,690,881,999,1046]
[0,607,788,1046]
[0,125,217,342,442,555,690,780,855,1046]
[0,690,881,1046]
[0,217,555,690,881,1046]
[0,125,555,690,881,1046]
[0,555,780,1046]
[0,999,1046]
[0,217,266,999,1046]
[0,607,1046]
[0,217,555,780,1046]
[0,217,780,1046]
