[0,1439,1558,1802,1913,2189]
[0,236,1040,1913,2189]
[0,785,1040,1913,2189]
[0,1040,1558,1913,2189]
[0,1040,1453,2189]
[0,785,1040,1439,1913,2189]
[0,960,1040,1439,1558,1802,1913,2189]
[0,630,785,1040,1558,1802,1913,2189]
[0,1040,1439,1558,1802,1913,2189]
[0,630,785,1040,2189]
[0,236,630,785,1040,1558,2089,2189]
[0,236,630,785,1040,1453,1558,2189]
[0,1439,1558,2189]
[0,630,785,1040,1913,2189]
[0,236,960,1040,1439,1558,1802,1913,2189]
[0,236,1040,1558,2189]
[0,785,1040,1558,2189]
[0,630,785,1040,1453,1558,1913,2189]
[0,960,1040,1913,2189]
[0,630,785,1040,1453,1558,1802,1913,2189]
[0,630,785,1040,1453,1913,2189]
[0,630,785,1040,1558,2189]
[0,1040,1439,1558,1913,2189]
[0,960,1913,2189]
[0,1040,1439,2189]
[0,1040,1439,1913,2189]
[0,236,1040,1439,1558,1913,2189]
[0,960,1040,1558,2189]
[0,630,785,1040,1453,1558,2189]
[0,236,785,1040,1439,1558,2189]
[0,785,1040,1558,1913,2189]
[0,236,785,1040,1439,1558,2089,2189]
[0,1913,2189]
[0,236,630,785,960,1040,1453,1558,1802,1913,2189]
[0,236,785,1040,1558,2189]
[0,1040,1558,1802,1913,2189]
[0,960,2189]
[0,1040,1453,1913,2189]
[0,236,630,785,1040,1558,1802,1913,2189]
[0,236,1040,1439,1913,2189]
[0,236,630,785,1040,1453,1558,2089,2189]
[0,236,1040,1439,1558,1802,1913,2189]
[0,236,630,785,1040,1913,2189]
[0,630,785,960,1040,1453,1558,1802,1913,2189]
[0,236,785,1040,2189]
[0,1040,1913,2189]
[0,1439,2189]
[0,960,1040,2189]
[0,785,1040,2189]
[0,236,1040,1439,1558,2189]
[0,236,630,785,1040,1558,1913,2189]
[0,236,630,785,1040,1558,2189]
[0,785,2189]
[0,1606,2189]
[0,1040,1802,1913,2189]
[0,630,785,1040,1802,1913,2189]
[0,236,785,1040,1802,1913,2189]
[0,1040,1558,2189]
[0,236,785,1040,1439,1913,2189]
[0,236,785,960,1040,1439,1558,2189]
[0,236,785,960,1040,1439,1558,1802,1913,2189]
[0,236,785,1040,1913,2189]
[0,1040,2189]
[0,236,630,785,960,1040,1453,1558,2189]
[0,960,1040,1558,1802,1913,2189]
[0,630,785,2089,2189]
[0,630,785,960,1040,1453,1558,2189]
[0,1439,1558,1913,2189]
[0,236,785,1040,1558,2089,2189]
[0,960,1040,1439,1558,2189]
[0,236,785,1040,1439,1558,1913,2189]
[0,236,630,785,1040,1453,1558,1802,1913,2189]
[0,1439,1913,2189]
[0,630,2189]
[0,236,785,1040,1558,1802,1913,2189]
[0,236,960,1040,1439,1558,2189]
[0,236,785,1040,1558,1913,2189]
[0,630,785,1040,1558,1913,2189]
[0,630,785,2189]
[0,785,1040,1453,1913,2189]
[0,236,785,1040,1439,1558,1802,1913,2189]
[0,1040,1439,1558,2189]
[0,960,1040,1802,1913,2189]
[0,236,785,960,1040,1439,1558,2089,2189]
[0,236,630,785,960,1040,1453,1558,2089,2189]
