[0,711,1000,1980,2956]
[0,1980,2956]
[0,908,1910,2351,2956]
[0,229,1000,1980,2351,2956]
[0,1294,2351,2956]
[0,711,962,2956]
[0,320,1902,2956]
[0,229,711,962,1910,2956]
[0,1000,2956]
[0,245,2956]
[0,229,711,1000,1980,2351,2956]
[0,1902,2351,2956]
[0,686,933,2956]
[0,229,1294,2956]
[0,1000,1980,2351,2956]
[0,711,962,1910,2351,2956]
[0,245,1910,2956]
[0,1211,2956]
[0,229,686,933,1980,2351,2956]
[0,1902,2956]
[0,711,1910,2956]
[0,1910,2351,2956]
[0,229,2956]
[0,320,1026,1902,2351,2956]
[0,229,711,962,1910,2351,2956]
[0,229,711,962,2956]
[0,882,1980,2351,2956]
[0,1026,1902,2351,2956]
[0,229,882,1980,2351,2956]
[0,349,1211,2956]
[0,686,1980,2351,2956]
[0,229,1980,2351,2956]
[0,686,1980,2956]
[0,962,2956]
[0,1000,1980,2956]
[0,229,1980,2956]
[0,1294,2956]
[0,933,2956]
[0,711,1000,1980,2351,2956]
[0,1910,2956]
[0,1980,2351,2956]
[0,711,1980,2956]
[0,320,1902,2351,2956]
[0,711,962,1910,2956]
[0,686,933,1980,2351,2956]
[0,686,933,1980,2956]
[0,908,1910,2956]
[0,711,1910,2351,2956]
[0,711,1000,2956]
[0,1026,1902,2956]
[0,882,1980,2956]
[0,245,908,1910,2351,2956]
[0,711,1980,2351,2956]
[0,245,1910,2351,2956]
[0,349,2956]
