[0,347,1079,1668,1945,2253,2554]
[0,347,1058,1418,1668,1886,2554]
[0,1058,1886,2554]
[0,454,1058,1710,2554]
[0,347,1058,2190,2554]
[0,347,1079,1668,2253,2554]
[0,1079,1555,2554]
[0,347,1079,1555,1945,2554]
[0,347,1058,1710,1945,2554]
[0,347,1079,1555,2253,2554]
[0,347,1058,1886,2554]
[0,347,1058,1418,1532,1945,2554]
[0,454,1058,1710,1945,2554]
[0,347,1058,1668,1886,2554]
[0,454,1058,1710,2253,2554]
[0,347,1418,2554]
[0,347,1079,1418,1668,2253,2554]
[0,347,1079,1668,2554]
[0,347,1079,2554]
[0,454,1058,1945,2554]
[0,454,1058,2554]
[0,347,1079,1418,1555,2253,2554]
[0,454,1058,2253,2554]
[0,347,1079,1945,2554]
[0,347,1058,1532,1945,2554]
[0,454,1058,1710,1945,2253,2554]
[0,347,1058,1945,2554]
[0,347,1058,2253,2554]
[0,347,1079,1418,1668,1945,2253,2554]
[0,347,1079,1418,1668,1945,2253,2361,2554]
[0,347,1079,2253,2554]
[0,1418,2253,2554]
[0,347,1079,1555,2554]
[0,1079,2190,2554]
[0,347,1079,1418,1555,2253,2361,2554]
[0,347,1058,1418,1668,2554]
[0,1058,1418,2554]
[0,347,1418,2190,2554]
[0,347,1079,1418,1510,1668,1945,2253,2361,2554]
[0,1058,2554]
[0,347,1079,1418,1555,1945,2253,2361,2554]
[0,1079,1555,1945,2554]
[0,347,1058,1418,2554]
[0,347,1058,1418,1945,2554]
[0,1079,1668,2554]
[0,1058,1418,1945,2554]
[0,347,1058,1418,1710,1945,2554]
[0,1058,2190,2554]
[0,1058,1710,2554]
[0,347,1058,2554]
[0,454,1058,1418,1710,1945,2253,2554]
[0,454,1058,1418,1710,1945,2554]
[0,454,1058,1418,1945,2554]
[0,454,1058,1418,1710,2253,2554]
[0,347,1418,2253,2554]
[0,1058,1532,1945,2554]
[0,347,1079,1555,1945,2253,2554]
[0,347,1058,1418,1532,1710,1945,2554]
[0,1058,1945,2554]
[0,1079,1945,2554]
[0,1418,2554]
[0,1079,2554]
[0,1418,2190,2554]
[0,347,1079,1418,1555,1945,2253,2554]
