[0,268,1319,2179,2554]
[0,257,1319,1668,1833,2179,2554]
[0,1319,2554]
[0,1319,2179,2554]
[0,257,1408,2179,2554]
[0,268,1342,1668,1833,2179,2554]
[0,268,1342,1668,2179,2554]
[0,1319,1668,2179,2554]
[0,1319,2007,2554]
[0,257,1833,2554]
[0,279,1342,2179,2554]
[0,279,2179,2554]
[0,279,1342,1668,2179,2554]
[0,2179,2554]
[0,300,1829,2554]
[0,1829,2554]
[0,257,1408,1833,2554]
[0,1285,2554]
[0,2007,2554]
[0,1408,2179,2554]
[0,279,2007,2554]
[0,257,1319,1668,2179,2554]
[0,1833,2554]
[0,1342,2554]
[0,1408,2554]
[0,279,1285,2179,2554]
[0,257,1408,1668,2179,2554]
[0,257,1408,1668,1833,2179,2554]
[0,257,1319,2179,2554]
[0,279,1342,1668,1833,2179,2554]
[0,1285,2179,2554]
[0,1408,1833,2554]
[0,1408,1668,2179,2554]
[0,1342,2179,2554]
[0,279,1319,2007,2554]
[0,268,1319,1668,1833,2179,2554]
[0,268,2179,2554]
[0,268,1342,2179,2554]
[0,268,1319,1668,2179,2554]
[0,257,2179,2554]
[0,1342,1668,2179,2554]
