[0,100,259,695,1106,1574,2189,2607,2824]
[0,1106,1758,2189,2824]
[0,100,1106,1574,2189,2607,2824]
[0,259,1106,2189,2824]
[0,259,695,2189,2824]
[0,695,1106,1574,2189,2824]
[0,1160,1659,2189,2824]
[0,190,1160,1659,2189,2607,2824]
[0,259,1276,2189,2824]
[0,695,1106,1758,2189,2824]
[0,259,695,2189,2607,2824]
[0,100,1106,2189,2607,2824]
[0,259,1106,1758,2189,2824]
[0,1106,2189,2824]
[0,1106,2607,2824]
[0,1106,1574,2189,2607,2824]
[0,100,1106,2607,2824]
[0,190,718,2189,2607,2824]
[0,190,698,1160,1659,2189,2607,2824]
[0,1106,1523,2189,2607,2824]
[0,695,2189,2824]
[0,1160,1520,2189,2824]
[0,1160,2189,2607,2824]
[0,1106,1758,2189,2607,2824]
[0,259,695,1106,1574,2189,2824]
[0,718,2189,2824]
[0,100,695,1106,1574,2189,2607,2698,2824]
[0,718,2824]
[0,1276,2189,2607,2824]
[0,259,695,1106,1758,2189,2824]
[0,100,259,695,1106,1574,2189,2607,2698,2824]
[0,1160,2824]
[0,1160,1659,2189,2607,2824]
[0,190,1160,1520,2189,2607,2824]
[0,259,1106,1574,2189,2607,2824]
[0,100,1106,1574,2189,2607,2698,2824]
[0,695,2824]
[0,100,1106,1523,2189,2607,2824]
[0,259,1106,1758,2189,2607,2824]
[0,1160,1520,2189,2607,2824]
[0,1160,2189,2824]
[0,1276,2824]
[0,1160,2607,2824]
[0,1106,2189,2607,2824]
[0,100,1106,1523,2189,2607,2698,2824]
[0,259,1106,2189,2607,2824]
[0,695,1106,1574,2189,2607,2824]
[0,695,2189,2607,2824]
[0,259,695,1106,1758,2189,2607,2824]
[0,100,695,1106,1574,2189,2607,2824]
[0,2189,2824]
[0,2607,2824]
[0,1106,2824]
[0,1369,2602,2824]
[0,698,1160,1659,2189,2607,2824]
[0,718,2189,2607,2824]
[0,1106,1523,2189,2824]
[0,259,1276,2189,2607,2824]
[0,2602,2824]
[0,2189,2607,2824]
[0,1276,2189,2824]
[0,1369,2824]
[0,259,695,1106,1574,2189,2607,2824]
[0,190,1106,1523,2189,2607,2824]
[0,1106,1574,2189,2824]
[0,698,1160,1659,2189,2824]
[0,259,1106,1574,2189,2824]
