[0,623,1030,1945,2364,2824]
[0,649,1052,1945,2824]
[0,91,623,1030,1285,1407,1945,2364,2824]
[0,560,1945,2824]
[0,538,649,1030,1407,1945,2364,2824]
[0,91,649,1030,1285,1407,1945,2364,2824]
[0,623,1945,2824]
[0,649,1030,2824]
[0,91,1945,2824]
[0,560,1052,1945,2824]
[0,91,560,649,1030,1285,1407,1945,2364,2824]
[0,649,1945,2824]
[0,91,649,1030,1945,2824]
[0,649,1030,1945,2373,2824]
[0,91,538,649,1030,1945,2364,2824]
[0,91,649,1052,1945,2373,2824]
[0,91,538,649,1030,1407,1945,2364,2824]
[0,649,850,1030,1407,1945,2364,2824]
[0,91,649,1030,1945,2364,2824]
[0,91,649,1030,1407,1945,2364,2824]
[0,649,1030,1407,1945,2364,2824]
[0,91,560,649,850,1030,1285,1407,1945,2364,2824]
[0,560,1030,1407,1945,2364,2824]
[0,2373,2824]
[0,623,1030,2824]
[0,649,2373,2824]
[0,623,1030,1945,2824]
[0,1030,2824]
[0,91,649,850,1030,1285,1407,1945,2364,2824]
[0,649,1945,2373,2824]
[0,538,649,850,1030,1285,1407,1945,2364,2824]
[0,1945,2824]
[0,649,1945,2364,2824]
[0,560,1030,1285,1407,1945,2364,2824]
[0,560,1030,1945,2824]
[0,91,560,1030,1407,1945,2364,2824]
[0,91,560,649,1030,1407,1945,2364,2824]
[0,560,1030,1945,2364,2824]
[0,91,560,1030,1945,2364,2824]
[0,91,623,1030,1945,2824]
[0,91,1030,1945,2824]
[0,91,649,1030,1945,2373,2824]
[0,623,1945,2364,2824]
[0,649,1030,1945,2364,2824]
[0,560,2824]
[0,91,538,649,1030,1285,1407,1945,2364,2824]
[0,1030,1945,2824]
[0,538,649,1030,1945,2364,2824]
[0,649,1030,1945,2824]
[0,649,1052,1945,2373,2824]
[0,623,1030,1285,1407,1945,2364,2824]
[0,91,560,649,1030,1945,2364,2824]
[0,91,623,1030,1407,1945,2364,2824]
[0,649,1030,1285,1407,1945,2364,2824]
[0,91,560,1030,1945,2824]
[0,91,623,1030,1945,2364,2824]
[0,560,1030,2824]
[0,649,850,1030,1285,1407,1945,2364,2824]
[0,623,2364,2824]
[0,623,1030,1407,1945,2364,2824]
[0,2364,2824]
[0,91,649,1052,1945,2824]
[0,91,538,649,850,1030,1285,1407,1945,2364,2824]
[0,538,649,1030,1285,1407,1945,2364,2824]
[0,91,560,1030,1285,1407,1945,2364,2824]
[0,623,2824]
[0,649,2364,2824]
[0,649,2824]
