[0,489,771,1495,1911]
[0,976,1283,1495,1911]
[0,288,976,1495,1911]
[0,291,976,1259,1495,1660,1911]
[0,976,1259,1495,1660,1789,1911]
[0,976,1495,1660,1789,1911]
[0,489,771,976,1259,1495,1911]
[0,291,489,976,1259,1345,1495,1660,1911]
[0,976,1259,1345,1495,1660,1911]
[0,291,489,976,1495,1660,1911]
[0,1475,1911]
[0,771,1495,1660,1911]
[0,291,449,976,1283,1495,1660,1789,1911]
[0,291,449,976,1259,1495,1660,1911]
[0,489,976,1911]
[0,291,976,1259,1495,1911]
[0,976,1283,1495,1660,1789,1911]
[0,770,1911]
[0,770,1475,1911]
[0,291,489,976,1259,1495,1911]
[0,291,1495,1660,1911]
[0,291,489,976,1259,1495,1660,1911]
[0,291,976,1259,1495,1660,1789,1911]
[0,291,449,976,1259,1495,1660,1789,1911]
[0,1495,1660,1911]
[0,288,449,976,1283,1495,1660,1911]
[0,291,489,771,1495,1660,1911]
[0,976,1259,1495,1911]
[0,291,976,1283,1495,1660,1789,1911]
[0,976,1283,1495,1660,1911]
[0,976,1495,1911]
[0,976,1259,1495,1660,1911]
[0,976,1428,1660,1911]
[0,976,1259,1345,1495,1660,1789,1911]
[0,771,976,1259,1495,1911]
[0,291,489,1495,1911]
[0,489,976,1259,1495,1911]
[0,291,489,771,976,1259,1495,1660,1911]
[0,291,489,771,976,1259,1345,1495,1660,1911]
[0,291,976,1495,1911]
[0,489,976,1495,1911]
[0,291,449,976,1259,1345,1495,1660,1789,1911]
[0,291,489,1495,1660,1911]
[0,976,1475,1911]
[0,291,449,976,1283,1495,1660,1911]
[0,976,1911]
[0,771,1911]
[0,291,976,1259,1345,1495,1660,1789,1911]
[0,291,489,771,976,1259,1495,1911]
[0,288,1495,1911]
[0,291,489,771,1495,1911]
[0,291,976,1259,1345,1495,1660,1911]
[0,288,976,1283,1495,1660,1911]
[0,288,976,1283,1495,1911]
[0,291,489,976,1495,1911]
[0,1495,1911]
[0,291,976,1283,1495,1911]
[0,489,771,1495,1660,1911]
[0,976,1428,1911]
[0,976,1495,1660,1911]
[0,1495,1660,1789,1911]
[0,771,1495,1911]
[0,291,1495,1911]
[0,291,976,1283,1495,1660,1911]
