[0,498,1052,1544,2017]
[0,204,498,759,856,1052,1228,1834,2017]
[0,204,498,856,1052,2017]
[0,204,498,856,1052,1544,2017]
[0,204,498,1052,1544,2017]
[0,529,1228,2017]
[0,204,498,759,856,1052,1834,2017]
[0,204,498,843,1052,1228,1834,2017]
[0,498,1068,2017]
[0,498,843,1052,2017]
[0,498,856,1052,2017]
[0,1068,2017]
[0,498,2017]
[0,204,498,759,856,1052,1228,1544,2017]
[0,498,1052,2017]
[0,204,498,1052,2017]
[0,204,498,843,1052,2017]
[0,204,498,1228,1544,2017]
[0,498,1228,2017]
[0,204,498,856,1052,1228,1544,2017]
[0,498,1228,1544,2017]
[0,1052,2017]
[0,1228,2017]
[0,204,498,856,1052,1834,2017]
[0,204,498,856,1052,1228,1834,2017]
[0,529,2017]
[0,204,498,843,1052,1834,2017]
