[0,546,2210,2824]
[0,643,2048,2189,2496,2824]
[0,643,2048,2547,2824]
[0,634,1690,2048,2189,2547,2824]
[0,498,1425,1690,2048,2824]
[0,183,643,2189,2496,2824]
[0,2117,2824]
[0,1425,2048,2824]
[0,643,1690,2048,2189,2547,2824]
[0,634,1690,2048,2547,2824]
[0,498,643,1425,1690,2048,2547,2824]
[0,634,2189,2824]
[0,2048,2824]
[0,183,498,1425,1690,2048,2547,2824]
[0,634,1690,2048,2824]
[0,634,1425,1690,2048,2189,2547,2824]
[0,183,498,643,1425,1690,2048,2547,2824]
[0,498,2048,2824]
[0,2189,2824]
[0,643,1425,1690,2048,2189,2547,2824]
[0,183,643,1676,2189,2496,2824]
[0,643,2117,2824]
[0,634,2048,2824]
[0,643,1425,1690,2048,2547,2824]
[0,643,1690,2048,2824]
[0,634,1425,1690,2048,2547,2824]
[0,643,2189,2824]
[0,634,1425,1690,2048,2824]
[0,183,498,643,1676,2189,2496,2824]
[0,498,643,1425,1690,2048,2189,2547,2824]
[0,643,1676,2189,2824]
[0,634,2048,2189,2547,2824]
[0,183,498,643,2048,2189,2496,2824]
[0,643,1690,2048,2547,2824]
[0,498,2048,2547,2824]
[0,634,2189,2547,2824]
[0,643,2048,2824]
[0,643,2189,2547,2824]
[0,498,643,2048,2189,2496,2824]
[0,643,2824]
[0,643,1425,1690,2048,2824]
[0,183,498,643,1676,2048,2189,2496,2824]
[0,623,2005,2824]
[0,498,643,2189,2496,2824]
[0,2210,2824]
[0,643,1676,2189,2496,2824]
[0,498,1425,2048,2547,2824]
[0,643,2048,2189,2547,2824]
[0,498,1425,1690,2048,2547,2824]
[0,498,2117,2824]
[0,183,498,643,2189,2496,2824]
[0,2056,2824]
[0,498,1425,2048,2824]
[0,2005,2824]
[0,183,498,643,1425,1690,2048,2189,2547,2824]
[0,643,2189,2496,2824]
[0,634,2048,2547,2824]
[0,546,2056,2824]
[0,634,2117,2824]
