[0,644,1059,1298,2211]
[0,163,644,774,1099,1298,1834,2211]
[0,644,774,1298,2211]
[0,543,774,1191,2211]
[0,1298,2211]
[0,644,774,1099,1298,2211]
[0,543,774,1059,1191,2211]
[0,543,774,1099,1298,2211]
[0,543,2211]
[0,1027,2211]
[0,543,774,1027,1298,2211]
[0,163,774,1099,1298,2211]
[0,543,1027,1298,2211]
[0,163,774,1099,1298,1834,2211]
[0,543,774,1027,1099,1298,2211]
[0,774,2211]
[0,644,1298,2211]
[0,543,774,1298,2211]
[0,644,2211]
[0,543,1298,2211]
[0,774,1099,1298,2211]
[0,543,774,1099,1298,1834,2211]
[0,543,774,1059,1298,2211]
[0,543,1027,1099,2211]
[0,644,774,1059,1298,2211]
[0,774,1059,1191,2211]
[0,774,1191,2211]
[0,1099,2211]
[0,543,774,1298,1834,2211]
[0,163,543,644,774,1099,1298,1834,2211]
[0,663,2211]
[0,543,644,774,1099,1298,2211]
[0,663,1059,1298,2211]
[0,1027,1099,2211]
[0,543,1027,1099,1298,2211]
[0,543,774,1059,1191,1298,2211]
[0,644,1099,2211]
[0,774,1298,2211]
[0,774,1099,1298,1834,2211]
[0,774,1059,1298,2211]
[0,543,644,774,1099,1298,1834,2211]
[0,543,1099,2211]
[0,774,1298,1834,2211]
[0,163,774,1298,2211]
[0,163,644,774,1099,1298,2211]
[0,663,1298,2211]
[0,543,644,774,1298,2211]
