[0,193,844,1107,1646,2017]
[0,193,469,844,1107,1297,1646,1770,2017]
[0,844,1107,1297,1646,1770,2017]
[0,193,469,844,1107,1653,2017]
[0,193,881,1107,1646,2017]
[0,881,1107,1297,1646,2017]
[0,813,1107,2017]
[0,193,435,881,1107,2017]
[0,469,844,2017]
[0,193,435,881,1107,1297,1653,2017]
[0,193,881,1107,1297,1653,1805,1949,2017]
[0,193,469,844,1107,1297,1646,2017]
[0,193,435,881,1107,1297,1646,2017]
[0,813,1723,2017]
[0,881,1107,1297,1653,1805,2017]
[0,193,881,1107,1297,1653,2017]
[0,435,881,1107,2017]
[0,435,881,1646,2017]
[0,1107,2017]
[0,193,881,1107,1297,1646,1770,1949,2017]
[0,844,1107,1646,2017]
[0,193,435,542,881,1107,1297,1646,1770,2017]
[0,193,881,1107,1297,1646,2017]
[0,881,1107,1297,1646,1770,1949,2017]
[0,193,435,542,750,881,1107,1297,1653,1805,2017]
[0,881,1653,2017]
[0,750,2017]
[0,844,1107,1297,1646,2017]
[0,881,1107,2017]
[0,193,844,1107,1297,2017]
[0,881,1107,1297,1646,1770,2017]
[0,469,844,1107,2017]
[0,193,435,542,881,1107,1297,1653,1805,1949,2017]
[0,193,435,750,881,1107,1297,1646,2017]
[0,435,2017]
[0,193,435,881,1107,1646,2017]
[0,813,1107,1723,2017]
[0,881,1107,1646,2017]
[0,1949,2017]
[0,193,881,1107,1653,2017]
[0,193,469,844,1107,1297,1646,1770,1949,2017]
[0,193,435,881,1107,1297,1646,1770,1949,2017]
[0,881,1107,1297,1653,2017]
[0,750,1653,2017]
[0,813,2017]
[0,844,1107,1297,2017]
[0,193,844,1107,1297,1646,2017]
[0,435,881,1107,1646,2017]
[0,193,469,844,1107,1297,1653,2017]
[0,193,435,750,881,1107,1297,1653,1805,2017]
[0,193,1107,2017]
[0,193,844,1107,2017]
[0,469,844,1107,1646,2017]
[0,881,2017]
[0,193,435,542,750,881,1107,1297,1646,1770,2017]
[0,193,469,844,1107,2017]
[0,435,881,1653,2017]
[0,193,1107,1949,2017]
[0,881,1107,1297,1653,1805,1949,2017]
[0,193,469,844,1107,1646,2017]
[0,844,1653,2017]
[0,881,1107,1297,2017]
[0,435,1688,2017]
[0,844,1107,2017]
[0,844,1646,2017]
[0,1688,2017]
[0,193,435,750,881,1107,1297,1646,1770,2017]
[0,193,435,542,881,1107,1297,1646,1770,1949,2017]
[0,193,435,881,1107,1653,2017]
[0,193,435,881,1107,1297,1653,1805,1949,2017]
[0,881,1107,1653,2017]
[0,193,435,881,1107,1297,1646,1770,2017]
[0,193,435,542,750,881,1107,1297,1653,1805,1949,2017]
[0,193,2017]
[0,469,844,1653,2017]
[0,881,1646,2017]
[0,193,435,542,750,881,1107,1297,1646,1770,1949,2017]
[0,193,435,881,1107,1297,1653,1805,2017]
[0,435,881,1107,1653,2017]
[0,469,844,1646,2017]
[0,193,881,1107,1297,1646,1770,2017]
[0,193,469,844,1107,1297,2017]
[0,193,435,542,881,1107,1297,1653,1805,2017]
[0,469,844,1107,1653,2017]
[0,844,2017]
[0,435,881,2017]
[0,193,881,1107,1297,1653,1805,2017]
[0,193,881,1107,2017]
[0,193,844,1107,1297,1646,1770,2017]
