[0,142,486,681,997]
[0,142,486,553,681,787,997]
[0,486,681,942,997]
[0,85,142,486,681,997]
[0,142,486,553,997]
[0,85,142,997]
[0,85,142,486,681,787,942,997]
[0,486,681,997]
[0,142,486,681,849,997]
[0,486,553,997]
[0,486,553,681,787,997]
[0,142,997]
[0,142,486,997]
[0,486,681,787,942,997]
[0,85,142,486,553,681,997]
[0,486,553,681,997]
[0,85,142,486,997]
[0,142,486,553,681,997]
[0,486,997]
[0,85,142,486,553,997]
[0,486,681,849,997]
[0,85,142,486,553,681,787,942,997]
[0,85,142,486,681,787,997]
[0,85,142,486,681,942,997]
[0,486,681,787,997]
[0,142,486,681,787,997]
[0,142,486,681,787,942,997]
[0,85,142,486,553,681,787,997]
[0,85,142,486,553,681,942,997]
