[0,89,532,707,1717,2734,2812]
[0,89,1192,1725,2644,2812]
[0,89,532,707,1192,1717,2547,2734,2812]
[0,89,532,707,1192,1717,2547,2812]
[0,89,650,1717,1951,2644,2812]
[0,89,650,1717,2644,2812]
[0,707,1717,2588,2812]
[0,532,1717,2812]
[0,1192,2812]
[0,532,707,1097,1717,2588,2812]
[0,89,532,803,1097,1717,2644,2812]
[0,89,532,803,1097,1717,2812]
[0,887,1717,2588,2812]
[0,89,532,707,887,1717,2812]
[0,89,532,707,1097,1717,2734,2812]
[0,89,1097,2812]
[0,532,707,1097,1717,2812]
[0,1905,2812]
[0,89,650,1192,1717,1951,2644,2812]
[0,89,532,1717,2547,2812]
[0,532,803,1097,1717,2812]
[0,89,532,1097,2812]
[0,89,887,1717,2588,2812]
[0,532,1717,2547,2812]
[0,707,1717,2644,2812]
[0,887,2812]
[0,89,1192,1717,2644,2812]
[0,89,532,803,1097,1717,1951,2644,2812]
[0,532,887,1717,2812]
[0,1192,1717,2644,2812]
[0,532,1097,2812]
[0,1192,1717,2812]
[0,532,1097,1717,2547,2812]
[0,532,2812]
[0,89,532,1717,2812]
[0,89,532,1717,2588,2812]
[0,89,1192,1725,2812]
[0,532,1192,1717,2812]
[0,89,532,707,1717,2812]
[0,89,532,1097,1717,2547,2812]
[0,89,1192,2812]
[0,89,532,867,1097,1717,2547,2812]
[0,1192,1725,2812]
[0,89,532,803,1097,2812]
[0,532,1097,1717,2588,2812]
[0,89,532,707,887,1717,2734,2812]
[0,89,532,1192,1717,2547,2812]
[0,650,1192,1717,1951,2812]
[0,707,1905,2812]
[0,89,532,1097,1717,2734,2812]
[0,89,887,1717,2812]
[0,532,1717,2588,2812]
[0,532,707,887,1717,2812]
[0,1192,1725,2644,2812]
[0,532,803,1097,1717,1951,2644,2812]
[0,89,650,1717,2812]
[0,89,650,877,1192,1717,1951,2644,2812]
[0,532,707,1717,2812]
[0,1097,2812]
[0,532,1192,1717,2547,2812]
[0,89,2812]
[0,650,2812]
[0,1097,1717,2812]
[0,532,803,1097,2812]
[0,650,1717,1951,2644,2812]
[0,650,877,1192,1717,1951,2812]
[0,89,532,1097,1717,2588,2812]
[0,89,532,867,1097,1717,2547,2734,2812]
[0,89,1717,2812]
[0,887,1717,2812]
[0,532,867,1097,1717,2547,2812]
[0,707,2812]
[0,650,1717,2812]
[0,707,1717,2812]
[0,650,877,1192,1717,1951,2644,2812]
[0,89,1192,1717,2812]
[0,89,532,707,1097,1717,2588,2812]
[0,89,532,1717,2734,2812]
[0,532,803,1097,1717,1951,2812]
[0,532,707,1192,1717,2547,2812]
[0,1717,2812]
[0,532,1097,1717,2812]
[0,650,1192,1717,1951,2644,2812]
[0,650,1192,1717,2812]
[0,89,707,1717,2812]
[0,89,707,1717,2588,2812]
[0,650,1717,1951,2812]
[0,532,803,1097,1717,2644,2812]
[0,650,1717,2644,2812]
[0,89,532,1097,1717,2812]
[0,89,532,707,1097,1717,2812]
