[0,69,217,271,383,484,725,811,1264]
[0,383,725,811,1264]
[0,271,383,725,811,1264]
[0,69,271,383,725,811,1264]
[0,383,1264]
[0,69,383,484,725,811,1177,1264]
[0,271,383,484,725,811,1177,1264]
[0,383,807,1264]
[0,383,811,1264]
[0,383,484,811,1264]
[0,271,383,811,1177,1264]
[0,383,725,811,1177,1264]
[0,69,383,725,811,1264]
[0,69,383,484,725,811,1264]
[0,383,791,1264]
[0,271,383,811,1264]
[0,383,811,1177,1264]
[0,807,1264]
[0,271,383,484,811,1177,1264]
[0,811,1264]
[0,69,271,383,484,725,811,1177,1264]
[0,383,484,811,1177,1264]
[0,271,383,484,811,1264]
[0,271,383,484,725,811,1264]
[0,69,217,271,383,484,725,811,1177,1264]
[0,69,271,383,725,811,1177,1264]
[0,383,484,725,811,1177,1264]
[0,791,1264]
[0,69,271,383,484,725,811,1264]
[0,383,484,725,811,1264]
[0,271,383,725,811,1177,1264]
