[0,59,1121,2812]
[0,1121,1760,2812]
[0,59,628,685,1121,2812]
[0,59,628,1203,2728,2812]
[0,59,1121,1760,1879,2728,2812]
[0,628,1121,1263,1760,2042,2812]
[0,628,1263,2728,2812]
[0,59,628,685,1263,1760,2728,2812]
[0,628,1203,2812]
[0,628,1293,2812]
[0,59,265,628,685,1121,1263,2728,2812]
[0,628,1263,2042,2728,2812]
[0,685,1121,1760,2812]
[0,628,1121,1263,2812]
[0,304,1121,2812]
[0,304,628,1121,1263,1760,2812]
[0,59,628,1121,1760,1879,2812]
[0,628,1121,1263,1760,2042,2728,2812]
[0,59,628,685,1121,1760,1879,2812]
[0,685,1121,1760,2728,2812]
[0,1121,1760,1879,2728,2812]
[0,1121,1760,1879,2812]
[0,1293,2728,2812]
[0,304,628,1121,1263,1760,2042,2812]
[0,1293,2812]
[0,59,628,1263,2728,2812]
[0,628,1263,1760,2042,2812]
[0,1121,2812]
[0,59,304,628,685,1121,1263,1760,2042,2728,2812]
[0,304,1121,1760,2812]
[0,59,628,685,1263,2812]
[0,304,628,1121,1760,2042,2728,2812]
[0,59,304,628,1121,1263,1760,2042,2728,2812]
[0,59,1263,2812]
[0,59,628,685,1263,2042,2728,2812]
[0,1924,2812]
[0,59,1121,2728,2812]
[0,304,628,1121,1263,2812]
[0,59,628,1121,1760,1879,2728,2812]
[0,628,1121,2728,2812]
[0,59,628,1263,2812]
[0,265,628,1121,1263,1876,2728,2812]
[0,265,628,1121,2812]
[0,59,628,685,1121,2728,2812]
[0,628,1206,2812]
[0,59,628,685,1203,2812]
[0,59,304,628,685,1121,1263,1705,1760,2042,2728,2812]
[0,59,628,685,1121,1263,1760,2042,2728,2812]
[0,59,628,1121,1263,2728,2812]
[0,59,265,628,1121,1263,1876,2728,2812]
[0,59,628,1263,1760,2728,2812]
[0,304,628,1121,1760,2812]
[0,59,685,1121,1760,1879,2728,2812]
[0,1206,2812]
[0,59,628,1121,1263,1760,2042,2728,2812]
[0,628,1121,1760,2042,2812]
[0,304,628,1121,1760,2728,2812]
[0,265,628,1121,1263,2812]
[0,628,1263,2042,2812]
[0,59,628,685,1263,1705,1760,2728,2812]
[0,59,628,685,1121,1263,2728,2812]
[0,59,304,1121,1760,1879,2728,2812]
[0,628,1263,1760,2042,2728,2812]
[0,59,628,685,1203,2728,2812]
[0,265,628,1121,1263,2728,2812]
[0,304,628,1121,2728,2812]
[0,628,1121,1263,1760,2812]
[0,628,1263,1760,2812]
[0,265,628,1121,1263,1876,2812]
[0,59,628,1203,2812]
[0,59,265,628,685,1121,1263,1876,2728,2812]
[0,265,628,1263,2812]
[0,59,628,1121,1760,2812]
[0,59,628,685,1263,1705,1760,2042,2728,2812]
[0,59,1121,1760,1879,2812]
[0,59,628,1263,2042,2728,2812]
[0,59,628,1121,2728,2812]
[0,265,1263,2812]
[0,59,628,1263,1760,2812]
[0,1121,2728,2812]
[0,628,1121,1263,2728,2812]
[0,59,628,1263,1760,2042,2728,2812]
[0,59,685,1121,1760,2728,2812]
[0,1203,2812]
[0,628,1121,2812]
[0,265,628,1121,2728,2812]
[0,685,1121,2812]
[0,59,628,1121,2812]
[0,685,2728,2812]
[0,628,1121,1760,2728,2812]
[0,628,1263,1876,2812]
[0,685,1121,2728,2812]
[0,59,1121,1760,2812]
[0,1263,2042,2812]
[0,59,685,1121,2728,2812]
[0,2728,2812]
[0,628,1121,1760,2812]
[0,59,628,685,1121,1760,2728,2812]
[0,59,628,685,1263,1705,1760,2812]
[0,59,265,628,1121,1263,2728,2812]
[0,304,628,1121,1760,2042,2812]
[0,59,628,685,1263,1760,2812]
[0,685,2812]
[0,685,1121,1760,1879,2728,2812]
[0,304,1121,1760,1879,2728,2812]
[0,59,304,1121,1760,1879,2812]
[0,59,628,1121,1760,2042,2728,2812]
[0,59,628,1121,1760,2728,2812]
[0,628,1206,2728,2812]
[0,304,628,1121,2812]
[0,265,1121,2812]
[0,628,1121,1760,1879,2728,2812]
[0,628,1121,1760,2042,2728,2812]
[0,628,1263,1760,2728,2812]
[0,628,1263,2812]
[0,628,1293,2728,2812]
[0,304,628,1121,1263,1760,2042,2728,2812]
[0,265,628,1263,1876,2812]
[0,59,628,685,1263,2728,2812]
[0,304,1121,1760,1879,2812]
[0,59,628,685,1121,1760,2042,2728,2812]
[0,628,1121,1760,1879,2812]
[0,59,1203,2812]
[0,1263,2812]
[0,628,1203,2728,2812]
[0,685,1121,1760,1879,2812]
[0,59,628,685,1121,1263,1705,1760,2042,2728,2812]
[0,59,628,685,1121,1760,1879,2728,2812]
[0,59,628,685,1263,1760,2042,2728,2812]
