[0,209,537,712,1062,1419]
[0,168,712,1055,1185,1419]
[0,70,209,453,537,712,1062,1185,1351,1419]
[0,209,537,712,1055,1419]
[0,192,712,1062,1185,1419]
[0,70,192,453,537,712,1062,1185,1419]
[0,70,209,712,1062,1185,1419]
[0,70,712,1062,1419]
[0,712,1062,1185,1419]
[0,192,1419]
[0,70,209,712,1062,1185,1351,1419]
[0,168,712,1055,1419]
[0,70,192,712,1062,1185,1419]
[0,70,712,1055,1185,1419]
[0,70,712,1062,1185,1351,1419]
[0,70,209,453,537,712,1055,1185,1351,1419]
[0,70,209,537,712,1055,1185,1419]
[0,70,168,537,712,1055,1185,1419]
[0,70,192,537,712,1062,1185,1351,1419]
[0,209,453,537,712,1055,1185,1419]
[0,168,537,712,1055,1185,1419]
[0,209,712,1062,1419]
[0,209,537,712,1055,1185,1419]
[0,537,712,1055,1419]
[0,70,712,1419]
[0,168,712,1419]
[0,70,209,712,1055,1185,1419]
[0,168,453,537,712,1055,1185,1419]
[0,209,712,1055,1419]
[0,712,1062,1419]
[0,712,1055,1419]
[0,70,168,453,537,712,1055,1185,1419]
[0,70,209,537,712,1055,1185,1351,1419]
[0,70,192,537,712,1062,1185,1419]
[0,209,712,1062,1185,1351,1419]
[0,70,209,453,537,712,1062,1185,1419]
[0,712,1055,1185,1419]
[0,209,453,537,712,1062,1185,1419]
[0,70,168,712,1055,1185,1419]
[0,70,192,712,1055,1185,1419]
[0,209,712,1419]
[0,209,712,1055,1185,1351,1419]
[0,70,712,1055,1419]
[0,70,168,712,1055,1185,1351,1419]
[0,70,209,453,537,712,1055,1185,1419]
[0,70,168,453,537,712,1055,1185,1351,1419]
[0,209,712,1055,1185,1419]
[0,192,537,712,1062,1185,1419]
[0,168,537,712,1055,1419]
[0,168,712,1055,1185,1351,1419]
[0,192,537,712,1062,1419]
[0,70,209,537,712,1062,1185,1351,1419]
[0,70,712,1055,1185,1351,1419]
[0,70,192,453,537,712,1062,1185,1351,1419]
[0,209,537,712,1062,1185,1419]
[0,192,712,1062,1419]
[0,70,192,712,1055,1185,1351,1419]
[0,70,168,537,712,1055,1185,1351,1419]
[0,70,192,712,1062,1185,1351,1419]
[0,192,712,1419]
[0,192,712,1055,1419]
[0,712,1419]
[0,192,453,537,712,1062,1185,1419]
[0,70,209,712,1055,1185,1351,1419]
[0,192,712,1055,1185,1419]
[0,70,712,1062,1185,1419]
[0,70,209,537,712,1062,1185,1419]
[0,209,712,1062,1185,1419]
