[0,208,261,574,923,987,1046]
[0,261,514,574,923,987,1046]
[0,261,1046]
[0,188,261,1046]
[0,514,574,759,923,1046]
[0,120,261,514,574,750,947,1046]
[0,261,514,759,987,1046]
[0,514,1046]
[0,514,947,1046]
[0,120,261,514,574,759,923,987,1046]
[0,759,923,1046]
[0,188,514,1046]
[0,208,514,987,1046]
[0,120,261,750,923,1046]
[0,120,261,574,1046]
[0,206,514,947,1046]
[0,514,574,947,1046]
[0,120,261,514,759,923,1046]
[0,208,514,574,923,987,1046]
[0,261,514,574,923,1046]
[0,261,759,923,1046]
[0,120,261,514,750,1046]
[0,120,261,514,574,987,1046]
[0,120,261,514,1046]
[0,514,574,923,987,1046]
[0,120,261,987,1046]
[0,120,261,1046]
[0,514,750,1046]
[0,120,261,574,947,1046]
[0,208,261,923,987,1046]
[0,261,574,923,987,1046]
[0,206,261,514,574,750,923,987,1046]
[0,261,987,1046]
[0,759,1046]
[0,261,947,1046]
[0,261,322,514,923,1046]
[0,923,987,1046]
[0,574,1046]
[0,120,514,574,923,1046]
[0,206,261,574,923,987,1046]
[0,120,261,514,574,750,923,987,1046]
[0,206,261,923,987,1046]
[0,188,261,947,1046]
[0,261,923,987,1046]
[0,514,574,750,923,1046]
[0,261,322,1046]
[0,261,322,514,574,923,1046]
[0,261,514,750,1046]
[0,206,514,574,923,987,1046]
[0,208,261,987,1046]
[0,206,261,514,750,947,1046]
[0,208,514,574,759,923,1046]
[0,120,261,514,750,923,1046]
[0,206,261,750,947,1046]
[0,261,750,923,1046]
[0,206,261,514,1046]
[0,923,1046]
[0,261,750,1046]
[0,120,261,750,947,1046]
[0,120,261,514,574,759,923,1046]
[0,206,514,750,923,1046]
[0,514,574,759,923,987,1046]
[0,120,208,261,514,987,1046]
[0,120,206,261,514,574,750,923,987,1046]
[0,120,514,923,1046]
[0,120,261,514,574,1046]
[0,120,208,261,514,574,987,1046]
[0,120,261,514,574,923,1046]
[0,208,261,514,574,759,923,987,1046]
[0,188,514,750,947,1046]
[0,188,514,750,1046]
[0,514,759,1046]
[0,514,574,1046]
[0,206,514,1046]
[0,120,206,261,514,750,947,1046]
[0,120,261,514,574,947,1046]
[0,120,261,514,987,1046]
[0,206,514,574,947,1046]
[0,120,261,923,1046]
[0,206,514,574,923,1046]
[0,261,322,514,759,923,1046]
[0,120,206,261,514,574,947,1046]
[0,206,514,750,1046]
[0,261,322,514,574,759,923,987,1046]
[0,514,987,1046]
[0,261,322,514,574,923,987,1046]
[0,208,261,514,574,923,987,1046]
[0,208,261,514,574,987,1046]
[0,750,923,1046]
[0,120,514,574,923,987,1046]
[0,514,574,987,1046]
[0,208,514,574,987,1046]
[0,206,514,923,1046]
[0,514,759,923,1046]
[0,120,261,514,750,947,1046]
[0,206,514,574,750,923,987,1046]
[0,120,514,574,1046]
[0,206,514,574,750,923,1046]
[0,206,261,514,574,923,987,1046]
[0,261,514,987,1046]
[0,261,759,1046]
[0,261,750,947,1046]
[0,261,514,750,923,1046]
[0,514,574,750,923,987,1046]
[0,208,514,574,923,1046]
[0,206,514,750,947,1046]
[0,947,1046]
[0,208,261,322,514,574,759,923,987,1046]
[0,120,261,574,923,1046]
[0,206,261,514,574,1046]
[0,514,923,987,1046]
[0,261,322,514,1046]
[0,208,261,1046]
[0,261,514,1046]
[0,206,261,1046]
[0,261,514,759,1046]
[0,208,514,759,1046]
[0,208,261,514,1046]
[0,188,261,514,750,947,1046]
[0,120,261,947,1046]
[0,120,261,514,574,923,987,1046]
[0,261,514,574,1046]
[0,206,514,574,1046]
[0,514,750,923,1046]
[0,208,514,750,947,1046]
[0,208,514,750,1046]
[0,206,261,514,574,947,1046]
[0,120,261,514,574,750,923,1046]
[0,514,923,1046]
[0,261,574,923,1046]
[0,261,514,759,923,1046]
[0,261,322,514,574,759,923,1046]
[0,208,514,923,1046]
[0,120,261,750,1046]
[0,261,322,514,574,1046]
[0,514,574,923,1046]
[0,120,206,261,514,574,750,947,1046]
[0,120,208,261,514,574,759,923,987,1046]
[0,208,261,514,574,1046]
[0,261,574,1046]
[0,261,514,923,1046]
[0,208,261,322,514,574,923,987,1046]
[0,206,261,947,1046]
[0,120,261,759,923,1046]
[0,208,514,759,923,1046]
[0,120,514,1046]
[0,208,261,514,987,1046]
[0,261,923,1046]
[0,750,1046]
[0,208,514,1046]
[0,261,322,923,1046]
[0,188,261,750,947,1046]
[0,514,750,947,1046]
[0,208,514,574,1046]
[0,208,514,574,759,923,987,1046]
