[0,156,311,425,779,1122,1430,2120]
[0,52,779,1122,1430,2120]
[0,156,311,425,779,833,1122,1430,2120]
[0,156,425,779,833,1122,1430,2120]
[0,156,341,1122,1430,2120]
[0,156,311,425,1122,1430,2120]
[0,204,833,1430,2017,2120]
[0,341,2120]
[0,425,1122,1430,2120]
[0,779,1122,1430,2120]
[0,341,1122,1430,2120]
[0,156,425,779,1122,1430,2120]
[0,1430,2017,2120]
[0,1122,1430,2120]
[0,112,341,1122,1430,2120]
[0,156,341,1430,2120]
[0,425,779,1122,1430,2120]
[0,112,1122,1430,2120]
[0,425,1430,2120]
[0,156,425,1122,1430,2120]
[0,52,1430,2017,2120]
[0,204,833,1430,2120]
[0,804,1430,2120]
[0,52,425,1122,1430,2120]
[0,1430,2120]
[0,156,2120]
[0,804,1122,1430,2120]
[0,341,1430,2120]
[0,52,1430,2120]
[0,425,779,1430,2120]
[0,156,341,2120]
[0,833,1430,2120]
[0,833,1430,2017,2120]
[0,779,1430,2120]
