[0,494,1487,2025,2266,2812]
[0,1487,2025,2812]
[0,227,494,1487,2025,2169,2662,2812]
[0,1487,2025,2662,2812]
[0,227,494,1487,1831,2025,2198,2812]
[0,379,1403,2662,2812]
[0,1403,2662,2812]
[0,1487,2038,2662,2812]
[0,494,1487,2812]
[0,494,1313,2662,2812]
[0,227,494,1487,1831,2025,2266,2812]
[0,2662,2812]
[0,227,379,494,1313,1487,1831,2025,2198,2662,2812]
[0,227,494,1487,1831,2662,2812]
[0,227,494,1487,1831,2266,2812]
[0,227,494,1487,2025,2662,2812]
[0,227,494,1487,2025,2266,2812]
[0,227,494,1487,2038,2812]
[0,1487,2025,2169,2662,2812]
[0,494,1098,1487,2025,2662,2812]
[0,1403,2025,2812]
[0,227,494,1098,1487,2025,2662,2812]
[0,379,1487,2038,2662,2812]
[0,227,494,1313,1487,2025,2169,2662,2812]
[0,227,494,1098,1487,2038,2662,2812]
[0,227,494,1487,2038,2662,2812]
[0,227,494,1487,1831,2025,2198,2662,2812]
[0,494,1487,2038,2812]
[0,227,494,1098,1487,2025,2169,2662,2812]
[0,227,494,1313,1487,1831,2198,2812]
[0,494,1313,2025,2812]
[0,227,379,494,1313,1487,1831,2025,2266,2662,2812]
[0,2025,2812]
[0,494,1487,1831,2198,2812]
[0,1487,2025,2198,2812]
[0,494,1487,1831,2266,2812]
[0,494,1487,2038,2662,2812]
[0,227,494,1313,1487,1831,2025,2266,2662,2812]
[0,227,494,1313,1487,1831,2662,2812]
[0,494,2025,2812]
[0,227,494,1313,1487,2025,2812]
[0,227,494,1313,2812]
[0,494,1487,1831,2662,2812]
[0,494,1487,2266,2812]
[0,227,494,1313,2025,2662,2812]
[0,1954,2812]
[0,494,1487,2198,2812]
[0,494,1487,2025,2662,2812]
[0,379,1487,2812]
[0,227,494,1313,2025,2169,2662,2812]
[0,1487,1831,2812]
[0,227,494,1313,1487,1831,2266,2662,2812]
[0,1313,2812]
[0,494,1487,2025,2198,2662,2812]
[0,1313,2025,2812]
[0,227,494,1313,1487,1831,2812]
[0,494,1487,2662,2812]
[0,494,1098,1487,2812]
[0,379,1403,2812]
[0,494,1313,2266,2812]
[0,227,494,1313,2025,2812]
[0,227,494,1098,1487,2812]
[0,227,494,1313,1487,2025,2266,2812]
[0,1487,2812]
[0,227,494,1487,1831,2198,2812]
[0,1403,2812]
[0,494,1313,2025,2169,2662,2812]
[0,494,1098,1487,2025,2812]
[0,1487,2198,2812]
[0,1487,2266,2812]
[0,379,1403,2025,2812]
[0,227,494,1487,2025,2198,2812]
[0,494,1313,2812]
[0,494,1487,2025,2169,2662,2812]
[0,379,1403,2025,2662,2812]
[0,227,494,1313,1487,2025,2662,2812]
[0,494,1098,1487,2025,2266,2812]
[0,227,494,1487,2025,2266,2662,2812]
[0,494,1313,2025,2266,2812]
[0,227,494,1098,1487,2025,2266,2812]
[0,227,494,1487,2025,2198,2662,2812]
[0,494,1098,1487,2038,2812]
[0,1487,2662,2812]
[0,227,494,1487,2025,2812]
[0,1313,2662,2812]
[0,494,1487,2025,2812]
[0,227,494,1487,1831,2812]
[0,227,494,1313,1487,1831,2025,2198,2812]
[0,494,1313,2025,2662,2812]
[0,227,494,1313,1487,1831,2025,2266,2812]
[0,494,1487,1831,2812]
[0,227,494,1098,1487,2025,2266,2662,2812]
[0,1313,2266,2812]
[0,227,494,1313,1487,2812]
[0,227,494,1313,2025,2266,2662,2812]
[0,227,494,1098,1487,2025,2812]
[0,227,494,1313,1487,2025,2266,2662,2812]
[0,479,1954,2812]
[0,1487,1831,2198,2812]
[0,227,494,1313,1487,1831,2025,2198,2662,2812]
[0,494,1487,2025,2198,2812]
[0,227,494,1313,1487,1831,2266,2812]
[0,1487,2025,2266,2812]
[0,227,494,1313,2025,2266,2812]
[0,227,494,1098,1487,2038,2812]
[0,379,1487,2038,2812]
[0,1487,2038,2812]
[0,1487,1831,2662,2812]
[0,1487,1831,2266,2812]
[0,227,494,1487,2812]
