[0,621,1084,2055,4285]
[0,1294,2055,4285]
[0,378,1084,2055,4029,4285]
[0,621,1084,2055,2752,4285]
[0,378,2055,4285]
[0,378,1084,2055,2752,3950,4285]
[0,1084,2055,3267,4285]
[0,371,2055,4029,4285]
[0,2055,4285]
[0,378,1084,2055,2646,3782,4029,4285]
[0,1084,2055,2752,4029,4285]
[0,1084,2055,3267,4029,4285]
[0,371,1084,2055,4285]
[0,1084,2055,2646,4285]
[0,1084,3267,4285]
[0,1294,2055,3048,4285]
[0,378,1294,2055,2752,3950,4285]
[0,371,2055,4285]
[0,1084,2055,2752,3267,4285]
[0,1084,2055,3782,4029,4285]
[0,1084,2055,2894,3267,4029,4285]
[0,208,1084,2055,2894,3267,3782,4029,4285]
[0,1294,3048,4285]
[0,1294,2055,2752,4285]
[0,1084,1998,4285]
[0,378,1294,2055,2752,4285]
[0,621,1084,1469,2055,2752,4285]
[0,1084,2055,2894,4029,4285]
[0,1084,2055,4285]
[0,378,2055,3782,4029,4285]
[0,1084,2055,2894,3267,4285]
[0,378,1084,2055,2646,4029,4285]
[0,1294,4285]
[0,378,1084,2055,3950,4285]
[0,371,1084,2055,4029,4285]
[0,378,1294,2055,4285]
[0,2465,4285]
[0,621,1084,1469,2055,4285]
[0,1084,2055,2752,4285]
[0,378,1084,2055,3782,4029,4285]
[0,208,1084,2055,3782,4029,4285]
[0,621,1084,2055,2752,4029,4285]
[0,1084,4285]
[0,378,1084,2055,2752,4285]
[0,378,1084,2055,2646,3009,4285]
[0,378,1084,2055,2646,4285]
[0,378,1294,2055,3048,4285]
[0,378,1084,2055,2646,3009,3782,4029,4285]
[0,371,1084,2055,3782,4029,4285]
[0,1084,2055,2894,3267,3782,4029,4285]
[0,1469,4285]
[0,1084,2055,2752,3267,3782,4029,4285]
[0,621,1084,1469,2055,2752,4029,4285]
[0,1084,2055,2752,3267,4029,4285]
[0,378,1294,2055,3950,4285]
[0,1084,2055,2894,4285]
[0,378,1084,2055,2646,3009,4029,4285]
[0,378,1294,2055,3048,3950,4285]
[0,1084,2465,4285]
[0,1084,2055,3267,3782,4029,4285]
[0,378,2055,4029,4285]
[0,208,1084,2055,3267,3782,4029,4285]
[0,1084,2055,4029,4285]
[0,378,1084,2055,4285]
[0,371,2055,3782,4029,4285]
