[0,676,1215,1304,2017]
[0,279,657,763,1820,1931,2017]
[0,676,763,1215,1304,2017]
[0,683,1304,2017]
[0,657,763,1304,1820,1931,2017]
[0,58,676,763,1215,1304,1829,1931,2017]
[0,676,763,1829,2017]
[0,657,763,1215,1304,1820,1931,2017]
[0,603,2017]
[0,279,676,2017]
[0,58,683,1304,2017]
[0,58,279,676,1304,2017]
[0,676,763,2017]
[0,58,676,1829,1931,2017]
[0,279,657,1304,2017]
[0,676,763,1829,1931,2017]
[0,58,279,676,937,1304,2017]
[0,58,676,763,1304,1931,2017]
[0,676,1215,1304,1829,2017]
[0,279,657,763,1215,1304,1820,1931,2017]
[0,58,1304,2017]
[0,58,657,2017]
[0,58,279,657,763,1820,1931,2017]
[0,279,657,763,1304,2017]
[0,676,1304,2017]
[0,676,1829,1931,2017]
[0,58,279,657,763,1215,1304,1820,1931,2017]
[0,657,763,1304,2017]
[0,676,763,1215,1304,1829,2017]
[0,676,763,1215,1304,1829,1931,2017]
[0,58,676,2017]
[0,279,657,763,1215,1304,1820,2017]
[0,676,1304,1829,2017]
[0,58,676,937,1304,2017]
[0,279,676,937,1304,2017]
[0,676,763,1304,2017]
[0,58,676,763,1304,1829,1931,2017]
[0,279,657,763,1820,2017]
[0,1304,2017]
[0,657,2017]
[0,58,279,657,1820,1931,2017]
[0,58,279,676,2017]
[0,657,763,1215,1304,1820,2017]
[0,58,676,763,2017]
[0,676,1829,2017]
[0,657,1304,1820,2017]
[0,657,763,1820,2017]
[0,657,763,1215,1304,2017]
[0,657,1820,1931,2017]
[0,58,279,657,763,1304,1820,1931,2017]
[0,676,2017]
[0,58,676,1304,2017]
[0,279,657,1304,1820,2017]
[0,657,763,1820,1931,2017]
[0,676,763,1304,1829,2017]
[0,58,676,763,1829,1931,2017]
[0,279,657,763,1304,1820,2017]
[0,58,676,1304,1931,2017]
[0,279,657,1820,1931,2017]
[0,58,279,657,763,1304,2017]
[0,58,657,763,1304,2017]
[0,657,1820,2017]
[0,676,763,1215,1304,1931,2017]
[0,676,763,1304,1829,1931,2017]
[0,58,279,657,763,1215,1304,2017]
[0,676,1304,1931,2017]
[0,58,657,1304,2017]
[0,58,676,937,1304,1931,2017]
[0,58,676,763,1304,2017]
[0,279,657,763,1304,1820,1931,2017]
[0,657,763,1304,1820,2017]
[0,676,937,1304,1931,2017]
[0,279,676,1304,2017]
[0,58,683,2017]
[0,58,657,1820,1931,2017]
[0,279,657,2017]
[0,279,657,1820,2017]
[0,676,937,1304,2017]
[0,657,1304,2017]
[0,58,676,763,1215,1304,1931,2017]
[0,676,763,1304,1931,2017]
[0,683,2017]
[0,279,657,763,1215,1304,2017]
