[0,121,218,331,415,497,573,922]
[0,121,218,415,573,922]
[0,218,331,415,573,749,922]
[0,43,218,331,415,497,573,922]
[0,218,497,922]
[0,218,357,415,922]
[0,218,415,497,573,749,832,922]
[0,94,331,415,573,922]
[0,218,415,497,573,760,832,922]
[0,94,218,331,415,497,573,749,832,922]
[0,218,415,922]
[0,94,218,331,415,573,749,832,922]
[0,331,415,922]
[0,94,415,922]
[0,218,331,415,922]
[0,43,218,331,415,497,573,760,832,922]
[0,94,331,415,497,573,749,922]
[0,94,218,415,573,749,922]
[0,218,415,497,573,760,922]
[0,218,415,573,749,832,922]
[0,218,357,415,573,922]
[0,415,922]
[0,218,415,573,922]
[0,121,218,331,415,573,760,922]
[0,218,415,760,922]
[0,218,415,573,760,922]
[0,94,415,573,922]
[0,218,357,415,497,573,749,832,922]
[0,43,218,357,415,497,573,922]
[0,218,331,415,573,749,832,922]
[0,218,415,497,573,922]
[0,218,331,415,573,760,922]
[0,415,749,922]
[0,94,218,331,415,497,573,922]
[0,218,357,415,497,573,749,922]
[0,218,357,415,497,573,760,922]
[0,94,331,415,573,749,922]
[0,121,218,331,415,573,922]
[0,94,331,415,497,573,922]
[0,43,218,331,415,497,573,749,832,922]
[0,218,331,415,497,573,922]
[0,218,357,415,497,573,760,832,922]
[0,218,331,415,497,573,749,832,922]
[0,218,331,415,497,573,749,922]
[0,94,415,573,749,922]
[0,218,331,415,497,573,760,922]
[0,415,573,749,922]
[0,94,331,415,922]
[0,43,218,331,415,497,573,749,922]
[0,43,218,357,415,497,573,749,922]
[0,497,922]
[0,218,415,749,922]
[0,94,331,415,497,573,749,832,922]
[0,94,218,415,573,922]
[0,218,331,415,573,922]
[0,121,218,415,573,760,922]
[0,121,218,331,415,497,573,760,832,922]
[0,218,415,497,573,749,922]
[0,121,218,331,415,497,573,760,922]
[0,218,331,415,497,573,760,832,922]
[0,94,331,415,573,749,832,922]
[0,43,218,357,415,497,573,760,832,922]
[0,218,415,573,749,922]
[0,94,218,331,415,573,922]
[0,218,357,415,497,573,922]
[0,94,218,331,415,573,749,922]
[0,43,218,357,415,497,573,749,832,922]
[0,415,573,922]
