[0,415,1585,1911]
[0,312,415,718,849,1197,1536,1775,1911]
[0,415,718,1536,1911]
[0,1536,1911]
[0,415,718,1536,1775,1911]
[0,415,1197,1536,1911]
[0,312,415,1585,1911]
[0,415,1536,1911]
[0,312,415,1536,1775,1911]
[0,312,415,1536,1911]
[0,415,718,1197,1536,1775,1911]
[0,415,718,849,1536,1775,1911]
[0,415,1197,1536,1775,1911]
[0,415,718,1197,1536,1911]
[0,1585,1911]
[0,312,415,718,849,1536,1775,1911]
[0,415,1536,1775,1911]
[0,415,718,849,1197,1536,1775,1911]
[0,312,415,718,1536,1775,1911]
[0,415,1911]
