[0,222,304,365,440,969]
[0,222,304,365,440,701,969]
[0,222,304,365,440,648,701,969]
[0,222,440,701,969]
[0,224,701,969]
[0,51,222,304,365,440,701,969]
[0,440,969]
[0,51,222,648,969]
[0,222,969]
[0,51,222,304,365,440,648,701,969]
[0,224,440,701,969]
[0,222,522,969]
[0,522,969]
[0,51,222,304,440,701,969]
[0,222,304,522,969]
[0,51,222,304,522,969]
[0,224,440,969]
[0,51,222,365,648,969]
[0,51,224,440,969]
[0,51,224,440,701,969]
[0,222,304,969]
[0,222,701,969]
[0,222,365,648,969]
[0,222,440,969]
[0,701,969]
[0,222,304,440,969]
[0,222,648,969]
[0,648,969]
[0,222,304,440,701,969]
[0,51,222,304,440,969]
[0,51,222,304,365,440,969]
