[0,237,1180]
[0,94,300,540,1133,1180]
[0,830,889,1180]
[0,94,300,540,836,1180]
[0,435,540,830,1180]
[0,435,540,637,830,889,1180]
[0,236,469,540,639,830,1180]
[0,469,540,830,894,1180]
[0,435,540,830,889,1180]
[0,94,469,540,639,830,1180]
[0,94,469,639,830,1180]
[0,435,540,1180]
[0,300,637,1180]
[0,637,1180]
[0,300,540,830,1180]
[0,237,435,540,830,889,1180]
[0,94,435,540,637,830,1180]
[0,639,830,1180]
[0,300,540,1180]
[0,94,300,540,836,1133,1180]
[0,237,435,1180]
[0,237,435,540,637,1180]
[0,540,1180]
[0,639,1180]
[0,469,540,830,1180]
[0,540,1133,1180]
[0,469,540,639,830,1180]
[0,300,540,836,1180]
[0,236,639,1180]
[0,300,639,836,1133,1180]
[0,300,830,1180]
[0,469,540,639,830,894,1180]
[0,94,300,639,1180]
[0,637,830,1180]
[0,435,540,637,1180]
[0,469,540,1180]
[0,237,300,435,540,637,830,889,1180]
[0,637,830,1133,1180]
[0,469,639,1180]
[0,94,300,639,836,1180]
[0,94,300,639,836,1133,1180]
[0,889,1180]
[0,237,300,435,540,637,830,889,1133,1180]
[0,236,300,469,540,639,830,894,1133,1180]
[0,237,435,540,637,830,1180]
[0,237,830,1180]
[0,237,435,540,637,830,889,1180]
[0,236,300,469,540,639,830,894,1180]
[0,300,639,830,1133,1180]
[0,236,639,830,1180]
[0,300,540,830,1133,1180]
[0,237,300,435,540,637,830,1180]
[0,469,540,639,830,1133,1180]
[0,94,300,639,830,1133,1180]
[0,237,435,830,1180]
[0,300,639,830,1180]
[0,94,300,540,830,1133,1180]
[0,300,639,836,1180]
[0,94,435,540,637,830,889,1180]
[0,469,540,639,1180]
[0,540,830,1180]
[0,94,435,540,637,830,889,1133,1180]
[0,540,836,1133,1180]
[0,94,469,540,639,830,1133,1180]
[0,300,637,830,889,1180]
[0,236,469,540,639,830,894,1180]
[0,300,1180]
[0,300,637,830,1133,1180]
[0,639,830,1133,1180]
[0,236,300,469,540,639,830,1133,1180]
[0,300,637,830,1180]
[0,236,300,469,540,639,830,1180]
[0,94,300,540,1180]
[0,94,300,637,830,889,1180]
[0,540,836,1180]
[0,435,540,637,830,1180]
[0,300,639,1180]
[0,94,300,637,830,1133,1180]
[0,830,1180]
[0,300,540,1133,1180]
[0,469,639,830,1180]
[0,94,300,639,830,1180]
[0,237,435,540,830,1180]
[0,637,830,889,1180]
[0,237,435,540,1180]
[0,300,889,1180]
[0,236,469,639,830,1180]
[0,94,300,540,830,1180]
[0,94,300,637,830,889,1133,1180]
[0,94,300,637,830,1180]
[0,1133,1180]
