[0,297,570,1339,2017]
[0,342,1765,2017]
[0,297,1339,1735,2017]
[0,297,570,1339,1735,2017]
[0,150,342,848,1180,1735,1948,2017]
[0,150,297,1339,1432,2017]
[0,150,342,1339,1432,2017]
[0,342,396,2017]
[0,150,342,848,1735,1948,2017]
[0,150,297,396,570,1339,1432,1948,2017]
[0,150,342,1339,1435,1948,2017]
[0,848,2017]
[0,150,297,570,2017]
[0,1339,2017]
[0,150,342,2017]
[0,297,1339,2017]
[0,150,342,1735,2017]
[0,342,848,1735,1948,2017]
[0,150,342,848,2017]
[0,150,342,1339,2017]
[0,396,1180,1339,1432,2017]
[0,150,297,396,570,1339,1735,2017]
[0,570,2017]
[0,396,899,2017]
[0,396,1339,2017]
[0,342,848,1735,2017]
[0,150,342,1339,1735,2017]
[0,150,297,396,570,1339,2017]
[0,342,848,1180,2017]
[0,396,2017]
[0,150,342,1948,2017]
[0,297,2017]
[0,150,342,848,1180,1735,2017]
[0,150,342,1339,1435,1735,1948,2017]
[0,342,848,1180,1735,2017]
[0,150,297,396,570,1339,1432,1735,1948,2017]
[0,342,848,1180,1735,1948,2017]
[0,297,570,2017]
[0,342,1339,2017]
[0,150,297,570,1339,1432,2017]
[0,150,342,396,1339,2017]
[0,342,1735,1948,2017]
[0,150,342,1339,1948,2017]
[0,150,342,848,1735,2017]
[0,342,848,1765,2017]
[0,1364,2017]
[0,150,297,2017]
[0,150,297,1339,2017]
[0,150,342,396,2017]
[0,150,342,1735,1948,2017]
[0,150,297,396,570,2017]
[0,150,342,848,1180,2017]
[0,342,1735,2017]
[0,150,342,1339,1435,2017]
[0,342,848,2017]
[0,150,342,396,1339,1432,2017]
[0,342,848,1180,1765,2017]
[0,150,297,570,1339,2017]
[0,150,297,570,1339,1735,2017]
[0,396,1339,1432,2017]
[0,342,1339,1735,2017]
[0,150,297,396,570,1339,1432,1735,2017]
[0,150,342,1339,1435,1735,2017]
[0,396,1180,1339,2017]
[0,899,2017]
[0,570,1364,2017]
[0,342,1948,2017]
[0,150,297,396,570,1339,1432,2017]
[0,342,2017]
