[0,335,683,1423,2020]
[0,993,1209,1423,1817,2020]
[0,993,1209,1512,2020]
[0,166,335,706,993,1209,1512,1725,1938,2020]
[0,683,993,1209,1512,1725,2020]
[0,335,993,1209,1423,1817,2020]
[0,335,1209,1512,2020]
[0,166,335,993,1209,1512,1817,2020]
[0,166,993,1209,1512,1938,2020]
[0,706,993,1209,1512,2020]
[0,335,706,993,1209,1512,2020]
[0,993,2020]
[0,166,335,683,993,1209,1423,2020]
[0,166,993,1209,1423,1817,2020]
[0,993,1209,1725,2020]
[0,335,683,993,1423,2020]
[0,993,1209,2020]
[0,993,1264,2020]
[0,166,335,993,1209,1423,2020]
[0,166,335,993,1209,1512,1725,1938,2020]
[0,1512,2020]
[0,166,335,993,1209,1423,1817,2020]
[0,335,1512,2020]
[0,706,1512,2020]
[0,1209,1423,2020]
[0,335,683,1512,2020]
[0,335,993,1209,1512,2020]
[0,706,993,1209,1512,1725,2020]
[0,166,1512,2020]
[0,335,706,1512,2020]
[0,335,683,1209,1512,2020]
[0,706,2020]
[0,335,706,1209,1512,2020]
[0,335,993,1423,2020]
[0,335,683,993,1209,1512,2020]
[0,166,335,993,1209,1512,2020]
[0,166,335,993,1209,1512,1725,2020]
[0,335,993,1209,1423,2020]
[0,1264,1817,2020]
[0,166,993,1209,1512,2020]
[0,1423,2020]
[0,166,1423,2020]
[0,683,993,1209,1512,2020]
[0,683,1209,1512,2020]
[0,166,2020]
[0,683,2020]
[0,993,1423,2020]
[0,335,993,1209,1512,1817,2020]
[0,166,335,993,1209,1512,1938,2020]
[0,683,1423,2020]
[0,1209,1512,2020]
[0,335,706,993,1209,1512,1725,2020]
[0,335,683,993,1209,1423,2020]
[0,166,993,1209,1725,2020]
[0,101,166,335,683,993,1209,1512,1938,2020]
[0,166,993,1264,1817,2020]
[0,683,993,1209,1423,2020]
[0,166,993,1209,1423,2020]
[0,101,166,335,683,993,1209,1512,1725,1938,2020]
[0,166,993,2020]
[0,166,1209,1423,2020]
[0,1209,1725,2020]
[0,1195,1423,2020]
[0,101,166,335,993,1209,1512,1725,1938,2020]
[0,166,335,683,993,1209,1512,1725,2020]
[0,993,1209,1423,2020]
[0,166,335,706,993,1209,1512,1725,2020]
[0,683,993,1423,2020]
[0,683,1512,2020]
[0,993,1209,1512,1817,2020]
[0,1725,2020]
[0,166,335,683,993,1209,1512,1938,2020]
[0,166,1195,1423,2020]
[0,101,166,335,706,993,1209,1512,1725,1938,2020]
[0,166,993,1209,2020]
[0,335,993,1209,1512,1725,2020]
[0,335,683,993,1209,1512,1725,2020]
[0,993,1264,1817,2020]
[0,166,1209,1512,2020]
[0,1817,2020]
[0,706,1209,1512,2020]
[0,166,335,683,993,1209,1512,1725,1938,2020]
[0,166,335,683,993,1209,1512,2020]
[0,166,335,706,993,1209,1512,2020]
[0,101,166,335,993,1209,1512,1938,2020]
[0,335,1423,2020]
[0,1209,2020]
[0,1264,2020]
