[0,926,1345,1749,3066,3767,4238,4285]
[0,926,1345,2426,2802,3203,4285]
[0,276,926,1345,1749,2426,2802,3203,3767,4285]
[0,926,1345,1749,2426,2802,3137,4285]
[0,926,1345,1749,2426,2802,3203,4285]
[0,926,1345,2426,3203,3767,4285]
[0,1200,3059,4285]
[0,926,1345,3137,4285]
[0,926,1345,3203,4285]
[0,926,1345,1749,2426,3137,4285]
[0,926,1345,1749,3137,4238,4285]
[0,1345,3203,3767,4285]
[0,926,1345,1749,3066,3767,4285]
[0,276,926,1345,1749,2426,2802,3203,3767,4238,4285]
[0,1345,2426,3137,4285]
[0,1345,2426,3203,4285]
[0,926,1345,1749,2426,3203,4285]
[0,926,1345,2802,3203,4285]
[0,1167,2802,4285]
[0,926,1345,1749,2426,3203,3767,4285]
[0,1345,3137,4285]
[0,926,1345,1749,3066,4285]
[0,926,1345,3066,4285]
[0,1345,3203,4285]
[0,926,1345,2426,2802,3203,4238,4285]
[0,926,1345,1749,2426,2802,3066,4285]
[0,926,1345,1749,2426,3066,4285]
[0,926,1345,1749,2426,2802,3066,3767,4238,4285]
[0,1345,2426,3066,4285]
[0,926,1345,3066,4238,4285]
[0,276,926,1345,1749,2426,2802,3203,4285]
[0,926,1345,2426,3066,3767,4285]
[0,926,1345,3066,3767,4285]
[0,926,1345,1749,2426,2802,3203,3767,4285]
[0,1345,2802,4285]
[0,1345,3066,4285]
[0,926,1345,1749,2426,3066,3767,4285]
[0,926,1345,3066,3767,4238,4285]
[0,1345,2426,3066,3767,4285]
[0,926,1345,2426,3137,4285]
[0,926,1345,1749,2426,2802,3066,3767,4285]
[0,926,1345,3203,4238,4285]
[0,926,1345,1749,2426,2802,3203,4238,4285]
[0,1345,3066,3767,4285]
[0,926,1345,3203,3767,4285]
[0,1167,4285]
[0,1345,2426,3203,3767,4285]
[0,1200,4285]
[0,926,1345,1749,2426,2802,3137,4238,4285]
[0,926,1345,3137,4238,4285]
[0,926,1345,2426,3203,4285]
[0,926,1345,1749,2426,3137,4238,4285]
[0,276,926,1345,1749,2426,2802,3203,4238,4285]
[0,926,1345,1749,2426,3066,3767,4238,4285]
[0,926,1345,1749,3137,4285]
[0,926,1345,2426,3066,4285]
[0,926,1345,1749,3203,4285]
[0,926,1345,2802,3203,4238,4285]
[0,2802,4285]
[0,1345,4285]
[0,3059,4285]
