[0,294,604,788,1154,1474,1760,2017]
[0,294,788,1154,1271,1474,1549,2017]
[0,294,788,1154,1271,1760,2017]
[0,1154,2017]
[0,788,2017]
[0,294,1063,2017]
[0,294,788,1154,1271,1474,1760,2017]
[0,294,1154,1549,2017]
[0,294,788,1154,1474,1549,2017]
[0,1063,2017]
[0,294,1063,1760,2017]
[0,294,1154,1760,2017]
[0,294,788,1154,1271,1474,1549,1760,2017]
[0,1154,1549,2017]
[0,294,604,788,1154,1271,1474,1549,1760,2017]
[0,294,788,1154,2017]
[0,294,604,788,1154,1760,2017]
[0,294,788,1154,1474,1760,2017]
[0,788,1154,2017]
[0,242,294,788,1154,1271,1474,1549,1760,2017]
[0,294,1760,2017]
[0,294,604,788,1154,1271,1474,1760,2017]
[0,294,2017]
[0,788,1154,1549,2017]
[0,788,1154,1474,2017]
[0,242,294,604,788,1154,1271,1474,1549,1760,2017]
[0,294,788,1154,1549,2017]
[0,294,604,788,1154,1271,1760,2017]
[0,294,788,1154,1474,2017]
[0,294,788,1154,1760,2017]
[0,294,788,1154,1271,1549,2017]
[0,329,2017]
[0,294,1154,2017]
