[0,853,998,1249]
[0,42,200,469,1193,1249]
[0,169,275,469,853,998,1109,1193,1249]
[0,200,469,1249]
[0,469,1249]
[0,200,1193,1249]
[0,169,275,469,853,998,1109,1249]
[0,275,1249]
[0,169,275,853,998,1193,1249]
[0,200,1249]
[0,200,853,998,1193,1249]
[0,169,275,853,998,1109,1249]
[0,42,200,1249]
[0,275,469,1249]
[0,853,1193,1249]
[0,200,469,1193,1249]
[0,275,469,853,998,1249]
[0,169,275,853,998,1249]
[0,469,853,1193,1249]
[0,853,998,1193,1249]
[0,275,469,853,998,1109,1249]
[0,853,1249]
[0,42,200,1193,1249]
[0,200,853,1249]
[0,275,469,998,1249]
[0,275,853,998,1193,1249]
[0,169,275,853,998,1109,1193,1249]
[0,998,1249]
[0,275,853,1249]
[0,275,853,998,1249]
[0,200,853,998,1249]
[0,200,998,1249]
[0,275,998,1249]
[0,169,275,469,853,998,1249]
[0,469,853,1249]
[0,275,853,998,1109,1249]
[0,169,275,469,853,998,1193,1249]
[0,1193,1249]
[0,42,200,853,998,1193,1249]
