[0,471,1074,1394,2314,2759]
[0,1092,1394,2759]
[0,471,1074,1394,2040,2314,2759]
[0,1074,1394,2759]
[0,471,960,1092,1394,1903,2040,2314,2675,2759]
[0,471,1092,1394,1842,2040,2314,2675,2759]
[0,878,2759]
[0,471,1394,2314,2759]
[0,1074,2759]
[0,1140,2759]
[0,471,1394,2759]
[0,878,2040,2759]
[0,1092,1903,2314,2759]
[0,878,1140,2759]
[0,471,1092,1394,2040,2314,2675,2759]
[0,471,878,1092,1394,2040,2314,2759]
[0,471,1092,1394,1903,2040,2314,2759]
[0,1092,1394,2314,2759]
[0,471,960,1092,1394,1903,2040,2314,2369,2675,2759]
[0,1092,2040,2314,2759]
[0,878,1394,2040,2314,2759]
[0,1394,2314,2759]
[0,471,878,1092,1394,1842,2040,2314,2369,2675,2759]
[0,1249,2040,2759]
[0,1249,2040,2314,2759]
[0,1074,2040,2314,2759]
[0,878,1394,2314,2759]
[0,1092,2040,2759]
[0,471,960,1092,1394,1903,2040,2314,2759]
[0,471,1092,1394,1903,2040,2314,2675,2759]
[0,1074,1394,2314,2759]
[0,1074,2040,2759]
[0,471,878,1092,1394,1842,2040,2314,2675,2759]
[0,878,2040,2314,2759]
[0,1249,2759]
[0,878,1249,2040,2759]
[0,471,1092,1903,2759]
[0,471,1092,1394,1842,2040,2314,2759]
[0,1092,1394,2040,2314,2759]
[0,878,1249,2759]
[0,1394,2759]
[0,1074,1394,2040,2314,2759]
[0,471,1092,1903,2040,2314,2759]
[0,471,1092,1394,2314,2759]
[0,878,1394,2759]
[0,471,1092,1903,2314,2759]
[0,1092,1903,2759]
[0,878,1249,2040,2314,2759]
[0,471,878,1092,1394,1842,2040,2314,2759]
[0,471,1092,1394,2040,2314,2759]
[0,1092,2759]
