[0,242,617,893,1557,2020]
[0,242,365,617,893,1557,2020]
[0,617,889,1557,1829,2020]
[0,114,242,617,889,1557,1829,2020]
[0,114,242,365,617,893,1169,1365,1557,1829,2020]
[0,114,242,365,617,893,1169,1557,1829,2020]
[0,241,617,893,1169,1365,1557,1829,2020]
[0,241,617,893,1271,1557,2020]
[0,241,617,893,1557,2020]
[0,242,617,893,1169,1557,1829,2020]
[0,242,617,889,1169,1365,1557,2020]
[0,242,617,893,1169,1365,1557,2020]
[0,617,1557,2020]
[0,241,617,893,1557,1829,2020]
[0,114,242,365,617,893,1557,2020]
[0,617,1169,1557,2020]
[0,242,617,893,1169,1557,2020]
[0,241,365,617,893,1557,1829,2020]
[0,241,617,893,1530,1829,2020]
[0,617,893,1271,1557,2020]
[0,893,1530,2020]
[0,617,893,1169,1557,2020]
[0,114,242,617,893,1557,2020]
[0,114,242,538,617,889,1169,1557,1829,2020]
[0,242,617,893,1169,1365,1557,1829,2020]
[0,617,1530,2020]
[0,242,617,889,1169,1365,1557,1829,2020]
[0,242,538,617,889,1169,1365,1557,1829,2020]
[0,280,538,893,1530,2020]
[0,114,242,617,889,1557,2020]
[0,241,617,893,1169,1557,1829,2020]
[0,241,365,617,893,1169,1365,1557,1829,2020]
[0,617,889,1169,1557,2020]
[0,242,365,617,893,1169,1365,1557,1829,2020]
[0,242,365,617,893,1169,1557,1829,2020]
[0,242,617,2020]
[0,538,1001,1557,2020]
[0,114,242,617,1557,2020]
[0,242,617,889,1169,1557,2020]
[0,280,538,1001,1557,2020]
[0,538,1557,2020]
[0,242,617,1557,2020]
[0,241,617,893,1169,1365,1557,2020]
[0,538,2020]
[0,617,2020]
[0,538,893,1530,1829,2020]
[0,242,617,889,1557,2020]
[0,114,242,538,617,889,1557,1829,2020]
[0,241,365,617,893,1169,1557,1829,2020]
[0,241,617,893,1530,2020]
[0,241,617,893,1169,1557,2020]
[0,114,242,365,617,893,1557,1829,2020]
[0,114,242,617,2020]
[0,280,538,893,1530,1829,2020]
[0,407,2020]
[0,617,893,1557,2020]
[0,538,1001,2020]
[0,242,365,617,893,1557,1829,2020]
[0,242,538,617,889,1557,1829,2020]
[0,242,617,893,1557,1829,2020]
[0,114,242,617,889,1169,1557,1829,2020]
[0,114,242,538,617,889,1169,1365,1557,1829,2020]
[0,617,889,1557,2020]
[0,242,617,889,1169,1557,1829,2020]
[0,893,2020]
[0,538,893,1530,2020]
[0,617,893,1530,2020]
[0,242,538,617,889,1169,1557,1829,2020]
[0,241,617,893,1271,1557,1829,2020]
[0,241,365,617,893,1557,2020]
[0,617,1271,1557,2020]
[0,114,242,617,889,1169,1365,1557,1829,2020]
[0,242,617,889,1557,1829,2020]
