[0,643,1046]
[0,691,817,872,1046]
[0,275,354,872,1046]
[0,354,691,817,872,1046]
[0,275,354,1046]
[0,275,354,643,1046]
[0,275,354,817,872,1046]
[0,275,817,1046]
[0,275,354,691,817,1046]
[0,354,691,1046]
[0,354,643,1046]
[0,275,354,691,1046]
[0,691,823,1046]
[0,354,691,823,1046]
[0,691,1046]
[0,306,1046]
[0,275,1046]
[0,354,872,1046]
[0,354,1046]
[0,275,872,1046]
[0,275,354,643,817,872,1046]
[0,643,817,1046]
[0,354,643,817,1046]
[0,275,354,691,817,872,1046]
[0,691,817,1046]
[0,354,691,817,1046]
[0,275,354,691,823,1046]
[0,275,354,643,817,1046]
[0,872,1046]
[0,275,817,872,1046]
[0,306,806,1046]
[0,817,872,1046]
