[0,54,139,214,774,1000,1249]
[0,69,1028,1249]
[0,536,944,1249]
[0,108,453,536,698,944,1176,1249]
[0,139,214,774,1000,1249]
[0,1028,1249]
[0,54,1028,1249]
[0,54,139,214,998,1249]
[0,944,1249]
[0,54,139,214,453,536,698,1000,1176,1249]
[0,453,698,944,1249]
[0,54,139,214,698,1000,1249]
[0,108,1000,1249]
[0,139,214,698,1000,1249]
[0,54,139,214,774,1000,1176,1249]
[0,108,536,944,1249]
[0,139,998,1249]
[0,139,774,1000,1249]
[0,774,1000,1249]
[0,108,212,1028,1176,1249]
[0,54,1028,1176,1249]
[0,54,139,214,453,536,698,933,1000,1176,1249]
[0,108,944,1176,1249]
[0,698,944,1176,1249]
[0,139,214,453,698,1000,1176,1249]
[0,996,1249]
[0,139,214,536,998,1249]
[0,742,1028,1249]
[0,536,797,944,1249]
[0,69,996,1249]
[0,54,108,212,1028,1176,1249]
[0,139,1000,1249]
[0,108,1028,1249]
[0,139,214,536,998,1176,1249]
[0,54,536,944,1176,1249]
[0,54,139,214,698,1000,1176,1249]
[0,536,1249]
[0,108,698,944,1249]
[0,108,212,698,944,1249]
[0,139,698,1000,1249]
[0,139,214,453,536,698,1000,1176,1249]
[0,536,998,1176,1249]
[0,54,139,214,453,698,1000,1176,1249]
[0,139,214,774,1000,1176,1249]
[0,54,139,214,536,998,1176,1249]
[0,54,108,536,944,1176,1249]
[0,54,139,214,774,933,1000,1176,1249]
[0,108,453,536,698,944,1249]
[0,139,1028,1249]
[0,536,1028,1249]
[0,54,998,1249]
[0,54,139,698,1000,1249]
[0,108,212,1028,1249]
[0,54,1176,1249]
[0,54,108,212,698,944,1176,1249]
[0,54,108,1028,1176,1249]
[0,54,536,998,1249]
[0,108,212,536,944,1176,1249]
[0,54,108,212,536,944,1176,1249]
[0,108,453,698,944,1249]
[0,139,453,698,1000,1249]
[0,54,139,998,1249]
[0,139,453,536,698,1000,1249]
[0,742,1249]
[0,139,1028,1176,1249]
[0,1028,1176,1249]
[0,108,212,536,797,944,1249]
[0,54,139,1028,1176,1249]
[0,797,944,1249]
[0,54,139,774,1000,1249]
[0,139,214,453,536,698,1000,1249]
[0,108,212,698,944,1176,1249]
[0,108,536,1028,1249]
[0,54,698,944,1176,1249]
[0,108,212,536,1028,1249]
[0,69,536,998,1176,1249]
[0,139,214,453,698,1000,1249]
[0,54,108,212,536,1028,1176,1249]
[0,698,996,1249]
[0,54,139,214,536,998,1249]
[0,69,536,998,1249]
[0,54,108,698,944,1176,1249]
[0,108,1028,1176,1249]
[0,54,698,944,1249]
[0,54,536,998,1176,1249]
[0,698,1000,1249]
[0,54,944,1249]
[0,108,212,536,797,944,1176,1249]
[0,108,536,797,944,1249]
[0,69,698,996,1249]
[0,108,212,536,944,1249]
[0,108,536,944,1176,1249]
[0,54,108,212,536,797,944,1176,1249]
[0,54,774,1000,1249]
[0,69,698,996,1176,1249]
[0,139,214,998,1249]
[0,139,214,774,933,1000,1176,1249]
[0,698,996,1176,1249]
[0,944,1176,1249]
[0,536,998,1249]
[0,139,536,998,1249]
[0,54,944,1176,1249]
[0,69,998,1249]
[0,54,108,453,698,944,1176,1249]
[0,54,1249]
[0,108,698,944,1176,1249]
[0,1000,1249]
[0,998,1249]
[0,1176,1249]
[0,108,797,944,1249]
[0,108,453,698,944,1176,1249]
[0,139,214,453,536,698,933,1000,1176,1249]
[0,108,944,1249]
[0,139,214,698,1000,1176,1249]
[0,54,698,1000,1249]
[0,54,1000,1249]
[0,536,944,1176,1249]
[0,54,108,453,536,698,944,1176,1249]
[0,453,698,1000,1249]
[0,698,1249]
[0,698,944,1249]
[0,108,212,536,1028,1176,1249]
[0,69,742,1028,1249]
