[0,239,1274,1875]
[0,239,1012,1334,1806,1875]
[0,207,915,1059,1274,1875]
[0,207,915,1274,1875]
[0,207,1274,1806,1875]
[0,207,1806,1875]
[0,1274,1875]
[0,1012,1334,1875]
[0,207,915,1334,1806,1875]
[0,915,1875]
[0,1806,1875]
[0,239,1334,1806,1875]
[0,207,346,915,1059,1274,1806,1875]
[0,207,1334,1806,1875]
[0,915,1274,1875]
[0,239,1012,1334,1875]
[0,239,1875]
[0,239,1806,1875]
[0,207,915,1274,1806,1875]
[0,207,1012,1334,1806,1875]
[0,207,346,915,1334,1806,1875]
[0,207,346,915,1059,1274,1875]
[0,207,346,915,1334,1875]
[0,207,1334,1875]
[0,207,346,915,1274,1806,1875]
[0,1334,1875]
[0,207,1274,1875]
[0,207,1875]
[0,239,1334,1875]
[0,207,915,1334,1875]
[0,207,346,915,1274,1875]
[0,207,915,1875]
[0,207,1012,1334,1875]
[0,207,346,915,1012,1059,1274,1806,1875]
[0,915,1334,1875]
