[0,264,406,747,914,1046]
[0,264,406,571,747,914,1046]
[0,264,406,571,747,1046]
[0,264,318,747,841,956,1046]
[0,264,318,747,841,914,1046]
[0,264,747,804,956,1046]
[0,264,747,804,914,1046]
[0,264,406,571,747,841,1046]
[0,264,747,1046]
[0,264,571,747,841,1046]
[0,264,780,1046]
[0,747,956,1046]
[0,747,1046]
[0,747,914,1046]
[0,264,406,747,1046]
[0,264,406,747,804,914,1046]
[0,264,318,747,804,1046]
[0,264,406,747,841,1046]
[0,956,1046]
[0,264,571,747,804,914,1046]
[0,780,1046]
[0,747,841,956,1046]
[0,264,318,406,747,841,956,1046]
[0,288,804,1046]
[0,264,747,956,1046]
[0,264,747,914,1046]
[0,747,804,1046]
[0,264,747,804,1046]
[0,264,406,747,841,956,1046]
[0,264,406,747,841,914,1046]
[0,264,571,747,841,956,1046]
[0,747,804,956,1046]
[0,264,318,747,841,1046]
[0,747,804,914,1046]
[0,264,571,747,841,914,1046]
[0,264,318,406,747,804,914,1046]
[0,264,747,841,1046]
[0,747,841,1046]
[0,264,318,406,747,841,914,1046]
[0,747,841,914,1046]
[0,264,571,747,1046]
[0,780,956,1046]
[0,264,411,747,1046]
[0,264,411,780,956,1046]
[0,264,411,780,1046]
[0,264,411,747,841,1046]
[0,264,1046]
[0,264,780,956,1046]
[0,288,1046]
[0,264,318,406,571,747,804,914,1046]
[0,264,406,571,747,804,914,1046]
[0,264,747,841,956,1046]
[0,264,318,406,571,747,841,956,1046]
[0,264,318,747,804,956,1046]
[0,264,318,747,804,914,1046]
[0,264,571,747,914,1046]
[0,264,747,841,914,1046]
[0,264,406,571,747,841,956,1046]
[0,264,318,406,571,747,841,914,1046]
[0,264,406,571,747,841,914,1046]
