[0,342,1464,3019,3957,4758]
[0,3019,3222,4001,4758]
[0,3019,4001,4758]
[0,3081,4758]
[0,342,1464,2254,3019,3957,4758]
[0,2785,4001,4758]
[0,3019,4758]
[0,3085,4758]
[0,3019,3957,4758]
[0,2019,3019,3957,4758]
[0,2019,3019,4001,4758]
[0,2785,3222,4001,4758]
[0,2019,2254,2785,4001,4446,4758]
[0,2019,2254,2785,3019,3222,4001,4446,4758]
[0,2019,3957,4758]
[0,2019,4001,4758]
[0,342,2019,2254,3019,3957,4758]
[0,2254,3085,4758]
[0,342,655,1464,2019,2254,3019,3957,4758]
[0,2019,2254,2785,3222,4001,4446,4758]
[0,2785,3019,3222,4001,4446,4758]
[0,2254,2785,3222,4001,4446,4758]
[0,2019,3019,4758]
[0,1464,3019,4758]
[0,342,655,1464,3019,3957,4758]
[0,2254,2785,4001,4758]
[0,2019,4758]
[0,2254,3085,4001,4758]
[0,342,2019,3019,3957,4758]
[0,2019,3208,4758]
[0,2785,4758]
[0,342,655,2019,2254,3019,3957,4758]
[0,1464,2254,3019,3957,4758]
[0,342,3019,3957,4758]
[0,3019,4001,4446,4758]
[0,342,655,1464,2254,3019,3957,4758]
[0,2254,4758]
[0,342,655,3019,3957,4758]
[0,2254,2785,3222,4001,4758]
[0,2254,2785,4001,4446,4758]
[0,1464,3019,3957,4758]
[0,2785,3222,4001,4446,4758]
[0,2019,3208,3957,4758]
[0,2019,3208,4001,4758]
[0,342,655,2019,3019,3957,4758]
[0,3019,3222,4001,4446,4758]
[0,2019,2254,2785,4001,4758]
[0,3085,4001,4758]
[0,2019,2254,3019,3957,4758]
[0,2785,4001,4446,4758]
