[0,888,3353]
[0,888,1459,2240,3353]
[0,888,2910,3353]
[0,888,1459,1719,2240,2535,2884,3104,3353]
[0,888,2240,2535,2884,3104,3353]
[0,888,2240,3104,3353]
[0,888,3275,3353]
[0,888,1719,3104,3353]
[0,888,2535,3104,3353]
[0,888,2910,3275,3353]
[0,888,1719,2360,3353]
[0,888,2535,2884,3353]
[0,888,1719,3353]
[0,888,1719,2535,2884,3104,3353]
[0,888,2535,2910,3104,3353]
[0,2360,3353]
[0,888,1459,1719,2240,3353]
[0,888,1459,1719,2240,2360,2535,2884,3104,3353]
[0,888,2884,3275,3353]
[0,888,1459,1719,2240,2535,3353]
[0,888,1459,1719,2240,2360,2535,2910,3104,3353]
[0,888,2240,3353]
[0,888,2535,2884,3104,3353]
[0,888,2240,2535,2884,3353]
[0,888,1459,2240,2535,2910,3104,3353]
[0,888,1459,2240,2535,3104,3353]
[0,888,1459,1719,2240,2360,2535,2721,2910,3104,3353]
[0,888,2535,3353]
[0,888,1459,1719,2240,2535,2884,3104,3275,3353]
[0,888,2884,3104,3275,3353]
[0,888,1459,2240,2535,2910,3104,3275,3353]
[0,888,3261,3353]
[0,888,1719,2535,3104,3353]
[0,888,2240,2535,2884,3104,3275,3353]
[0,888,1459,2240,2535,2884,3104,3353]
[0,888,2240,2535,3353]
[0,888,2240,2535,3104,3353]
[0,888,1459,1719,2240,2360,2535,2721,2910,3104,3275,3353]
[0,888,1459,1719,2240,3104,3353]
[0,888,2240,2535,2910,3104,3275,3353]
[0,888,1459,1719,2240,2535,2721,2910,3104,3353]
[0,888,2910,3104,3275,3353]
[0,888,1459,1719,2240,2535,3104,3353]
[0,888,2910,3104,3353]
[0,888,2360,2884,3261,3353]
[0,2240,3353]
[0,888,1459,1719,3104,3353]
[0,888,1719,2535,3353]
[0,888,2884,3261,3353]
[0,888,2360,2884,3353]
[0,888,1459,1719,2240,2360,2535,2884,3104,3275,3353]
[0,888,2535,2884,3104,3275,3353]
[0,888,1459,1719,2240,2535,2910,3104,3275,3353]
[0,930,3353]
[0,888,1719,2360,2884,3353]
[0,888,2884,3353]
[0,888,1459,1719,2240,2360,2535,2910,3104,3275,3353]
[0,888,1459,1719,2240,2535,2910,3104,3353]
[0,888,1459,2240,2535,2884,3104,3275,3353]
[0,888,3104,3353]
[0,888,2360,3353]
[0,888,1459,1719,3353]
[0,888,2884,3104,3353]
[0,888,1459,2240,2535,3353]
[0,888,2240,2535,2910,3104,3353]
[0,888,1719,2360,2884,3261,3353]
[0,888,2240,2535,2884,3261,3353]
[0,888,2535,2910,3104,3275,3353]
[0,888,2535,2884,3261,3353]
