[0,592,941,1220,1332,1632]
[0,941,1632]
[0,1394,1632]
[0,344,592,941,1003,1220,1332,1394,1632]
[0,344,592,941,1003,1220,1332,1394,1445,1558,1632]
[0,941,1394,1632]
[0,592,941,1220,1332,1394,1445,1632]
[0,344,592,941,1632]
[0,344,592,941,1220,1332,1558,1632]
[0,344,592,941,1394,1632]
[0,344,592,941,1220,1332,1394,1558,1632]
[0,344,592,941,1220,1332,1394,1445,1558,1632]
[0,344,592,941,1003,1220,1332,1394,1558,1632]
[0,1332,1632]
[0,941,1332,1632]
[0,592,941,1220,1332,1394,1632]
[0,344,592,941,1220,1332,1632]
[0,344,592,941,1332,1632]
[0,592,941,1394,1632]
[0,592,941,1332,1632]
[0,592,941,1632]
[0,941,1220,1332,1632]
[0,592,941,1003,1220,1332,1394,1632]
[0,592,941,1220,1332,1394,1558,1632]
[0,592,941,1220,1332,1394,1445,1558,1632]
[0,1220,1332,1632]
[0,592,941,1220,1332,1558,1632]
[0,344,592,941,1220,1332,1394,1632]
