[0,527,1017,1086,1202,1642]
[0,552,1086,1642]
[0,552,1202,1379,1595,1642]
[0,552,1642]
[0,527,1017,1086,1202,1379,1642]
[0,527,1017,1595,1642]
[0,177,552,1202,1379,1595,1642]
[0,177,552,1086,1642]
[0,177,552,1217,1642]
[0,177,527,1017,1379,1595,1642]
[0,177,527,1017,1642]
[0,527,1086,1202,1642]
[0,177,552,1202,1379,1642]
[0,527,1202,1379,1595,1642]
[0,527,1017,1642]
[0,527,1202,1642]
[0,552,1202,1379,1642]
[0,552,1202,1642]
[0,177,527,1017,1379,1642]
[0,527,1017,1379,1642]
[0,527,1086,1202,1379,1642]
[0,527,1642]
[0,527,1017,1379,1595,1642]
[0,527,1017,1086,1202,1379,1595,1642]
[0,527,1202,1379,1642]
[0,552,1217,1642]
