[0,261,1216,1295,1731,1954,2514,2812]
[0,224,304,1216,2812]
[0,304,1216,1731,1898,2812]
[0,304,1216,2514,2812]
[0,261,1216,1295,2739,2812]
[0,224,304,1216,2739,2812]
[0,304,2739,2812]
[0,304,1216,1293,2739,2812]
[0,186,304,1216,1898,2739,2812]
[0,1216,1731,2812]
[0,261,1216,1295,1731,1954,2812]
[0,1216,1898,2812]
[0,304,1216,1293,1731,2812]
[0,2739,2812]
[0,1216,2812]
[0,261,1216,1295,1954,2739,2812]
[0,261,1216,1731,2812]
[0,304,2514,2812]
[0,261,1216,1295,2812]
[0,224,304,1216,1293,2739,2812]
[0,2514,2812]
[0,261,1216,1295,1954,2514,2812]
[0,186,304,1216,1295,1731,1898,2739,2812]
[0,304,1216,1954,2812]
[0,304,1216,1898,2514,2812]
[0,304,2812]
[0,186,304,1216,1295,1954,2739,2812]
[0,261,1216,1295,1954,2812]
[0,261,1216,1295,1731,1954,2739,2812]
[0,186,304,1216,2812]
[0,186,304,1216,1295,1731,2812]
[0,304,1216,1293,1954,2812]
[0,304,1216,1731,2812]
[0,304,1216,1293,1954,2739,2812]
[0,261,1216,1954,2812]
[0,304,1216,1898,2812]
[0,442,2812]
[0,186,304,1216,1295,1731,1954,2739,2812]
[0,224,304,2739,2812]
[0,1954,2812]
[0,304,1216,2812]
[0,261,2514,2812]
[0,186,304,1216,1295,2812]
[0,261,1216,1295,1731,2812]
[0,1954,2514,2812]
[0,261,1216,1954,2514,2812]
[0,261,2812]
[0,304,1216,1293,1731,1954,2812]
[0,442,2472,2812]
[0,1216,2514,2812]
[0,261,1216,1731,1954,2812]
[0,186,304,1216,1295,1731,1954,2812]
[0,224,304,1216,1293,2812]
[0,261,1216,2739,2812]
[0,304,1216,1293,1731,1954,2739,2812]
[0,1216,1954,2514,2812]
[0,186,304,1216,1295,1954,2812]
[0,261,1216,1295,2514,2812]
[0,261,1216,1295,1731,1954,2514,2739,2812]
[0,186,304,1216,1954,2812]
[0,186,304,1216,1731,1954,2812]
[0,1216,1954,2812]
[0,261,1216,2514,2812]
[0,2472,2812]
[0,186,304,1216,1295,1731,1898,2812]
[0,186,304,1216,1295,2739,2812]
[0,304,1216,1731,1954,2812]
[0,261,2739,2812]
[0,261,1216,2812]
[0,186,304,1216,1731,1898,2739,2812]
[0,261,1216,1731,1954,2514,2812]
[0,186,304,1216,1731,2812]
[0,186,304,1216,1898,2812]
[0,186,304,1216,1731,1898,2812]
[0,304,1216,2739,2812]
[0,304,1216,1293,2812]
[0,224,304,2812]
[0,186,304,1216,2739,2812]
