[0,488,1361,2322,2759]
[0,1468,2331,2759]
[0,488,1126,1468,2322,2759]
[0,1126,1402,1953,2386,2759]
[0,1146,2331,2759]
[0,488,1402,2759]
[0,488,1468,2759]
[0,1146,2386,2759]
[0,1126,1468,1980,2331,2759]
[0,1146,2322,2759]
[0,1468,2759]
[0,488,1126,1402,1980,2322,2759]
[0,488,1126,2331,2759]
[0,1468,2322,2759]
[0,1402,2759]
[0,1146,1980,2331,2759]
[0,1126,1953,2759]
[0,1146,1980,2386,2759]
[0,672,1468,2331,2759]
[0,1146,1980,2322,2759]
[0,1402,2386,2759]
[0,488,1402,1980,2322,2759]
[0,1402,2322,2759]
[0,672,1126,1468,1980,2331,2759]
[0,672,1146,1468,1980,2331,2759]
[0,672,1468,2386,2759]
[0,488,1126,1402,1953,2386,2759]
[0,488,1402,1953,2759]
[0,1146,1468,1980,2386,2759]
[0,1402,1980,2322,2759]
[0,1361,2322,2759]
[0,1126,2331,2759]
[0,1146,2759]
[0,1126,1953,2386,2759]
[0,1126,2386,2759]
[0,672,1468,2759]
[0,1126,2322,2759]
[0,1126,2759]
[0,672,1146,1468,1980,2386,2759]
[0,488,1468,2322,2759]
[0,672,1468,1980,2331,2759]
[0,153,2759]
[0,672,1468,1980,2386,2759]
[0,488,1126,2759]
[0,1146,1980,2759]
[0,672,1468,1980,2322,2759]
[0,1146,1468,1980,2331,2759]
[0,672,1468,2322,2759]
[0,672,1146,1468,1980,2322,2759]
[0,1146,1468,1980,2322,2759]
[0,488,1402,2386,2759]
[0,1126,1402,1980,2322,2759]
[0,1126,1402,2386,2759]
[0,153,1126,1402,2386,2759]
[0,488,1402,2322,2759]
[0,1143,2759]
[0,153,1126,1402,1953,2386,2759]
[0,1361,2759]
[0,488,1126,1980,2331,2759]
[0,672,1468,1980,2759]
[0,488,1361,2759]
[0,1126,1468,2322,2759]
[0,1126,1980,2331,2759]
[0,488,1402,1953,2386,2759]
[0,1126,1980,2322,2759]
[0,488,1126,1468,1980,2331,2759]
[0,1468,2386,2759]
[0,1402,1953,2759]
