[0,128,203,314,378,618,742,899,1015,1180]
[0,128,203,314,683,899,1015,1180]
[0,128,203,314,729,899,1180]
[0,270,314,742,899,1180]
[0,128,203,314,380,683,899,1180]
[0,203,314,683,899,1180]
[0,128,203,314,618,742,899,1015,1180]
[0,128,270,385,729,899,1180]
[0,128,203,314,683,899,1180]
[0,314,683,899,1180]
[0,314,683,1180]
[0,314,618,742,899,1015,1180]
[0,203,314,618,742,899,1015,1180]
[0,128,314,742,899,1180]
[0,314,729,1180]
[0,203,314,618,742,899,1180]
[0,270,385,729,899,1180]
[0,270,729,1180]
[0,128,203,314,380,683,742,899,1180]
[0,128,203,314,742,899,1180]
[0,683,1180]
[0,194,378,729,1180]
[0,314,742,1180]
[0,314,729,899,1180]
[0,203,314,683,899,1015,1180]
[0,378,729,1180]
[0,203,314,742,899,1180]
[0,314,742,899,1180]
[0,314,618,742,899,1180]
[0,128,203,314,380,683,899,1015,1180]
[0,128,227,378,729,899,1180]
[0,729,1180]
[0,742,1180]
[0,270,729,899,1180]
[0,128,203,314,380,683,742,899,1015,1180]
[0,227,378,729,899,1180]
[0,378,729,899,1180]
[0,128,203,314,378,618,742,899,1180]
[0,203,314,729,899,1180]
[0,128,203,314,683,742,899,1180]
[0,128,270,729,899,1180]
[0,194,378,729,899,1180]
[0,314,683,899,1015,1180]
[0,128,203,314,618,742,899,1180]
[0,128,270,314,742,899,1180]
