[0,201,381,779,990,1180]
[0,219,270,381,717,948,1098,1180]
[0,948,1180]
[0,270,381,717,948,1098,1180]
[0,270,1180]
[0,66,219,270,381,717,990,1180]
[0,66,270,381,717,948,1098,1180]
[0,270,779,1098,1180]
[0,66,381,779,990,1180]
[0,270,381,693,990,1180]
[0,270,381,717,990,1180]
[0,66,270,381,779,948,1098,1180]
[0,219,270,717,1180]
[0,201,381,669,779,990,1180]
[0,270,381,779,853,990,1180]
[0,201,270,669,990,1180]
[0,201,270,381,693,779,853,990,1180]
[0,381,717,948,1098,1180]
[0,270,669,990,1180]
[0,201,381,779,853,990,1180]
[0,270,381,717,948,1180]
[0,270,779,948,1180]
[0,381,693,1180]
[0,66,381,717,948,1098,1180]
[0,381,669,990,1180]
[0,219,270,779,948,1098,1180]
[0,270,717,1098,1180]
[0,381,779,1180]
[0,381,693,779,853,990,1180]
[0,66,381,669,779,948,990,1180]
[0,270,381,669,779,990,1180]
[0,66,270,381,779,990,1180]
[0,270,717,990,1180]
[0,270,669,1180]
[0,66,381,669,779,990,1180]
[0,66,270,381,779,853,990,1180]
[0,717,948,990,1180]
[0,779,990,1180]
[0,381,779,1098,1180]
[0,219,270,717,948,1098,1180]
[0,270,717,948,1098,1180]
[0,270,717,1180]
[0,66,381,693,990,1180]
[0,66,219,270,779,948,1098,1180]
[0,381,779,948,1180]
[0,66,270,779,990,1180]
[0,66,381,779,948,990,1180]
[0,381,779,948,990,1180]
[0,381,717,990,1180]
[0,270,717,948,1180]
[0,66,381,717,990,1180]
[0,66,201,270,381,693,779,853,990,1180]
[0,66,270,381,669,779,990,1180]
[0,201,381,693,779,853,990,1180]
[0,201,381,693,779,990,1180]
[0,270,717,948,990,1180]
[0,779,1180]
[0,219,270,381,717,990,1180]
[0,779,948,990,1180]
[0,270,948,1180]
[0,66,270,848,990,1180]
[0,219,381,717,948,1098,1180]
[0,693,1180]
[0,66,201,270,381,693,990,1180]
[0,66,219,270,381,717,948,990,1098,1180]
[0,270,848,990,1180]
[0,219,270,779,1180]
[0,66,381,669,990,1180]
[0,201,270,381,779,990,1180]
[0,66,219,270,381,717,948,990,1180]
[0,990,1180]
[0,717,1180]
[0,219,270,381,717,948,990,1180]
[0,201,270,779,1180]
[0,270,381,779,948,1098,1180]
[0,270,779,990,1180]
[0,66,270,779,948,1098,1180]
[0,219,381,717,948,1180]
[0,219,270,779,1098,1180]
[0,270,381,779,990,1180]
[0,66,201,270,381,779,853,990,1180]
[0,66,201,270,381,669,990,1180]
[0,201,270,381,779,853,990,1180]
[0,219,270,717,1098,1180]
[0,66,201,270,381,693,779,990,1180]
[0,201,270,381,669,990,1180]
[0,381,669,1180]
[0,270,779,948,1098,1180]
[0,201,270,693,990,1180]
[0,270,381,779,948,1180]
[0,219,270,717,990,1180]
[0,66,201,270,381,669,779,990,1180]
[0,270,693,990,1180]
[0,66,381,779,1180]
[0,381,717,1180]
[0,201,381,669,990,1180]
[0,66,270,779,1098,1180]
[0,381,779,948,1098,1180]
[0,66,270,381,693,990,1180]
[0,66,270,779,1180]
[0,66,381,717,1180]
[0,66,270,381,717,990,1180]
[0,270,779,1180]
[0,201,381,693,990,1180]
[0,66,270,990,1180]
[0,717,990,1180]
[0,201,270,779,990,1180]
[0,270,381,717,1180]
[0,381,693,990,1180]
[0,270,381,669,990,1180]
[0,66,270,381,669,779,948,990,1180]
[0,270,693,1180]
[0,381,779,990,1180]
[0,948,990,1180]
[0,66,270,381,669,990,1180]
[0,381,717,1098,1180]
[0,381,779,853,990,1180]
[0,66,381,717,1098,1180]
[0,381,717,948,1180]
[0,270,990,1180]
[0,219,270,717,948,990,1180]
[0,381,693,779,990,1180]
[0,669,1180]
[0,381,669,779,990,1180]
[0,201,270,381,693,779,990,1180]
[0,66,201,270,381,779,990,1180]
[0,219,381,717,1180]
[0,201,270,381,693,990,1180]
[0,219,381,717,990,1180]
[0,201,270,381,669,779,990,1180]
[0,66,219,270,381,717,948,1098,1180]
[0,66,201,270,381,669,779,948,990,1180]
