[0,137,256,715,873,1642]
[0,386,715,873,1369,1642]
[0,664,873,1642]
[0,386,873,1642]
[0,584,1035,1642]
[0,431,584,873,1642]
[0,584,873,1027,1642]
[0,256,715,873,1369,1642]
[0,256,873,1642]
[0,715,873,1642]
[0,1085,1642]
[0,256,431,584,873,1027,1642]
[0,256,584,873,1027,1642]
[0,256,664,873,1642]
[0,137,386,715,873,1642]
[0,386,873,1369,1642]
[0,256,431,584,873,1027,1085,1642]
[0,584,873,1027,1085,1642]
[0,584,873,1642]
[0,873,1642]
[0,137,386,715,873,1369,1642]
[0,256,431,664,873,1642]
[0,137,256,715,873,1369,1642]
[0,137,256,386,715,873,1369,1642]
[0,386,715,873,1642]
[0,431,584,873,1027,1642]
[0,256,1085,1642]
[0,256,1085,1369,1642]
[0,715,1085,1642]
[0,584,1642]
[0,256,584,873,1642]
[0,431,584,873,1027,1085,1642]
[0,256,873,1369,1642]
[0,1085,1369,1642]
[0,873,1369,1642]
[0,256,715,873,1642]
