[0,65,268,677,765,907,1249]
[0,214,765,907,1249]
[0,268,677,765,1249]
[0,268,677,804,1096,1249]
[0,214,765,1096,1249]
[0,268,677,907,1096,1249]
[0,65,268,730,907,1096,1186,1249]
[0,65,268,677,804,1096,1186,1249]
[0,65,268,677,804,1096,1249]
[0,65,268,730,1249]
[0,65,268,677,789,1249]
[0,214,765,1249]
[0,65,214,268,730,907,1096,1186,1249]
[0,268,677,804,1249]
[0,65,214,677,765,1249]
[0,268,677,765,907,1249]
[0,268,804,1096,1249]
[0,65,268,677,804,1249]
[0,65,268,677,804,907,1096,1249]
[0,65,268,765,1249]
[0,268,804,1249]
[0,214,765,907,1096,1249]
[0,65,214,765,1249]
[0,214,730,907,1249]
[0,65,206,268,677,730,789,907,1096,1186,1249]
[0,65,268,677,765,907,1096,1249]
[0,65,214,730,1249]
[0,214,677,765,1249]
[0,268,677,789,1096,1249]
[0,65,166,214,268,677,730,804,907,1096,1186,1249]
[0,65,268,677,907,1096,1249]
[0,65,268,677,907,1249]
[0,214,730,907,1096,1249]
[0,214,677,765,907,1096,1249]
[0,65,214,268,677,730,789,907,1096,1186,1249]
[0,65,214,268,677,730,804,907,1096,1186,1249]
[0,65,268,677,730,907,1096,1249]
[0,65,214,730,907,1096,1186,1249]
[0,268,677,1249]
[0,268,765,1249]
[0,65,206,268,677,789,907,1096,1186,1249]
[0,65,214,268,677,804,907,1096,1186,1249]
[0,268,677,789,1249]
[0,65,166,214,268,677,789,907,1096,1186,1249]
[0,65,268,677,789,907,1096,1249]
[0,268,730,1249]
[0,268,730,907,1096,1249]
[0,65,206,268,677,765,907,1096,1249]
[0,65,268,677,789,1096,1249]
[0,65,268,730,907,1096,1249]
[0,268,730,907,1249]
[0,65,268,677,765,1249]
[0,268,789,1249]
[0,65,206,268,677,765,907,1096,1186,1249]
[0,214,730,1249]
[0,268,677,765,907,1096,1249]
[0,794,1249]
[0,65,268,730,907,1249]
[0,214,677,765,907,1249]
[0,730,1249]
[0,65,268,677,789,1096,1186,1249]
[0,65,214,268,730,907,1096,1249]
[0,65,166,214,268,677,730,789,907,1096,1186,1249]
[0,65,214,730,907,1249]
[0,268,677,907,1249]
[0,65,214,268,677,789,907,1096,1186,1249]
[0,677,1249]
[0,789,1249]
[0,765,1249]
[0,268,677,804,907,1096,1249]
[0,65,268,677,730,907,1096,1186,1249]
[0,65,214,268,677,730,907,1096,1186,1249]
[0,804,1249]
[0,268,677,789,907,1096,1249]
[0,65,214,730,907,1096,1249]
[0,268,789,1096,1249]
[0,65,214,677,765,907,1096,1249]
[0,65,268,677,789,907,1096,1186,1249]
[0,65,214,677,765,907,1249]
[0,65,214,268,677,730,907,1096,1249]
[0,65,268,677,765,907,1096,1186,1249]
[0,65,268,677,804,907,1096,1186,1249]
