[0,256,675,827,949,1180]
[0,96,256,465,675,859,1059,1180]
[0,242,827,949,1180]
[0,675,1180]
[0,512,1180]
[0,457,1180]
[0,256,465,1180]
[0,256,457,675,827,949,1180]
[0,96,256,457,512,675,827,949,1059,1180]
[0,256,465,675,859,1180]
[0,256,852,1180]
[0,256,827,949,1180]
[0,242,512,949,1180]
[0,256,675,949,1180]
[0,96,256,457,827,949,1180]
[0,256,465,675,827,949,1180]
[0,256,465,675,1059,1180]
[0,96,256,457,675,827,949,1059,1180]
[0,256,465,675,949,1180]
[0,96,256,675,827,949,1059,1180]
[0,256,675,1059,1180]
[0,96,256,675,827,949,1059,1135,1180]
[0,256,675,1180]
[0,96,256,675,1059,1180]
[0,256,1180]
[0,256,457,1180]
[0,256,457,827,1180]
[0,96,256,457,675,949,1180]
[0,96,256,457,675,827,949,1059,1135,1180]
[0,465,1180]
[0,96,256,465,675,827,949,1059,1180]
[0,96,256,465,827,949,1180]
[0,256,827,1180]
[0,96,256,465,675,827,949,1180]
[0,96,256,457,512,675,827,949,1135,1180]
[0,96,256,465,675,827,949,1059,1135,1180]
[0,96,256,675,949,1180]
[0,852,1180]
[0,242,465,827,1180]
[0,256,457,675,949,1180]
[0,96,256,457,675,827,949,1180]
[0,96,256,457,512,675,827,949,1059,1135,1180]
[0,256,465,675,1180]
[0,256,465,827,1180]
[0,242,827,1180]
[0,256,465,675,859,1059,1180]
[0,242,465,827,949,1180]
[0,256,675,827,949,1059,1180]
[0,96,256,465,675,1059,1180]
[0,96,256,675,827,949,1180]
[0,96,256,457,512,675,827,949,1180]
[0,256,465,827,949,1180]
[0,256,465,675,827,949,1059,1180]
[0,96,256,675,827,949,1135,1180]
[0,827,949,1180]
[0,256,457,675,827,949,1059,1180]
[0,96,256,827,949,1180]
[0,242,512,1180]
[0,827,1180]
[0,256,457,827,949,1180]
