[0,250,660,819,1038,1180]
[0,685,1180]
[0,96,250,685,819,1038,1123,1180]
[0,250,685,819,1180]
[0,709,1180]
[0,96,198,250,685,819,1046,1123,1180]
[0,250,685,1180]
[0,96,250,685,819,1180]
[0,250,819,1180]
[0,250,685,819,1046,1180]
[0,250,709,1180]
[0,96,250,685,819,1038,1180]
[0,250,685,1046,1180]
[0,96,250,685,819,1046,1123,1180]
[0,96,198,250,685,819,1038,1123,1180]
[0,819,1180]
[0,96,198,250,660,819,1038,1123,1180]
[0,96,250,660,819,1038,1180]
[0,660,1180]
[0,250,660,819,1180]
[0,250,685,819,1038,1180]
[0,96,250,660,819,1038,1123,1180]
[0,250,660,1180]
[0,250,685,1038,1180]
[0,96,250,685,819,1046,1180]
