[0,144,356,984,1270,1810]
[0,356,574,692,1270,1379,1810]
[0,358,984,1254,1810]
[0,144,574,984,1254,1480,1810]
[0,144,574,692,984,1254,1480,1617,1810]
[0,144,574,984,1270,1810]
[0,144,574,692,1254,1480,1617,1810]
[0,144,1254,1480,1617,1810]
[0,144,356,984,1270,1480,1617,1810]
[0,144,574,984,1810]
[0,574,984,1810]
[0,144,358,574,692,984,1254,1810]
[0,692,1254,1480,1810]
[0,356,984,1270,1480,1810]
[0,144,1254,1480,1810]
[0,144,356,984,1270,1480,1810]
[0,356,692,1810]
[0,574,692,1254,1322,1810]
[0,358,984,1270,1455,1617,1810]
[0,356,574,692,984,1101,1379,1617,1810]
[0,144,356,692,984,1270,1810]
[0,574,1270,1810]
[0,144,574,984,1254,1810]
[0,144,356,574,692,1101,1379,1617,1810]
[0,144,574,692,1254,1322,1810]
[0,144,358,574,692,984,1254,1617,1810]
[0,144,358,574,692,984,1254,1322,1810]
[0,358,692,1810]
[0,574,984,1617,1810]
[0,356,574,692,984,1270,1379,1617,1810]
[0,144,358,574,692,984,1254,1322,1617,1810]
[0,144,358,984,1270,1810]
[0,144,358,984,1254,1480,1617,1810]
[0,356,574,692,984,1101,1379,1810]
[0,1254,1480,1810]
[0,311,634,1810]
[0,356,1810]
[0,144,356,692,984,1270,1617,1810]
[0,356,1270,1810]
[0,144,358,574,692,984,1108,1254,1480,1617,1810]
[0,144,358,634,984,1270,1810]
[0,574,1254,1810]
[0,144,358,692,984,1254,1617,1810]
[0,144,356,574,692,984,1270,1810]
[0,358,984,1254,1480,1810]
[0,356,984,1270,1810]
[0,144,984,1254,1810]
[0,311,1270,1810]
[0,356,574,692,984,1101,1810]
[0,356,574,692,984,1270,1617,1810]
[0,144,358,984,1254,1810]
[0,358,692,1254,1810]
[0,144,358,574,692,984,1108,1254,1322,1480,1617,1810]
[0,358,692,984,1254,1617,1810]
[0,358,692,984,1254,1810]
[0,144,574,984,1254,1480,1617,1810]
[0,358,634,984,1270,1455,1617,1810]
[0,144,1810]
[0,356,574,692,1101,1379,1810]
[0,311,1810]
[0,356,692,1270,1379,1810]
[0,144,574,692,1810]
[0,356,692,1101,1379,1810]
[0,574,692,1810]
[0,356,574,692,984,1270,1379,1810]
[0,144,358,574,692,984,1254,1480,1617,1810]
[0,144,692,1254,1810]
[0,144,574,692,984,1254,1322,1810]
[0,144,356,984,1101,1270,1480,1617,1810]
[0,692,1254,1810]
[0,358,1254,1810]
[0,574,692,1254,1810]
[0,311,984,1270,1810]
[0,984,1810]
[0,634,1810]
[0,358,984,1270,1455,1810]
[0,144,358,692,984,1254,1480,1617,1810]
[0,574,984,1270,1810]
[0,356,692,1101,1810]
[0,144,356,574,692,984,1101,1270,1379,1617,1810]
[0,356,1270,1379,1810]
[0,358,984,1254,1480,1617,1810]
[0,358,634,984,1270,1810]
[0,1270,1810]
[0,144,356,692,1101,1379,1617,1810]
[0,144,984,1270,1810]
[0,144,1270,1810]
[0,574,984,1254,1480,1810]
[0,574,1810]
[0,356,692,1270,1810]
[0,144,358,634,984,1108,1270,1455,1617,1810]
[0,144,574,984,1617,1810]
[0,144,358,634,984,1270,1455,1617,1810]
[0,144,356,574,692,984,1101,1379,1617,1810]
[0,144,574,1810]
[0,356,984,1101,1810]
[0,356,574,692,1101,1810]
[0,984,1254,1810]
[0,358,634,984,1270,1455,1810]
[0,574,984,1254,1810]
[0,144,574,692,1254,1480,1810]
[0,356,1101,1810]
[0,144,356,574,692,984,1270,1379,1617,1810]
[0,144,358,574,692,984,1254,1322,1480,1617,1810]
[0,1254,1810]
[0,311,634,1617,1810]
[0,356,692,984,1270,1617,1810]
[0,356,984,1810]
[0,356,692,984,1101,1810]
[0,358,1810]
[0,144,358,634,863,984,1108,1270,1455,1617,1810]
[0,144,358,984,1270,1455,1617,1810]
[0,356,574,692,1810]
[0,144,1254,1810]
[0,144,358,692,984,1108,1254,1480,1617,1810]
[0,144,692,1254,1480,1617,1810]
[0,574,1617,1810]
[0,356,692,1101,1379,1617,1810]
[0,144,358,984,1254,1480,1810]
[0,356,692,984,1270,1810]
[0,358,984,1810]
[0,356,574,692,984,1270,1810]
[0,358,984,1270,1810]
[0,356,574,692,1270,1810]
[0,144,358,692,984,1254,1810]
[0,692,1810]
[0,356,574,692,1101,1379,1617,1810]
[0,144,574,692,984,1254,1810]
[0,358,692,984,1254,1480,1810]
[0,144,358,692,984,1254,1480,1810]
[0,144,574,692,1254,1810]
[0,144,356,574,692,984,1270,1617,1810]
[0,356,984,1270,1480,1617,1810]
[0,144,692,1254,1480,1810]
[0,1101,1810]
[0,984,1270,1810]
