[0,310,374,443,1057,1158,1327]
[0,81,443,1057,1158,1327]
[0,308,374,1057,1158,1327]
[0,374,443,1057,1327]
[0,308,1057,1158,1260,1327]
[0,81,374,443,1057,1158,1327]
[0,187,443,1057,1158,1327]
[0,97,308,1057,1158,1327]
[0,1057,1158,1327]
[0,443,1057,1158,1327]
[0,1057,1327]
[0,443,1327]
[0,187,443,1057,1327]
[0,97,308,1057,1158,1260,1327]
[0,81,308,374,443,1057,1158,1327]
[0,81,187,374,443,1057,1158,1327]
[0,1057,1158,1260,1327]
[0,308,374,443,1057,1158,1327]
[0,81,187,308,374,443,1057,1158,1327]
[0,81,310,374,443,1057,1158,1327]
[0,308,1327]
[0,308,1057,1158,1327]
[0,374,443,1057,1158,1327]
[0,97,308,374,1057,1158,1260,1327]
[0,443,1057,1327]
[0,187,374,443,1057,1158,1327]
[0,308,374,1057,1158,1260,1327]
[0,308,1057,1327]
[0,1126,1327]
[0,97,308,374,1057,1158,1327]
[0,81,187,443,1057,1158,1327]
