[0,257,740,1040,1180]
[0,85,205,257,679,740,824,999,1040,1118,1180]
[0,85,205,257,679,824,999,1040,1118,1180]
[0,257,824,1180]
[0,257,679,824,1118,1180]
[0,257,685,824,1040,1118,1180]
[0,257,679,825,999,1040,1118,1180]
[0,257,740,1180]
[0,257,679,825,1118,1180]
[0,85,257,685,824,1040,1118,1180]
[0,257,679,824,1180]
[0,242,740,1180]
[0,85,205,257,679,740,825,999,1040,1118,1180]
[0,257,824,1040,1180]
[0,85,205,257,679,740,825,1040,1118,1180]
[0,85,257,679,825,1040,1118,1180]
[0,85,205,257,679,825,999,1040,1118,1180]
[0,257,740,825,1040,1118,1180]
[0,85,257,679,824,1040,1118,1180]
[0,85,205,257,679,740,824,1040,1118,1180]
[0,85,257,685,824,1180]
[0,257,685,824,1118,1180]
[0,257,825,1180]
[0,824,1180]
[0,85,257,740,825,1180]
[0,85,257,740,825,1118,1180]
[0,257,740,825,1118,1180]
[0,740,1180]
[0,257,679,825,1040,1118,1180]
[0,85,257,679,824,1040,1180]
[0,257,679,824,1040,1180]
[0,85,257,679,825,1180]
[0,85,257,685,824,1040,1180]
[0,85,257,679,825,1040,1180]
[0,257,679,825,1040,1180]
[0,85,205,257,679,824,1040,1118,1180]
[0,257,685,824,1180]
[0,1118,1180]
[0,85,257,679,824,999,1040,1118,1180]
[0,257,740,825,1180]
[0,85,257,740,825,1040,1118,1180]
[0,257,685,824,1040,1180]
[0,825,1180]
[0,85,257,679,740,825,1040,1118,1180]
[0,85,257,679,825,999,1040,1118,1180]
[0,257,679,824,1040,1118,1180]
[0,257,679,824,999,1040,1118,1180]
[0,85,257,679,740,824,1040,1118,1180]
[0,257,679,825,1180]
[0,85,205,257,679,825,1040,1118,1180]
[0,85,257,679,824,1180]
[0,85,257,740,825,1040,1180]
[0,257,740,825,1040,1180]
