[0,149,246,491,712,928,969]
[0,149,491,532,712,969]
[0,491,532,712,969]
[0,149,246,464,712,969]
[0,149,532,712,969]
[0,149,333,491,532,712,969]
[0,149,333,481,712,969]
[0,149,246,491,532,712,928,969]
[0,149,531,712,969]
[0,684,969]
[0,200,684,969]
[0,464,712,969]
[0,491,712,969]
[0,149,491,532,712,928,969]
[0,149,246,712,928,969]
[0,712,969]
[0,149,246,712,969]
[0,149,333,481,582,712,779,969]
[0,149,532,712,779,969]
[0,149,333,582,712,969]
[0,149,246,491,712,969]
[0,149,481,582,712,969]
[0,149,333,491,712,969]
[0,149,333,712,969]
[0,149,712,779,969]
[0,149,246,491,712,779,928,969]
[0,149,464,532,712,969]
[0,149,491,532,712,779,928,969]
[0,149,712,779,928,969]
[0,149,532,712,779,928,969]
[0,149,491,712,969]
[0,333,969]
[0,333,491,712,969]
[0,149,333,481,582,712,969]
[0,464,532,712,969]
[0,200,712,969]
[0,149,246,491,712,779,969]
[0,149,333,481,712,779,969]
[0,149,333,481,531,712,969]
[0,149,464,712,969]
[0,333,712,969]
[0,149,246,491,532,712,779,928,969]
[0,149,246,491,532,712,969]
[0,149,246,464,532,712,969]
[0,491,969]
[0,531,712,969]
[0,149,532,712,928,969]
[0,532,712,969]
[0,149,333,481,531,582,712,779,969]
[0,149,481,531,712,969]
[0,149,712,928,969]
[0,149,333,481,531,712,779,969]
[0,149,712,969]
[0,149,246,712,779,928,969]
[0,149,246,712,779,969]
[0,149,582,712,969]
[0,491,532,969]
