[0,338,1619,2017]
[0,825,1651,2017]
[0,492,1046,1325,1748,2017]
[0,492,1046,1619,2017]
[0,74,338,492,825,1046,1748,2017]
[0,338,825,1046,1651,2017]
[0,74,338,492,825,1046,1325,1534,1651,1830,2017]
[0,492,1046,1830,2017]
[0,492,825,1046,1651,2017]
[0,74,338,492,825,1046,1325,1830,2017]
[0,825,1046,1748,2017]
[0,74,492,825,1046,1325,1534,1748,2017]
[0,74,338,492,825,1046,1325,1651,1830,2017]
[0,74,338,825,1046,1325,1830,2017]
[0,110,492,825,1046,1651,2017]
[0,492,825,1046,2017]
[0,338,492,825,1046,1325,1830,2017]
[0,338,492,825,1046,1651,2017]
[0,338,1046,2017]
[0,492,825,1046,1325,1651,1830,2017]
[0,825,1046,1651,2017]
[0,110,492,1046,1619,2017]
[0,492,825,1046,1325,2017]
[0,1325,2017]
[0,1413,2017]
[0,492,1046,1651,2017]
[0,74,338,492,825,1046,1325,1651,2017]
[0,338,1325,2017]
[0,492,1619,2017]
[0,825,1830,2017]
[0,338,492,825,1046,1325,1651,2017]
[0,492,1046,1325,2017]
[0,338,825,1046,1830,2017]
[0,1619,2017]
[0,74,492,825,1046,1325,1830,2017]
[0,338,825,2017]
[0,338,825,1651,2017]
[0,492,825,1046,1325,1830,2017]
[0,492,1830,2017]
[0,338,1046,1748,2017]
[0,825,1046,2017]
[0,492,1046,2017]
[0,492,2017]
[0,492,825,1046,1830,2017]
[0,492,825,1046,1325,1651,2017]
[0,492,1651,2017]
[0,74,492,825,1046,1325,1748,2017]
[0,1046,2017]
[0,110,492,1651,2017]
[0,492,1046,1325,1651,2017]
[0,825,1046,1830,2017]
[0,338,492,825,1046,1748,2017]
[0,74,338,492,825,1046,1325,1534,1748,2017]
[0,74,338,492,825,1046,1651,2017]
[0,492,1325,2017]
[0,338,825,1046,1748,2017]
[0,492,825,1046,1748,2017]
[0,338,825,1046,1325,2017]
[0,1748,2017]
[0,74,338,1651,2017]
[0,1651,2017]
[0,492,825,2017]
[0,74,492,825,1046,1830,2017]
[0,338,1748,2017]
[0,492,1046,1748,2017]
[0,825,2017]
[0,338,1651,2017]
[0,74,338,825,1046,1830,2017]
[0,338,1413,2017]
[0,338,825,1046,1325,1830,2017]
[0,110,492,1619,2017]
[0,338,825,1046,2017]
[0,74,492,825,1046,1748,2017]
[0,74,492,825,1046,1651,2017]
[0,74,338,825,1046,1748,2017]
[0,338,492,825,1046,1325,1534,1748,2017]
[0,338,492,825,1046,1325,1651,1830,2017]
[0,74,338,825,1046,1651,2017]
[0,110,492,1046,1651,2017]
[0,338,492,825,1046,1325,1534,1651,1830,2017]
[0,492,825,1046,1325,1534,1748,2017]
[0,338,2017]
[0,492,825,1046,1325,1748,2017]
[0,492,1748,2017]
[0,492,825,1046,1325,1534,1651,1830,2017]
[0,338,1046,1325,2017]
[0,825,1748,2017]
