[0,556,1486,1989,2212,2388,2817,2956]
[0,547,1486,1990,2237,2388,2723,2865,2956]
[0,547,1486,2237,2388,2956]
[0,299,2237,2388,2956]
[0,655,1486,2237,2388,2956]
[0,556,2388,2956]
[0,548,1486,2388,2956]
[0,547,1486,2212,2388,2723,2956]
[0,2237,2956]
[0,299,1486,2237,2388,2956]
[0,556,2368,2956]
[0,547,1990,2388,2723,2956]
[0,655,1486,2388,2956]
[0,548,2237,2956]
[0,548,1989,2388,2956]
[0,655,1486,1990,2237,2388,2956]
[0,547,1486,1990,2212,2388,2956]
[0,547,1486,2388,2956]
[0,556,1486,1989,2212,2388,2956]
[0,547,1486,1990,2212,2388,2723,2956]
[0,556,1486,1989,2388,2956]
[0,547,2212,2388,2723,2956]
[0,1486,2237,2956]
[0,547,2388,2723,2956]
[0,1486,1990,2388,2956]
[0,655,2237,2388,2956]
[0,556,1990,2388,2956]
[0,1486,2956]
[0,556,1486,1990,2388,2956]
[0,547,1486,1990,2237,2388,2956]
[0,548,2388,2956]
[0,556,1989,2388,2956]
[0,547,2237,2388,2723,2956]
[0,547,1486,1990,2388,2723,2956]
[0,547,1486,2237,2388,2723,2956]
[0,548,1486,1989,2212,2388,2817,2956]
[0,547,2212,2388,2956]
[0,655,1486,1990,2388,2956]
[0,556,1486,2388,2956]
[0,556,1486,2212,2388,2956]
[0,548,1486,2212,2388,2956]
[0,2388,2956]
[0,556,1486,1990,2212,2388,2956]
[0,547,1486,1990,2212,2388,2817,2956]
[0,547,2237,2388,2956]
[0,556,2212,2388,2956]
[0,547,1486,1990,2237,2388,2723,2956]
[0,547,1486,2237,2388,2723,2865,2956]
[0,655,1486,2956]
[0,548,1486,1989,2212,2388,2956]
[0,2368,2956]
[0,548,2212,2388,2956]
[0,1486,2388,2956]
[0,547,1486,2388,2723,2956]
[0,548,1486,2237,2956]
[0,547,1486,1990,2388,2956]
[0,547,1990,2388,2956]
[0,299,1486,1990,2237,2388,2956]
[0,655,2388,2956]
[0,547,1486,2212,2388,2956]
[0,547,2388,2956]
[0,299,2388,2956]
[0,556,1486,1990,2212,2388,2817,2956]
[0,299,1486,1990,2388,2956]
[0,548,1486,1989,2388,2956]
[0,655,2956]
[0,547,2237,2388,2723,2865,2956]
[0,299,1486,2388,2956]
