[0,368,983,1500,2251,2554]
[0,311,983,2554]
[0,368,983,1500,2554]
[0,124,369,983,1405,1563,2251,2554]
[0,715,2117,2554]
[0,287,983,2554]
[0,369,983,2251,2554]
[0,369,983,2554]
[0,369,983,1405,1563,2251,2554]
[0,368,983,2554]
[0,650,983,1563,1824,2251,2554]
[0,650,983,1563,2554]
[0,124,369,983,1405,1563,1824,2251,2554]
[0,369,983,1405,1563,1824,2251,2554]
[0,983,1563,2554]
[0,1079,2554]
[0,124,983,2251,2554]
[0,124,368,983,1500,2251,2554]
[0,124,368,983,2251,2554]
[0,650,983,2554]
[0,369,983,1563,1824,2251,2554]
[0,124,368,983,1395,1500,2251,2554]
[0,2117,2554]
[0,368,1079,2554]
[0,715,2554]
[0,287,983,2251,2554]
[0,124,650,983,1563,1824,2251,2554]
[0,650,983,2251,2554]
[0,311,983,2251,2554]
[0,983,2554]
[0,124,650,983,2251,2554]
[0,983,2251,2554]
[0,368,983,1395,1500,2251,2554]
[0,124,650,983,1563,2251,2554]
[0,369,983,1563,2554]
[0,369,983,1563,2251,2554]
[0,650,983,1563,2251,2554]
[0,368,983,2251,2554]
[0,983,1500,2554]
[0,368,1079,2251,2554]
