[0,532,969]
[0,78,863,969]
[0,78,468,620,686,863,969]
[0,51,278,422,468,532,576,620,686,863,969]
[0,51,278,422,468,620,686,863,969]
[0,422,468,611,863,969]
[0,78,468,863,969]
[0,468,863,969]
[0,278,422,468,576,620,686,863,969]
[0,51,422,468,576,620,686,863,969]
[0,468,611,863,969]
[0,468,969]
[0,532,863,969]
[0,278,468,969]
[0,422,468,576,620,686,863,969]
[0,78,422,468,620,686,863,969]
[0,422,468,576,620,686,969]
[0,278,468,620,863,969]
[0,51,468,611,686,863,969]
[0,468,620,686,863,969]
[0,468,533,576,620,686,969]
[0,422,468,532,576,620,686,969]
[0,51,422,468,620,863,969]
[0,422,468,620,863,969]
[0,468,532,576,620,686,969]
[0,468,620,863,969]
[0,78,468,620,863,969]
[0,51,468,620,686,863,969]
[0,468,620,969]
[0,468,604,863,969]
[0,422,468,533,576,620,686,863,969]
[0,278,422,468,620,686,863,969]
[0,468,611,969]
[0,468,576,620,686,969]
[0,422,468,532,576,620,686,863,969]
[0,78,422,468,620,863,969]
[0,51,278,422,468,576,620,686,863,969]
[0,422,468,611,686,863,969]
[0,422,468,620,686,863,969]
[0,51,468,620,863,969]
[0,51,422,468,611,686,863,969]
[0,863,969]
[0,278,422,468,532,576,620,686,863,969]
[0,278,422,468,533,576,620,686,863,969]
[0,78,532,863,969]
[0,278,468,620,969]
[0,468,604,969]
[0,422,468,620,686,969]
[0,51,422,468,620,686,863,969]
[0,468,611,686,863,969]
[0,422,468,533,576,620,686,969]
[0,78,422,468,576,620,686,863,969]
[0,468,620,686,969]
[0,278,468,620,686,863,969]
[0,51,278,468,620,686,863,969]
