[0,138,284,969]
[0,284,397,969]
[0,284,397,537,854,969]
[0,284,566,969]
[0,284,397,566,884,969]
[0,72,284,397,566,969]
[0,277,395,854,969]
[0,138,284,397,969]
[0,277,969]
[0,284,397,566,969]
[0,284,537,854,969]
[0,277,395,537,969]
[0,72,277,397,537,854,969]
[0,61,138,284,397,537,854,913,969]
[0,72,277,397,854,969]
[0,61,138,284,336,397,537,854,913,969]
[0,138,284,336,397,537,854,913,969]
[0,72,277,395,537,854,969]
[0,72,284,969]
[0,277,397,854,969]
[0,277,395,969]
[0,277,397,537,969]
[0,61,277,397,537,854,913,969]
[0,284,854,969]
[0,277,397,969]
[0,284,537,969]
[0,277,537,738,969]
[0,72,277,969]
[0,277,395,537,738,969]
[0,284,397,537,913,969]
[0,138,284,397,537,854,969]
[0,72,284,397,566,884,969]
[0,61,277,397,537,969]
[0,61,277,336,397,537,854,969]
[0,284,397,854,969]
[0,284,397,537,969]
[0,72,277,395,537,738,969]
[0,61,284,336,537,854,969]
[0,277,738,969]
[0,277,397,913,969]
[0,284,913,969]
[0,138,284,397,537,969]
[0,138,284,854,969]
[0,284,336,854,969]
[0,138,284,537,969]
[0,61,277,336,397,537,854,913,969]
[0,72,277,395,738,969]
[0,72,277,738,969]
[0,138,284,397,537,913,969]
[0,277,397,537,854,969]
[0,284,397,913,969]
[0,277,395,537,854,969]
[0,72,284,397,969]
[0,138,284,397,537,854,913,969]
[0,277,854,969]
[0,277,537,969]
[0,61,284,537,854,969]
[0,61,277,397,537,854,969]
[0,284,336,537,854,969]
[0,138,284,537,854,969]
[0,61,138,284,397,537,854,969]
[0,277,397,537,913,969]
[0,72,277,395,854,969]
[0,72,277,854,969]
[0,61,277,397,537,913,969]
[0,284,969]
[0,277,395,738,969]
[0,61,284,854,969]
[0,277,913,969]
