[0,298,1286,1501,2020,2554]
[0,1501,2209,2554]
[0,298,1501,2020,2554]
[0,99,298,1286,1501,2209,2554]
[0,298,1501,2554]
[0,2020,2554]
[0,298,2554]
[0,243,1501,2209,2554]
[0,99,298,1130,1286,1501,2020,2209,2554]
[0,2209,2554]
[0,1286,2554]
[0,298,1286,1501,2020,2209,2554]
[0,243,1286,1501,2209,2554]
[0,1814,2554]
[0,243,2209,2554]
[0,298,1130,1286,1501,2020,2209,2554]
[0,539,1814,2554]
[0,1286,2209,2554]
[0,243,2179,2554]
[0,298,1286,2209,2554]
[0,298,2020,2554]
[0,99,298,1286,1501,2020,2209,2554]
[0,243,1286,1501,2020,2209,2554]
[0,298,2209,2554]
[0,243,1501,2020,2209,2554]
[0,2179,2554]
[0,1501,2554]
[0,298,1286,1501,2209,2554]
[0,298,2179,2554]
[0,1501,2020,2554]
