[0,46,94,200,269,679,754,825,1036,1180]
[0,89,227,679,821,1180]
[0,46,200,262,679,825,1036,1180]
[0,89,200,679,1180]
[0,679,1180]
[0,227,679,1180]
[0,46,262,679,825,1180]
[0,89,200,679,821,1180]
[0,46,94,200,262,679,825,1036,1180]
[0,200,262,679,825,1036,1180]
[0,227,749,1180]
[0,200,679,1180]
[0,227,679,821,1180]
[0,89,200,269,679,821,1036,1180]
[0,89,200,679,825,1036,1180]
[0,227,679,821,1036,1180]
[0,262,679,1180]
[0,46,94,200,269,679,825,1036,1180]
[0,200,269,679,825,1036,1180]
[0,89,200,679,825,1180]
[0,200,679,821,1180]
[0,269,679,825,1036,1180]
[0,94,200,679,754,825,1036,1180]
[0,46,200,269,679,825,1036,1180]
[0,89,200,679,821,1036,1180]
[0,94,200,269,679,754,825,884,1036,1180]
[0,269,679,825,1180]
[0,94,200,679,825,1180]
[0,749,1180]
[0,94,200,679,1180]
[0,46,94,200,269,679,754,825,884,1036,1180]
[0,821,1180]
[0,94,200,269,679,825,1036,1180]
[0,89,227,679,821,1036,1180]
[0,89,200,269,679,825,1036,1180]
[0,200,679,825,1036,1180]
[0,46,262,679,825,1036,1180]
[0,200,679,825,1180]
[0,46,269,679,825,1036,1180]
[0,200,749,1180]
[0,46,269,679,825,1180]
[0,200,679,1036,1180]
[0,227,679,1036,1180]
[0,89,227,749,1180]
[0,262,679,825,1180]
[0,200,821,1180]
[0,200,679,821,1036,1180]
[0,94,200,262,679,825,1036,1180]
[0,269,679,1180]
[0,262,679,825,1036,1180]
[0,94,200,269,679,754,825,1036,1180]
[0,94,200,679,825,1036,1180]
