[0,1544,2053]
[0,1544,1869,2053]
[0,1478,1544,2053]
[0,388,1478,1544,1665,1869,1994,2053]
[0,388,1544,1665,1869,2053]
[0,1478,1544,1994,2053]
[0,388,1544,2053]
[0,388,1544,1665,2053]
[0,1544,1994,2053]
[0,388,1478,1544,1994,2053]
[0,1544,1665,1869,2053]
[0,388,1478,1544,1665,1754,1795,1869,1994,2053]
[0,388,1478,1544,1665,1795,1869,1994,2053]
[0,388,1544,1869,2053]
[0,388,1478,1544,1665,1869,2053]
[0,388,1478,1544,1665,1795,1869,2053]
[0,388,1478,1544,1665,1994,2053]
[0,388,1544,1665,1795,1869,2053]
[0,1478,1544,1665,1869,2053]
[0,388,1478,1544,1665,2053]
[0,1478,1544,1869,2053]
[0,388,1478,1544,2053]
