[0,190,1086,1642]
[0,188,556,1060,1642]
[0,556,1113,1642]
[0,82,188,443,598,845,1113,1642]
[0,188,598,1113,1642]
[0,188,390,598,845,1199,1642]
[0,188,556,1086,1642]
[0,556,1060,1642]
[0,188,556,845,1113,1642]
[0,598,845,1199,1642]
[0,390,845,1642]
[0,188,390,598,845,1113,1642]
[0,598,845,1113,1642]
[0,556,1086,1642]
[0,598,1199,1642]
[0,390,598,1113,1642]
[0,188,845,1642]
[0,598,1113,1642]
[0,390,1113,1642]
[0,845,1642]
[0,188,390,845,1642]
[0,390,845,1199,1642]
[0,1113,1642]
[0,598,1642]
[0,188,1113,1642]
[0,188,598,1642]
[0,188,598,845,1199,1642]
[0,390,598,845,1199,1642]
[0,82,188,390,598,845,1199,1642]
[0,390,598,845,1113,1642]
[0,390,845,1113,1642]
[0,556,1642]
[0,188,556,1642]
[0,1086,1642]
[0,188,390,845,1199,1642]
[0,188,598,845,1113,1642]
[0,188,443,598,845,1199,1642]
[0,188,443,598,845,1113,1642]
[0,190,1642]
[0,82,188,390,598,845,1113,1642]
[0,188,1642]
[0,188,556,1113,1642]
[0,556,845,1113,1642]
[0,188,598,1199,1642]
[0,82,188,443,598,845,1199,1642]
[0,188,390,598,1113,1642]
[0,390,1642]
