[0,276,666,1179,1786,2349,2661,2956]
[0,1179,2956]
[0,666,1179,1786,2349,2661,2956]
[0,276,666,1179,1994,2349,2661,2956]
[0,1067,1179,2956]
[0,666,1786,2349,2956]
[0,276,1067,1994,2349,2661,2956]
[0,666,2349,2956]
[0,666,1179,2661,2956]
[0,666,1179,1994,2956]
[0,276,2956]
[0,666,1179,1786,2349,2681,2956]
[0,1179,1786,2349,2661,2956]
[0,276,666,1179,1583,1994,2349,2956]
[0,276,1179,1583,1786,2349,2661,2956]
[0,276,666,1179,1583,1786,2349,2681,2956]
[0,276,1994,2956]
[0,666,1994,2956]
[0,1067,1179,1994,2349,2956]
[0,276,666,1179,1583,1994,2349,2661,2956]
[0,276,666,1179,1786,2349,2956]
[0,276,1179,1786,2349,2661,2956]
[0,1067,1994,2349,2956]
[0,1067,2956]
[0,666,1179,2349,2681,2956]
[0,276,1067,1179,1994,2349,2681,2956]
[0,666,1179,2349,2956]
[0,666,1786,2956]
[0,1067,1994,2956]
[0,666,1179,1994,2349,2661,2956]
[0,276,1067,1179,1994,2349,2661,2956]
[0,666,2956]
[0,276,1067,1994,2349,2956]
[0,276,666,1179,1786,2349,2681,2956]
[0,276,1786,2349,2661,2956]
[0,1067,1179,1994,2956]
[0,276,1786,2956]
[0,1786,2349,2661,2956]
[0,666,1179,1583,1994,2349,2956]
[0,276,1067,1994,2349,2681,2956]
[0,1786,2956]
[0,276,1179,1786,2349,2956]
[0,666,1179,1583,1994,2349,2661,2956]
[0,1179,2349,2956]
[0,2349,2661,2956]
[0,276,1179,1583,1786,2349,2681,2956]
[0,2349,2956]
[0,666,1179,1786,2349,2956]
[0,1786,2349,2956]
[0,276,1786,2349,2956]
[0,276,1067,1179,1994,2349,2956]
[0,276,1994,2349,2681,2956]
[0,276,666,1179,1583,1994,2349,2681,2956]
[0,276,1994,2349,2956]
[0,1067,1994,2349,2661,2956]
[0,2661,2956]
[0,1994,2956]
[0,276,1179,1786,2349,2681,2956]
[0,276,666,1179,1583,1786,2349,2661,2956]
[0,666,1179,1994,2349,2956]
[0,276,1994,2349,2661,2956]
[0,1994,2349,2956]
[0,276,1179,2956]
[0,666,1179,2956]
[0,666,1179,1583,1994,2956]
[0,666,1179,2349,2661,2956]
[0,666,1179,1994,2349,2681,2956]
[0,1994,2349,2661,2956]
[0,666,1994,2349,2956]
[0,276,666,1179,1994,2349,2956]
[0,1179,1786,2349,2956]
[0,276,666,1179,1994,2349,2681,2956]
[0,276,1786,2349,2681,2956]
