[0,404,737,1810]
[0,101,419,652,1354,1410,1641,1810]
[0,404,652,1354,1648,1810]
[0,404,744,1641,1810]
[0,101,404,744,1641,1810]
[0,404,652,1648,1810]
[0,404,737,1354,1641,1810]
[0,101,404,652,1648,1810]
[0,419,1011,1810]
[0,404,1011,1648,1810]
[0,101,404,737,1354,1641,1810]
[0,419,652,1354,1641,1810]
[0,419,652,1011,1354,1810]
[0,404,1011,1810]
[0,404,652,1011,1810]
[0,101,404,737,1641,1810]
[0,404,1810]
[0,101,419,652,1354,1541,1641,1810]
[0,419,652,1641,1810]
[0,404,652,1354,1810]
[0,404,652,1011,1648,1810]
[0,404,744,1354,1641,1810]
[0,404,1011,1354,1810]
[0,404,744,1810]
[0,101,404,652,1810]
[0,101,419,652,1011,1354,1641,1810]
[0,404,737,1354,1648,1810]
[0,419,1810]
[0,101,404,652,1011,1354,1648,1810]
[0,101,419,652,1011,1641,1810]
[0,1354,1810]
[0,419,652,1011,1641,1810]
[0,101,404,737,1354,1648,1810]
[0,101,404,737,1810]
[0,101,404,1011,1648,1810]
[0,419,652,1354,1810]
[0,101,419,652,1011,1354,1541,1641,1810]
[0,101,419,652,1810]
[0,404,737,1648,1810]
[0,101,404,652,1011,1354,1541,1648,1810]
[0,101,404,652,1354,1424,1648,1810]
[0,419,1011,1354,1810]
[0,404,737,1641,1810]
[0,419,652,1810]
[0,404,744,1354,1810]
[0,101,419,652,1354,1641,1810]
[0,101,404,652,1011,1354,1424,1648,1810]
[0,396,1810]
[0,404,652,1011,1354,1810]
[0,101,404,652,1011,1648,1810]
[0,101,404,737,1648,1810]
[0,419,1354,1810]
[0,419,652,1011,1354,1641,1810]
[0,404,652,1810]
[0,396,744,1810]
[0,404,652,1011,1354,1648,1810]
[0,101,404,652,1354,1648,1810]
[0,101,404,1810]
[0,404,737,1354,1810]
[0,404,1354,1810]
[0,404,652,1011,1354,1541,1648,1810]
[0,101,419,652,1641,1810]
[0,101,404,744,1354,1641,1810]
[0,101,404,744,1810]
[0,419,652,1011,1810]
[0,1011,1810]
