[0,593,876,1215,1391,1632]
[0,593,1221,1632]
[0,593,876,1632]
[0,393,593,876,1044,1215,1389,1632]
[0,393,593,940,1095,1323,1632]
[0,393,593,876,1044,1215,1391,1632]
[0,311,393,593,940,1095,1215,1323,1391,1632]
[0,593,1632]
[0,311,393,593,876,1044,1215,1389,1632]
[0,393,593,876,1389,1632]
[0,311,393,593,876,1044,1215,1391,1632]
[0,393,593,876,1391,1632]
[0,393,593,940,1323,1632]
[0,593,940,1095,1216,1391,1632]
[0,593,940,1216,1323,1632]
[0,393,593,940,1391,1632]
[0,593,940,1216,1391,1632]
[0,311,393,593,940,1095,1216,1323,1632]
[0,593,940,1095,1216,1323,1632]
[0,393,593,940,1216,1323,1632]
[0,311,393,593,876,1389,1632]
[0,393,593,940,1095,1216,1323,1632]
[0,393,593,876,1215,1389,1632]
[0,393,593,940,1095,1215,1391,1632]
[0,1389,1632]
[0,393,593,940,1095,1216,1391,1632]
[0,311,393,593,876,1391,1632]
[0,393,593,940,1216,1391,1632]
[0,311,393,593,940,1095,1216,1391,1632]
[0,311,393,593,940,1215,1391,1632]
[0,593,940,1323,1632]
[0,593,876,1391,1632]
[0,593,940,1389,1632]
[0,393,593,876,1215,1391,1632]
[0,593,940,1391,1632]
[0,593,940,1095,1215,1391,1632]
[0,311,393,593,876,1044,1215,1323,1391,1632]
[0,311,393,593,940,1216,1391,1632]
[0,1391,1632]
[0,593,876,1044,1215,1389,1632]
[0,311,393,593,876,1215,1389,1632]
[0,593,876,1044,1215,1391,1632]
[0,593,940,1215,1389,1632]
[0,311,393,593,940,1216,1323,1632]
[0,393,593,940,1215,1391,1632]
[0,593,1323,1632]
[0,593,1389,1632]
[0,593,876,1215,1389,1632]
[0,311,393,593,876,1215,1391,1632]
[0,593,940,1215,1391,1632]
[0,311,393,593,940,1095,1215,1391,1632]
[0,593,876,1389,1632]
[0,593,940,1632]
[0,593,1391,1632]
[0,311,393,593,940,1095,1216,1323,1391,1632]
[0,593,940,1095,1323,1632]
