[0,405,576,1115,1921,2017]
[0,66,405,575,1115,2017]
[0,405,575,1115,1744,1921,2017]
[0,66,405,576,1115,2017]
[0,66,405,575,707,803,1115,1744,1921,2017]
[0,405,575,905,1115,1744,1921,2017]
[0,405,576,905,1115,1744,2017]
[0,405,576,707,1115,1744,2017]
[0,575,2017]
[0,405,905,1115,2017]
[0,66,405,575,707,1115,1744,1921,2017]
[0,405,1115,1744,2017]
[0,66,405,601,1115,2017]
[0,405,575,707,1115,1744,1921,2017]
[0,405,575,1115,1744,2017]
[0,405,2017]
[0,405,575,712,905,1115,1744,1921,2017]
[0,460,2017]
[0,405,575,905,1115,2017]
[0,405,905,1115,1744,2017]
[0,405,576,1115,1744,1921,2017]
[0,405,575,712,905,1115,1744,2017]
[0,506,2017]
[0,405,576,905,1115,1744,1921,2017]
[0,405,1115,2017]
[0,405,576,1115,1744,2017]
[0,460,1743,2017]
[0,66,405,576,707,803,1115,1744,1921,2017]
[0,405,575,712,905,1115,2017]
[0,405,576,1115,2017]
[0,66,405,575,712,905,1115,1744,1921,2017]
[0,405,575,707,803,1115,1744,1921,2017]
[0,405,576,707,803,1115,1744,1921,2017]
[0,405,575,707,1115,1744,2017]
[0,66,405,576,707,1115,1744,1921,2017]
[0,405,601,1115,2017]
[0,405,576,905,1115,2017]
[0,66,405,575,1115,1744,1921,2017]
[0,575,1115,1744,2017]
[0,405,575,1115,2017]
[0,66,405,576,1115,1744,1921,2017]
[0,1115,2017]
[0,405,575,1115,1921,2017]
[0,66,405,576,905,1115,1744,1921,2017]
[0,405,575,905,1115,1744,2017]
[0,575,1115,2017]
[0,405,576,707,1115,1744,1921,2017]
[0,506,1115,2017]
