[0,278,344,594,940,992,1105,1223,1336,1632]
[0,281,594,1336,1632]
[0,278,594,940,1223,1336,1632]
[0,594,936,1223,1336,1632]
[0,281,344,594,1105,1336,1632]
[0,594,940,992,1336,1632]
[0,594,936,992,1105,1223,1336,1632]
[0,278,594,940,992,1105,1223,1336,1632]
[0,344,1105,1632]
[0,278,594,940,1105,1223,1336,1632]
[0,344,1632]
[0,594,1105,1223,1336,1632]
[0,594,944,1336,1632]
[0,278,594,944,1336,1632]
[0,936,1632]
[0,594,940,1223,1336,1632]
[0,278,594,944,1214,1336,1632]
[0,344,1336,1632]
[0,278,594,944,1105,1336,1632]
[0,281,594,1105,1336,1632]
[0,1105,1632]
[0,278,594,940,1336,1632]
[0,281,344,594,1336,1632]
[0,281,344,594,936,1105,1223,1336,1632]
[0,281,594,936,1105,1223,1336,1632]
[0,281,344,594,936,992,1105,1223,1336,1632]
[0,278,344,594,944,1214,1336,1632]
[0,281,594,936,1223,1336,1632]
[0,940,1632]
[0,594,940,1336,1632]
[0,594,944,1105,1223,1336,1632]
[0,1336,1632]
[0,594,944,1105,1336,1632]
[0,278,594,940,1105,1336,1632]
[0,594,936,1632]
[0,281,344,594,1105,1223,1336,1632]
[0,281,594,1105,1223,1336,1632]
[0,281,344,594,936,1223,1336,1632]
[0,594,940,1632]
[0,944,1632]
[0,281,594,936,1105,1336,1632]
[0,278,594,944,1223,1336,1632]
[0,594,944,1214,1336,1632]
[0,281,344,398,594,936,992,1105,1223,1336,1632]
[0,594,936,1105,1336,1632]
[0,594,1632]
[0,594,936,992,1223,1336,1632]
[0,594,940,992,1223,1336,1632]
[0,278,344,594,940,1223,1336,1632]
[0,281,594,936,992,1105,1223,1336,1632]
[0,594,936,992,1336,1632]
[0,594,940,1105,1336,1632]
[0,594,940,1105,1223,1336,1632]
[0,278,594,944,1105,1223,1336,1632]
[0,281,594,936,1336,1632]
[0,278,344,594,944,1105,1223,1336,1632]
[0,594,944,1223,1336,1632]
[0,278,344,594,944,1223,1336,1632]
[0,594,936,1105,1223,1336,1632]
[0,594,940,992,1105,1223,1336,1632]
[0,278,344,594,940,1105,1223,1336,1632]
[0,594,936,1336,1632]
[0,594,944,1632]
[0,594,1105,1336,1632]
[0,594,1336,1632]
