[0,525,1046]
[0,331,527,761,1046]
[0,761,874,1046]
[0,331,573,761,1046]
[0,249,858,1046]
[0,527,1046]
[0,331,874,1046]
[0,332,527,761,874,1046]
[0,399,1046]
[0,315,761,874,1046]
[0,315,527,761,874,1046]
[0,331,573,761,874,1046]
[0,525,761,874,1046]
[0,331,527,761,874,1046]
[0,331,1046]
[0,573,1046]
[0,527,761,1046]
[0,61,332,527,761,874,1046]
[0,249,525,1046]
[0,249,1046]
[0,331,761,1046]
[0,315,1046]
[0,315,527,761,1046]
[0,315,573,761,874,1046]
[0,332,527,761,1046]
[0,61,315,527,761,874,1046]
[0,874,1046]
[0,315,874,1046]
[0,331,417,573,761,874,1046]
[0,525,761,1046]
[0,61,315,573,761,874,1046]
[0,180,573,761,1046]
[0,858,1046]
[0,331,761,874,1046]
[0,61,331,573,761,874,1046]
[0,249,525,858,1046]
[0,249,525,761,1046]
[0,315,399,527,761,874,1046]
[0,399,858,1046]
[0,249,525,761,874,1046]
[0,573,761,874,1046]
[0,527,761,874,1046]
[0,573,761,1046]
[0,315,573,761,1046]
[0,315,761,1046]
