[0,1225,1403,2554]
[0,585,1100,1226,1288,1518,2554]
[0,1100,1226,1288,1518,2554]
[0,736,1225,1403,2554]
[0,736,2554]
[0,585,2554]
[0,736,1100,1226,1288,1518,2554]
[0,736,1403,2554]
[0,1518,2554]
[0,585,1518,2554]
[0,1100,1180,1226,1288,1518,2554]
[0,1100,1180,1226,1518,2554]
[0,736,1100,1518,2554]
[0,736,1100,1226,1518,2554]
[0,1100,1518,2554]
[0,1225,2554]
[0,736,1100,2554]
[0,1100,1180,1226,2554]
[0,585,1100,1180,1226,1518,2554]
[0,1100,1226,1518,2554]
[0,585,1100,1180,1226,1288,1518,2554]
[0,585,1100,1518,2554]
[0,1100,1226,2554]
[0,1100,1403,2554]
[0,736,1100,1180,1226,1288,1518,2554]
[0,1100,2554]
[0,585,1100,1226,1518,2554]
[0,1100,1226,1403,2554]
