[0,1319,1833,1984,2043,2269,2554]
[0,1319,1833,2269,2505,2554]
[0,1319,1833,1984,2043,2269,2379,2554]
[0,1319,2043,2505,2554]
[0,1319,2505,2554]
[0,1319,2554]
[0,1319,1833,1984,2043,2554]
[0,1319,2269,2554]
[0,1319,1833,2269,2379,2554]
[0,1319,1984,2043,2554]
[0,1319,1984,2505,2554]
[0,1319,1833,2554]
[0,1319,1833,1984,2554]
[0,1319,1833,1984,2269,2554]
[0,1319,2269,2505,2554]
[0,1319,1833,1984,2269,2505,2554]
[0,1289,2554]
[0,1319,1833,1984,2043,2269,2379,2505,2554]
[0,1319,1833,1984,2043,2505,2554]
[0,1319,1833,2379,2554]
[0,1319,2269,2379,2554]
[0,1319,1984,2554]
[0,1319,1833,1984,2043,2269,2505,2554]
[0,1319,1833,1984,2269,2379,2554]
[0,1319,1984,2043,2505,2554]
[0,1319,2043,2554]
[0,1319,1833,2269,2554]
