[0,376,925,1622,2017]
[0,334,1622,1817,2017]
[0,644,883,1622,1967,2017]
[0,334,883,1257,1622,1817,2017]
[0,883,2017]
[0,376,925,1471,1622,1817,2017]
[0,334,925,1622,2017]
[0,376,925,1471,1622,1817,1967,2017]
[0,1257,1622,2017]
[0,334,883,1257,1471,1622,1817,2017]
[0,469,2017]
[0,1257,2017]
[0,376,1622,1817,2017]
[0,644,883,2017]
[0,376,883,1622,1817,2017]
[0,334,883,1873,2017]
[0,334,1257,1622,2017]
[0,334,925,1257,1622,2017]
[0,334,883,2017]
[0,334,883,1622,2017]
[0,376,1471,1622,2017]
[0,334,1817,1967,2017]
[0,334,1471,1622,1817,1967,2017]
[0,376,1471,1622,1817,1967,2017]
[0,334,883,1257,1471,1622,1817,1967,2017]
[0,883,1257,1622,2017]
[0,334,925,1257,1471,1622,1817,1967,2017]
[0,334,2017]
[0,1157,2017]
[0,334,883,1622,1817,2017]
[0,334,1471,1622,1817,2017]
[0,376,883,1622,1817,1967,2017]
[0,334,883,1967,2017]
[0,334,925,1257,1622,1817,2017]
[0,376,1622,1817,1967,2017]
[0,334,883,1257,1471,1622,2017]
[0,334,1257,1471,1622,1817,2017]
[0,376,1817,1967,2017]
[0,925,2017]
[0,376,1471,1622,1817,2017]
[0,334,1622,1817,1967,2017]
[0,334,1157,2017]
[0,334,925,1471,1622,2017]
[0,334,925,1622,1817,2017]
[0,334,925,1471,1622,1817,1967,2017]
[0,925,1622,2017]
[0,334,1817,2017]
[0,334,1257,1471,1622,1817,1967,2017]
[0,334,883,1622,1817,1967,2017]
[0,376,925,1622,1817,2017]
[0,334,883,1257,1622,2017]
[0,334,1471,1622,2017]
[0,334,1257,1471,1622,2017]
[0,1622,2017]
[0,334,925,1471,1622,1817,2017]
[0,334,925,1257,1471,1622,2017]
[0,376,1622,2017]
[0,334,925,2017]
[0,469,883,2017]
[0,469,883,1873,2017]
[0,334,1257,1622,1817,2017]
[0,644,883,1622,2017]
[0,883,1873,2017]
[0,376,2017]
[0,1967,2017]
[0,644,883,1967,2017]
[0,883,1622,2017]
[0,334,1873,2017]
[0,376,883,1622,2017]
[0,334,925,1257,1471,1622,1817,2017]
[0,334,1622,2017]
[0,376,1967,2017]
[0,334,1157,1873,2017]
[0,883,1967,2017]
[0,376,1817,2017]
[0,334,1967,2017]
