[0,369,887,1131,1180]
[0,570,843,1180]
[0,369,951,1180]
[0,178,369,887,1131,1180]
[0,462,843,951,1180]
[0,369,570,843,951,1180]
[0,951,1131,1180]
[0,570,843,951,1180]
[0,369,843,951,1180]
[0,178,462,843,1180]
[0,51,369,506,570,843,887,951,1131,1180]
[0,51,369,506,570,951,1180]
[0,178,462,843,951,1180]
[0,369,506,570,843,951,1180]
[0,178,462,843,951,1131,1180]
[0,506,570,951,1180]
[0,51,369,506,570,843,1180]
[0,51,506,570,843,951,1180]
[0,178,369,843,1180]
[0,51,369,506,570,843,951,1131,1180]
[0,178,369,887,1180]
[0,887,1180]
[0,570,1180]
[0,506,570,843,1180]
[0,51,570,843,1180]
[0,369,506,951,1180]
[0,570,951,1131,1180]
[0,506,1180]
[0,922,1180]
[0,369,506,570,951,1131,1180]
[0,462,951,1131,1180]
[0,462,843,1180]
[0,904,1180]
[0,506,922,1180]
[0,51,228,506,570,843,951,1180]
[0,506,904,1180]
[0,369,887,1180]
[0,51,369,506,570,951,1131,1180]
[0,51,506,570,843,951,1131,1180]
[0,369,1180]
[0,369,506,570,951,1180]
[0,369,843,1180]
[0,369,570,843,1180]
[0,178,369,843,1131,1180]
[0,506,570,843,951,1180]
[0,369,506,570,843,1180]
[0,178,369,570,843,1180]
[0,570,843,951,1131,1180]
[0,228,570,843,1180]
[0,178,369,570,843,1131,1180]
[0,951,1180]
[0,369,843,1131,1180]
[0,887,1131,1180]
[0,570,843,1131,1180]
[0,462,843,951,1131,1180]
[0,843,1180]
[0,51,369,506,570,843,951,1180]
[0,51,228,506,570,843,951,1131,1180]
[0,506,570,951,1131,1180]
[0,462,1180]
[0,228,570,843,951,1180]
[0,462,951,1180]
[0,51,570,843,951,1131,1180]
[0,51,506,570,843,1180]
[0,51,570,843,951,1180]
[0,570,951,1180]
[0,228,506,570,843,951,1180]
