[0,408,650,969]
[0,78,386,649,877,969]
[0,481,650,969]
[0,222,335,481,607,969]
[0,78,481,607,877,969]
[0,607,969]
[0,222,969]
[0,78,649,877,969]
[0,78,222,335,481,607,877,969]
[0,650,877,969]
[0,222,481,607,969]
[0,481,649,877,969]
[0,481,649,969]
[0,481,607,969]
[0,78,222,481,607,877,969]
[0,877,969]
[0,481,969]
[0,164,969]
[0,481,650,877,969]
[0,78,481,650,877,969]
[0,78,969]
[0,222,335,481,607,877,969]
[0,386,649,877,969]
[0,386,969]
[0,408,969]
[0,386,649,969]
[0,650,969]
[0,222,607,969]
[0,78,408,650,969]
[0,649,877,969]
[0,78,481,649,877,969]
[0,78,386,650,969]
[0,78,877,969]
[0,78,481,969]
[0,386,650,877,969]
[0,481,607,877,969]
[0,78,386,969]
[0,78,386,650,877,969]
[0,386,877,969]
[0,78,650,969]
[0,78,650,877,969]
[0,164,649,969]
[0,386,650,969]
[0,222,481,607,877,969]
[0,649,969]
[0,78,481,650,969]
