[0,538,908,1257,1767,2211]
[0,908,1767,2211]
[0,568,1363,2211]
[0,575,1877,2211]
[0,538,908,1363,2211]
[0,908,1257,1767,1931,2211]
[0,538,908,1257,1726,1931,1989,2211]
[0,908,2211]
[0,538,908,1257,1989,2211]
[0,908,1989,2211]
[0,538,908,1257,2211]
[0,908,1257,1931,1989,2211]
[0,538,2211]
[0,1363,2211]
[0,908,1257,1767,2211]
[0,908,1257,1989,2211]
[0,908,1363,2211]
[0,538,908,1363,1931,2211]
[0,908,1363,1726,2211]
[0,538,1257,1726,2211]
[0,575,2211]
[0,538,908,1363,1726,2211]
[0,538,1257,2211]
[0,538,908,1257,1767,2077,2211]
[0,538,908,1257,1767,1931,1989,2211]
[0,538,908,1257,1726,2211]
[0,908,1726,2211]
[0,908,1257,1726,1931,1989,2211]
[0,1257,2211]
[0,908,1257,1767,1931,1989,2211]
[0,568,2211]
[0,538,908,1257,1726,1989,2211]
[0,538,1257,1767,2211]
[0,908,1257,1726,1989,2211]
[0,908,1257,2211]
[0,538,908,1257,1767,1931,2211]
[0,908,1257,1726,2211]
