[0,223,1150,4285]
[0,2524,4285]
[0,44,223,1254,2238,4285]
[0,1218,2238,4285]
[0,97,1218,4285]
[0,44,223,1150,4285]
[0,44,1150,4285]
[0,2238,4285]
[0,44,223,1218,4285]
[0,223,1218,4285]
[0,223,1218,2238,4285]
[0,1254,4285]
[0,1150,4285]
[0,223,1254,2238,4285]
[0,44,1218,4285]
[0,44,223,1218,2252,4285]
[0,1218,4285]
[0,1150,2238,4285]
[0,44,223,1150,2524,4285]
[0,44,1150,2238,4285]
[0,223,1150,2238,4285]
[0,1150,2524,4285]
[0,97,1254,4285]
[0,223,1150,2524,4285]
[0,44,223,1254,4285]
[0,1218,2252,4285]
[0,223,1254,4285]
[0,44,223,1150,2238,4285]
[0,223,1218,2252,4285]
[0,1254,2238,4285]
[0,44,223,1218,2238,4285]
[0,44,1254,4285]
[0,97,1218,2252,4285]
