[0,58,452,501,898,1180]
[0,501,1180]
[0,501,898,1180]
[0,56,452,501,898,954,1033,1180]
[0,56,898,1180]
[0,56,452,501,898,1180]
[0,898,1033,1180]
[0,898,954,1033,1180]
[0,58,501,898,1180]
[0,501,898,954,1033,1180]
[0,898,1180]
[0,58,501,898,954,1033,1180]
[0,56,898,954,1033,1180]
[0,58,898,1033,1180]
[0,56,501,898,1033,1180]
[0,58,898,1180]
[0,501,898,1033,1180]
[0,56,898,1033,1180]
[0,58,452,501,898,954,1033,1180]
[0,58,898,954,1033,1180]
[0,58,452,501,898,1033,1180]
[0,56,501,898,1180]
[0,56,501,898,954,1033,1180]
[0,56,452,501,898,1033,1180]
[0,58,501,898,1033,1180]
