[0,622,1179,1633,2017]
[0,329,622,1317,2017]
[0,329,784,1058,1633,1851,2017]
[0,622,1058,1716,2017]
[0,329,581,1058,2017]
[0,329,581,784,1058,1661,1851,2017]
[0,54,329,622,1317,1851,2017]
[0,329,581,1058,1317,1505,1851,2017]
[0,329,581,784,1058,1661,2017]
[0,784,2017]
[0,329,581,1058,1633,2017]
[0,54,329,622,1317,1505,1851,2017]
[0,183,2017]
[0,329,784,1058,1317,1505,1661,1851,2017]
[0,329,784,1058,1661,1851,2017]
[0,329,622,1317,1505,1851,2017]
[0,183,622,2017]
[0,622,1633,2017]
[0,329,784,1058,1317,1505,1633,1851,2017]
[0,329,1633,2017]
[0,329,581,2017]
[0,581,1317,2017]
[0,54,329,581,784,1058,2017]
[0,329,581,784,1058,1317,1505,1661,1851,2017]
[0,329,784,1058,1317,1633,2017]
[0,329,581,784,1058,1317,2017]
[0,183,622,1058,1505,1716,2017]
[0,329,581,784,1058,1317,1851,2017]
[0,329,581,1317,2017]
[0,54,329,581,1317,1505,1851,2017]
[0,581,1058,1317,2017]
[0,54,329,581,784,1058,1317,1505,1661,1851,2017]
[0,329,581,784,1058,1317,1661,1851,2017]
[0,329,1661,2017]
[0,183,622,1633,2017]
[0,784,1633,2017]
[0,329,622,2017]
[0,54,329,581,784,1058,1317,1505,1633,1851,2017]
[0,329,1633,1851,2017]
[0,329,581,1058,1317,2017]
[0,329,784,1633,2017]
[0,622,1179,2017]
[0,622,2017]
[0,54,329,581,784,1058,1317,1851,2017]
[0,329,581,1058,1505,1633,2017]
[0,329,581,1058,1317,1505,2017]
[0,329,581,1633,2017]
[0,183,622,1058,1716,2017]
[0,581,1058,1633,2017]
[0,784,1661,2017]
[0,329,784,1058,2017]
[0,54,329,581,784,1058,1317,1505,1851,2017]
[0,581,1179,2017]
[0,329,2017]
[0,329,581,784,1058,2017]
[0,329,784,1058,1317,1661,1851,2017]
[0,329,784,1661,2017]
[0,329,784,1058,1317,1633,1851,2017]
[0,329,784,2017]
[0,329,784,1058,1505,1661,1851,2017]
[0,329,784,1058,1633,2017]
[0,329,581,784,1058,1633,1851,2017]
[0,329,784,1058,1505,1633,1851,2017]
[0,54,329,581,784,1058,1633,1851,2017]
[0,54,329,581,1317,1851,2017]
[0,329,784,1633,1851,2017]
[0,329,581,1317,1505,1851,2017]
[0,54,329,581,784,1058,1851,2017]
[0,183,622,1633,1851,2017]
[0,329,784,1661,1851,2017]
[0,329,581,1317,1851,2017]
[0,329,784,1058,1661,2017]
[0,1633,2017]
[0,581,2017]
[0,329,581,1317,1505,2017]
[0,329,581,784,1058,1317,1633,2017]
[0,329,622,1317,1851,2017]
[0,329,622,1317,1505,2017]
[0,622,1058,1505,1716,2017]
[0,329,784,1058,1317,1661,2017]
[0,329,1661,1851,2017]
[0,581,1633,2017]
[0,329,784,1058,1317,2017]
[0,1661,2017]
[0,183,622,1179,1633,2017]
[0,329,581,784,1058,1317,1505,2017]
[0,329,581,784,1058,1317,1661,2017]
[0,622,1058,2017]
[0,329,581,784,1058,1317,1633,1851,2017]
[0,329,581,784,1058,1317,1505,1851,2017]
[0,1179,2017]
[0,329,581,784,1058,1317,1505,1633,1851,2017]
[0,329,581,784,1058,1851,2017]
[0,183,622,1058,2017]
[0,329,581,784,1058,1633,2017]
[0,581,1058,2017]
[0,1317,2017]
[0,329,581,1505,1633,2017]
[0,329,1317,2017]
[0,54,329,581,1058,1317,1505,1851,2017]
