[0,278,731,868,1249]
[0,49,271,731,868,1249]
[0,49,278,731,868,1091,1249]
[0,49,230,278,731,868,1050,1097,1173,1249]
[0,49,230,278,731,868,1050,1091,1173,1249]
[0,271,793,1249]
[0,271,731,1249]
[0,49,278,731,868,1097,1249]
[0,869,1249]
[0,234,793,1249]
[0,278,731,868,1097,1173,1249]
[0,278,731,868,1091,1173,1249]
[0,49,278,731,868,1249]
[0,49,278,731,868,1050,1091,1249]
[0,278,731,1091,1249]
[0,278,731,868,1091,1249]
[0,49,230,278,731,868,1091,1173,1249]
[0,49,278,731,868,1050,1097,1249]
[0,49,278,731,868,1050,1091,1173,1249]
[0,234,869,1249]
[0,49,230,278,731,868,1097,1173,1249]
[0,278,731,868,1097,1249]
[0,793,1249]
[0,49,278,731,868,1097,1173,1249]
[0,49,278,731,868,1091,1173,1249]
[0,271,731,868,1249]
[0,731,1249]
[0,49,278,731,868,1050,1097,1173,1249]
[0,278,731,1097,1249]
[0,278,731,1249]
