[0,575,1693,3331,4149,4758]
[0,89,575,1693,3331,4149,4758]
[0,2652,3568,4149,4758]
[0,575,1020,1693,2579,2887,3331,3568,4149,4387,4758]
[0,575,1020,1693,2579,2887,3331,3568,4154,4758]
[0,575,1693,3568,4149,4758]
[0,2579,3331,4154,4758]
[0,1020,3331,4758]
[0,89,575,1020,1693,2652,2887,3331,3568,4149,4758]
[0,575,1020,1693,2652,3331,4149,4758]
[0,575,2579,2887,3568,4154,4758]
[0,1020,1693,3331,4154,4758]
[0,89,575,1693,2652,2887,3568,4149,4758]
[0,575,1693,2579,3331,4154,4758]
[0,1020,1693,2579,3331,4758]
[0,2652,3331,4149,4758]
[0,89,575,3568,4154,4758]
[0,89,575,3331,4758]
[0,89,575,1693,2652,2887,3331,4149,4758]
[0,89,575,1693,2652,3331,4149,4758]
[0,2652,3568,4758]
[0,1693,2652,3568,4758]
[0,575,3568,4154,4758]
[0,89,575,1020,1693,2652,2887,3331,4149,4758]
[0,575,1693,2652,3568,4149,4758]
[0,89,575,2579,2887,3568,4154,4758]
[0,1020,3331,4154,4758]
[0,1020,1693,3331,4149,4758]
[0,575,1693,2579,3331,4149,4758]
[0,575,1693,2652,3331,4149,4758]
[0,1020,1693,2652,2887,3331,4149,4758]
[0,89,575,1020,1693,2579,2887,3331,4149,4387,4758]
[0,575,1020,1693,2579,2887,3331,4154,4758]
[0,89,575,3568,4149,4758]
[0,3520,4758]
[0,2579,3331,4758]
[0,89,575,2887,3568,4154,4758]
[0,575,3331,4758]
[0,1693,3568,4758]
[0,1020,1693,2652,3331,4149,4758]
[0,2887,3568,4758]
[0,575,3568,4149,4758]
[0,89,575,3331,4154,4758]
[0,3568,4758]
[0,1693,4758]
[0,89,575,3568,4758]
[0,1020,3331,4149,4758]
[0,89,575,1693,2579,2887,3568,4154,4758]
[0,575,1693,2579,2887,3331,4154,4758]
[0,575,3331,4149,4758]
[0,1020,1693,3331,4758]
[0,89,575,1020,1693,2579,2887,3331,4154,4758]
[0,575,1020,1693,2579,2887,3331,4149,4758]
[0,1020,1693,2652,3331,4758]
[0,89,575,1693,2579,3331,4149,4758]
[0,1693,3568,4154,4758]
[0,89,575,1693,2579,2887,3331,4154,4758]
[0,1020,2652,3331,4758]
[0,575,1693,2652,2887,3568,4149,4758]
[0,2579,3568,4154,4758]
[0,89,575,2887,3568,4149,4758]
[0,318,3568,4154,4758]
[0,2579,3568,4758]
[0,1693,3331,4154,4758]
[0,89,575,3331,4149,4758]
[0,1693,2579,3568,4154,4758]
[0,575,1020,1693,2579,3331,4154,4758]
[0,89,575,2652,3331,4149,4758]
[0,1020,2579,3331,4758]
[0,89,575,1020,1693,2579,2887,3331,4149,4758]
[0,575,2652,2887,3568,4149,4758]
[0,2887,3568,4149,4758]
[0,575,1020,1693,2652,3331,3568,4149,4758]
[0,2652,3331,4758]
[0,1693,2652,3331,4758]
[0,89,575,1020,1693,2579,2887,3331,3568,4149,4387,4758]
[0,89,575,1020,1693,2579,3331,4154,4758]
[0,575,1693,2579,3568,4154,4758]
[0,1693,3331,4149,4758]
[0,423,3331,4758]
[0,89,575,1020,1693,2579,2887,3331,3568,4154,4758]
[0,575,1693,2579,2887,3568,4154,4758]
[0,575,1020,1693,2579,2887,3331,4149,4387,4758]
[0,575,1020,1693,2579,3331,4149,4758]
[0,2579,3331,4149,4758]
[0,1693,3568,4149,4758]
[0,1693,2579,3331,4154,4758]
[0,575,3331,4154,4758]
[0,1693,3331,4758]
[0,1693,2652,3568,4149,4758]
[0,423,3331,4154,4758]
[0,3331,4758]
[0,89,575,1693,2579,3331,4154,4758]
[0,89,575,1020,1693,2579,3331,4149,4758]
[0,3568,4154,4758]
[0,1693,2652,3331,4149,4758]
[0,575,2887,3568,4154,4758]
[0,1693,2579,3331,4758]
[0,1020,1693,2579,3331,4154,4758]
[0,3331,4154,4758]
[0,1693,2579,3331,4149,4758]
[0,575,2652,3331,4149,4758]
[0,423,3568,4758]
[0,89,3568,4758]
[0,89,3568,4149,4758]
[0,89,575,1693,3568,4154,4758]
[0,2887,3568,4154,4758]
[0,575,1020,1693,2652,2887,3331,3568,4149,4758]
[0,89,575,2652,2887,3568,4149,4758]
[0,3568,4149,4758]
[0,575,1693,3331,4154,4758]
[0,89,575,1693,3331,4154,4758]
[0,575,2887,3568,4149,4758]
[0,1020,1693,2579,3331,4149,4758]
[0,575,3520,4758]
[0,575,1693,2652,2887,3331,4149,4758]
[0,575,1693,3568,4154,4758]
[0,3331,4149,4758]
[0,575,3568,4758]
[0,89,575,1693,3568,4149,4758]
[0,1693,2579,3568,4758]
[0,575,1020,1693,2652,2887,3331,4149,4758]
