[0,242,497,752,991,1620,2017]
[0,242,991,1282,1620,2017]
[0,395,887,991,1282,1620,2017]
[0,728,991,1620,2017]
[0,242,752,887,991,1282,1620,2017]
[0,991,2017]
[0,887,991,1620,2017]
[0,728,991,1275,1620,2017]
[0,497,991,1620,2017]
[0,395,497,752,887,991,1620,2017]
[0,242,497,752,991,1282,1620,2017]
[0,991,1275,1620,2017]
[0,242,728,991,1275,1620,2017]
[0,395,752,991,1282,1620,2017]
[0,242,991,1620,2017]
[0,242,887,991,1282,1620,1718,2017]
[0,991,1282,1620,2017]
[0,1620,2017]
[0,395,497,991,1620,2017]
[0,395,497,752,887,991,1282,1620,1718,2017]
[0,242,395,728,991,1275,1620,2017]
[0,1032,1620,2017]
[0,395,728,887,991,1275,1620,1718,2017]
[0,242,752,991,1282,1620,2017]
[0,395,887,991,1275,1620,2017]
[0,497,991,2017]
[0,395,728,991,1620,2017]
[0,242,752,887,991,1282,1620,1718,2017]
[0,242,497,752,887,991,1620,2017]
[0,1032,2017]
[0,242,395,497,752,887,991,1282,1620,2017]
[0,497,991,1275,1620,2017]
[0,395,497,752,887,991,1275,1620,2017]
[0,395,887,991,1620,2017]
[0,242,497,752,991,1275,1620,2017]
[0,395,991,1275,1620,2017]
[0,395,1032,1620,2017]
[0,395,991,1620,2017]
[0,395,752,887,991,1275,1620,2017]
[0,242,395,497,752,887,991,1275,1620,1718,2017]
[0,395,497,887,991,1620,2017]
[0,395,1620,2017]
[0,242,395,497,752,887,991,1282,1620,1718,2017]
[0,395,752,991,1620,2017]
[0,395,497,1620,2017]
[0,947,2017]
[0,242,497,991,1275,1620,2017]
[0,395,752,887,991,1620,2017]
[0,395,497,752,887,991,1275,1620,1718,2017]
[0,242,752,991,1620,2017]
[0,991,1620,2017]
[0,947,1620,2017]
[0,395,752,887,991,1282,1620,2017]
[0,395,497,752,887,991,1282,1620,2017]
[0,242,497,752,887,991,1282,1620,2017]
[0,242,887,991,1282,1620,2017]
[0,395,728,887,991,1275,1620,2017]
[0,242,752,887,991,1620,2017]
[0,242,728,991,1620,2017]
[0,395,752,991,1275,1620,2017]
[0,395,887,991,1275,1620,1718,2017]
[0,497,991,1282,1620,2017]
[0,242,728,991,1275,1620,1718,2017]
[0,242,887,991,1620,2017]
[0,242,497,752,887,991,1275,1620,2017]
[0,242,395,497,752,887,991,1275,1620,2017]
[0,395,991,1282,1620,2017]
[0,242,497,991,1282,1620,2017]
[0,242,395,728,991,1275,1620,1718,2017]
[0,395,728,991,1275,1620,2017]
[0,242,497,991,1620,2017]
