[0,124,253,381,609,846,1046]
[0,124,381,524,1046]
[0,381,466,524,1046]
[0,381,524,1046]
[0,124,381,609,846,1046]
[0,524,609,1046]
[0,124,381,466,524,1046]
[0,466,846,1046]
[0,165,381,609,846,1046]
[0,846,1046]
[0,124,381,466,524,609,846,899,1046]
[0,124,381,609,846,899,1046]
[0,124,253,381,609,846,899,1046]
[0,381,466,1046]
[0,165,381,846,1046]
[0,381,609,1046]
[0,124,381,466,1046]
[0,524,1046]
[0,165,381,1046]
[0,124,381,524,609,846,1046]
[0,124,381,466,524,609,846,1046]
[0,381,1046]
[0,253,381,609,846,1046]
[0,124,524,609,1046]
[0,124,381,466,524,609,1046]
[0,124,381,466,524,609,794,846,899,1046]
[0,124,381,846,1046]
[0,165,466,846,1046]
[0,381,609,846,1046]
[0,381,846,1046]
[0,124,381,524,609,1046]
[0,124,381,466,524,609,794,846,1046]
[0,124,381,1046]
[0,466,1046]
[0,124,524,1046]
