[0,374,461,1095,1327]
[0,301,1095,1327]
[0,301,716,1093,1327]
[0,301,461,1327]
[0,374,716,1095,1327]
[0,1095,1327]
[0,374,461,716,1047,1093,1171,1327]
[0,374,461,716,1093,1171,1274,1327]
[0,301,461,716,1093,1327]
[0,716,1327]
[0,301,461,636,1327]
[0,301,716,1095,1327]
[0,301,461,716,1095,1327]
[0,301,716,1327]
[0,301,461,716,1047,1093,1327]
[0,301,461,716,1249,1327]
[0,374,1093,1327]
[0,461,636,1274,1327]
[0,301,1047,1093,1327]
[0,301,1047,1095,1327]
[0,374,461,716,1047,1093,1171,1274,1327]
[0,301,461,636,1274,1327]
[0,636,1274,1327]
[0,301,461,640,1327]
[0,301,461,716,1047,1095,1327]
[0,319,1327]
[0,374,461,1093,1171,1327]
[0,374,1095,1327]
[0,374,461,1093,1171,1274,1327]
[0,301,461,640,1249,1327]
[0,374,461,1327]
[0,301,461,1047,1095,1327]
[0,374,1249,1327]
[0,301,461,1047,1093,1327]
[0,374,461,716,1093,1327]
[0,374,716,1327]
[0,301,636,1327]
[0,319,1093,1327]
[0,301,461,1093,1327]
[0,636,1327]
[0,374,461,716,1095,1327]
[0,374,1327]
[0,301,461,1095,1327]
[0,374,461,1047,1095,1327]
[0,1047,1093,1327]
[0,374,461,1093,1327]
[0,1274,1327]
[0,301,640,1327]
[0,461,636,1327]
[0,640,1327]
[0,301,1327]
[0,1047,1327]
[0,374,461,716,1047,1093,1327]
[0,1093,1327]
[0,374,716,1093,1327]
[0,374,461,1047,1093,1327]
[0,374,461,716,1047,1095,1327]
[0,301,461,716,1327]
[0,374,461,716,1093,1171,1327]
[0,1047,1095,1327]
[0,301,461,716,1274,1327]
[0,301,1093,1327]
