[0,570,1443,2017]
[0,198,570,1203,1496,2017]
[0,570,865,1203,1496,2017]
[0,570,1203,1496,2017]
[0,250,570,1443,2017]
[0,198,570,649,865,973,1203,1496,2017]
[0,570,865,973,1203,1496,2017]
[0,570,865,973,1203,1443,2017]
[0,570,1203,2017]
[0,198,570,1203,1443,2017]
[0,570,865,1203,1443,2017]
[0,570,865,973,1052,1203,1496,2017]
[0,570,1203,1443,2017]
[0,570,2017]
[0,250,570,865,973,1203,1443,2017]
[0,198,570,1443,2017]
[0,198,570,865,973,1443,2017]
[0,198,570,865,973,1203,1443,2017]
[0,570,865,1443,2017]
[0,649,2017]
[0,570,865,973,1052,1203,1443,2017]
[0,570,865,1203,2017]
[0,570,1139,1443,2017]
[0,198,570,865,973,1203,1496,2017]
[0,198,570,865,1203,1496,2017]
[0,250,570,1203,1443,2017]
[0,250,570,865,973,1443,2017]
[0,198,570,865,973,1052,1203,1496,2017]
[0,570,865,973,1496,2017]
[0,198,570,865,973,1052,1203,1443,2017]
[0,1496,2017]
[0,198,570,865,1203,1443,2017]
[0,1443,2017]
[0,570,973,1496,2017]
[0,250,570,865,1443,2017]
[0,250,570,973,1496,2017]
[0,1203,2017]
[0,570,865,973,1443,2017]
[0,198,570,973,1443,2017]
[0,250,570,973,1443,2017]
[0,198,570,649,865,973,1052,1203,1496,2017]
[0,250,570,865,1203,1443,2017]
[0,570,973,1443,2017]
[0,250,570,1139,1443,2017]
[0,649,1443,2017]
[0,570,1496,2017]
