[0,177,524,807,969]
[0,84,438,642,969]
[0,162,438,642,969]
[0,343,615,969]
[0,177,524,601,807,969]
[0,162,524,642,969]
[0,343,642,807,969]
[0,343,969]
[0,162,524,807,969]
[0,177,524,969]
[0,162,438,969]
[0,84,438,642,807,969]
[0,438,642,969]
[0,642,969]
[0,177,343,615,807,969]
[0,343,615,807,969]
[0,193,969]
[0,84,438,969]
[0,162,969]
[0,84,177,343,438,574,642,807,969]
[0,162,343,438,642,807,969]
[0,177,343,438,642,807,969]
[0,177,438,969]
[0,524,642,969]
[0,162,343,615,807,969]
[0,807,969]
[0,162,343,969]
[0,524,807,969]
[0,177,438,642,807,969]
[0,177,969]
[0,438,642,807,969]
[0,177,524,642,969]
[0,84,162,438,574,642,807,969]
[0,84,177,438,574,642,807,969]
[0,177,438,574,642,807,969]
[0,162,438,642,807,969]
[0,177,343,969]
[0,84,642,807,969]
[0,84,162,343,438,574,642,807,969]
[0,84,177,343,615,807,969]
[0,84,343,438,642,807,969]
[0,291,969]
[0,84,807,969]
[0,177,524,601,969]
[0,524,969]
[0,84,969]
[0,177,524,642,807,969]
[0,162,438,601,969]
[0,438,601,807,969]
[0,177,343,615,969]
[0,84,162,343,438,642,807,969]
[0,343,438,642,807,969]
[0,162,438,601,807,969]
[0,438,601,969]
[0,162,524,642,807,969]
[0,84,177,343,438,642,807,969]
[0,84,162,438,642,807,969]
[0,162,343,615,969]
[0,642,807,969]
[0,84,177,438,642,807,969]
[0,524,601,969]
[0,438,969]
[0,343,642,969]
[0,162,438,574,642,807,969]
[0,177,438,642,969]
[0,162,524,969]
