[0,470,940,1180]
[0,62,470,534,865,940,1027,1122,1180]
[0,940,1027,1122,1180]
[0,470,1180]
[0,1027,1180]
[0,62,470,534,865,1027,1180]
[0,1027,1122,1180]
[0,62,940,1180]
[0,62,865,1180]
[0,470,940,1027,1180]
[0,128,470,865,1027,1122,1180]
[0,128,865,1027,1180]
[0,128,1027,1122,1180]
[0,470,865,1180]
[0,62,470,534,940,1027,1180]
[0,128,1122,1180]
[0,470,534,865,940,1027,1180]
[0,109,1180]
[0,395,1180]
[0,109,865,1180]
[0,128,1027,1180]
[0,109,1027,1122,1180]
[0,62,470,865,940,1027,1122,1180]
[0,109,470,865,1082,1180]
[0,865,1027,1180]
[0,109,470,865,1180]
[0,128,865,1027,1122,1180]
[0,62,1027,1180]
[0,109,865,1027,1180]
[0,470,865,1027,1180]
[0,62,1027,1122,1180]
[0,470,1027,1180]
[0,470,865,940,1027,1180]
[0,940,1027,1180]
[0,109,865,1027,1122,1180]
[0,109,470,865,1027,1180]
[0,62,1180]
[0,109,1122,1180]
[0,128,1180]
[0,109,1027,1180]
[0,62,470,940,1027,1180]
[0,128,470,865,1027,1180]
[0,62,470,940,1027,1122,1180]
[0,62,470,534,865,1027,1122,1180]
[0,62,865,1027,1180]
[0,940,1180]
[0,109,470,865,1027,1122,1180]
[0,865,1180]
[0,470,534,865,1027,1180]
[0,62,470,865,1027,1122,1180]
[0,62,865,1027,1122,1180]
[0,62,470,534,865,940,1027,1180]
[0,395,1027,1180]
[0,128,865,1180]
[0,470,534,940,1027,1180]
[0,62,470,534,940,1027,1122,1180]
[0,62,940,1027,1180]
[0,62,470,865,940,1027,1180]
[0,62,470,865,1027,1180]
[0,62,940,1027,1122,1180]
[0,1122,1180]
