[0,623,940,1216,1384,1632]
[0,75,235,399,623,940,1095,1221,1323,1392,1632]
[0,235,400,623,1095,1392,1632]
[0,623,986,1311,1632]
[0,1392,1632]
[0,623,986,1392,1632]
[0,623,1095,1222,1392,1632]
[0,78,623,940,1221,1323,1392,1632]
[0,623,940,1632]
[0,75,623,1392,1632]
[0,399,623,1311,1632]
[0,75,235,399,623,940,1221,1392,1632]
[0,78,399,623,940,1221,1323,1392,1632]
[0,623,1384,1632]
[0,78,399,623,940,1216,1384,1632]
[0,75,623,1095,1392,1632]
[0,78,399,623,940,1095,1221,1323,1392,1632]
[0,399,623,940,1095,1221,1392,1632]
[0,588,1216,1632]
[0,623,940,1392,1632]
[0,399,623,986,1311,1632]
[0,75,400,623,1095,1392,1632]
[0,623,1095,1632]
[0,75,400,623,1095,1222,1323,1392,1632]
[0,75,400,623,986,1392,1632]
[0,75,399,623,940,1221,1392,1632]
[0,75,235,400,623,1095,1222,1323,1392,1632]
[0,78,399,623,940,1221,1392,1632]
[0,400,623,1392,1632]
[0,235,399,623,940,1095,1221,1392,1632]
[0,78,399,623,940,1095,1221,1392,1632]
[0,78,399,623,1311,1632]
[0,75,235,399,623,940,1095,1221,1392,1632]
[0,75,623,940,1221,1392,1632]
[0,400,623,1095,1392,1632]
[0,399,623,940,1384,1632]
[0,78,623,940,1216,1384,1632]
[0,75,399,623,940,1221,1323,1392,1632]
[0,400,623,1095,1222,1392,1632]
[0,588,1632]
[0,75,623,1095,1222,1323,1392,1632]
[0,623,986,1632]
[0,78,399,623,986,1311,1632]
[0,75,400,623,1095,1222,1392,1632]
[0,623,1632]
[0,399,623,940,1221,1392,1632]
[0,623,940,1384,1632]
[0,78,623,940,1384,1632]
[0,235,400,623,1095,1222,1392,1632]
[0,1384,1632]
[0,235,399,623,940,1221,1392,1632]
[0,78,623,940,1221,1392,1632]
[0,400,623,986,1392,1632]
[0,588,1311,1632]
[0,399,623,940,1392,1632]
[0,399,623,940,1216,1384,1632]
[0,623,1095,1392,1632]
[0,75,400,623,1392,1632]
[0,623,940,1221,1392,1632]
[0,75,235,400,623,1095,1222,1392,1632]
[0,75,623,1095,1222,1392,1632]
[0,78,623,1311,1632]
[0,623,1311,1632]
[0,75,623,940,1221,1323,1392,1632]
[0,623,1392,1632]
[0,75,235,399,623,940,1221,1323,1392,1632]
