[0,246,1560,1902,2956]
[0,975,1902,2956]
[0,246,752,1560,1902,2508,2956]
[0,246,670,975,1560,1902,2275,2472,2956]
[0,284,752,1387,1560,1902,2508,2956]
[0,670,975,1560,1902,2472,2956]
[0,246,444,670,752,975,1436,1560,1902,2956]
[0,284,752,1902,2956]
[0,246,444,670,975,1436,1560,1902,2275,2472,2956]
[0,246,444,670,975,1436,1560,1902,2956]
[0,246,444,670,975,1436,1902,2275,2472,2956]
[0,246,670,975,1436,1560,1902,2472,2956]
[0,246,670,975,1436,1902,2275,2472,2956]
[0,670,1560,2956]
[0,246,483,670,788,1902,2956]
[0,1560,1902,2508,2956]
[0,246,670,975,1436,1902,2472,2956]
[0,670,752,2956]
[0,788,2956]
[0,246,483,788,1387,1560,1902,2956]
[0,670,752,1436,1560,2956]
[0,752,1560,1902,2508,2956]
[0,246,752,1387,1560,1902,2956]
[0,246,752,1902,2956]
[0,975,1436,1902,2472,2956]
[0,975,1902,2472,2956]
[0,284,752,1902,2508,2956]
[0,246,444,670,975,1436,1902,2472,2956]
[0,246,444,670,752,1436,1560,2956]
[0,670,975,1436,1902,2472,2956]
[0,246,483,788,1560,1902,2956]
[0,284,752,1560,2956]
[0,670,975,1902,2956]
[0,752,1436,1560,2956]
[0,246,670,975,1436,1560,1902,2275,2472,2956]
[0,246,670,975,1436,1902,2956]
[0,1560,2956]
[0,246,670,975,1560,1902,2472,2956]
[0,284,752,1560,1902,2275,2508,2956]
[0,752,1902,2508,2956]
[0,246,670,975,1436,1560,1902,2956]
[0,246,444,670,752,1436,1560,1902,2956]
[0,752,1902,2956]
[0,246,1436,1560,2956]
[0,1902,2508,2956]
[0,752,1560,1902,2956]
[0,284,1902,2956]
[0,284,752,1902,2275,2508,2956]
[0,246,444,752,1560,2956]
[0,246,752,1560,2956]
[0,1436,1560,2956]
[0,670,1902,2472,2956]
[0,246,1902,2956]
[0,670,1902,2956]
[0,246,670,788,1902,2956]
[0,246,670,975,1902,2275,2472,2956]
[0,788,1902,2956]
[0,246,444,670,975,1436,1902,2956]
[0,284,752,1560,1902,2508,2956]
[0,670,788,2956]
[0,246,670,752,1436,1560,2956]
[0,246,788,1387,1560,1902,2956]
[0,246,444,670,975,1902,2956]
[0,246,670,975,1902,2956]
[0,246,752,1902,2508,2956]
[0,1647,2956]
[0,246,752,1387,1560,1902,2275,2508,2956]
[0,670,1560,1902,2472,2956]
[0,246,752,1560,1902,2956]
[0,246,752,1436,1560,2956]
[0,752,1560,2956]
[0,284,1560,2956]
[0,1902,2472,2956]
[0,284,752,1387,1560,1902,2956]
[0,246,788,1902,2956]
[0,975,1560,2956]
[0,670,975,1436,1560,2956]
[0,246,483,670,788,1387,1560,1902,2956]
[0,975,1436,1902,2956]
[0,670,975,1436,1560,1902,2956]
[0,670,1560,1902,2956]
[0,246,752,1560,1902,2275,2508,2956]
[0,1902,2956]
[0,246,752,1436,1560,1902,2956]
[0,246,1560,2956]
[0,246,444,670,975,1436,1560,2956]
[0,670,975,1902,2472,2956]
[0,670,752,1560,2956]
[0,246,483,788,1902,2956]
[0,246,444,670,975,1560,2956]
[0,246,670,975,1560,2956]
[0,670,788,1902,2956]
[0,246,444,752,1436,1560,1902,2956]
[0,788,1560,1902,2956]
[0,1560,1902,2956]
[0,284,752,1560,1902,2956]
[0,1560,1902,2472,2956]
[0,246,788,1560,1902,2956]
[0,975,1436,1560,2956]
[0,246,444,752,1560,1902,2956]
[0,246,444,752,1436,1560,2956]
[0,246,670,975,1902,2472,2956]
[0,670,975,1436,1902,2956]
[0,284,752,1387,1560,1902,2275,2508,2956]
[0,246,444,670,975,1436,1560,1902,2472,2956]
[0,246,483,670,788,1560,1902,2956]
[0,670,975,1560,2956]
[0,752,2956]
[0,246,670,975,1436,1560,2956]
[0,246,752,1387,1560,1902,2508,2956]
[0,246,1560,1902,2472,2956]
