[0,421,938,1269,1519,1632]
[0,612,1394,1632]
[0,1269,1632]
[0,329,421,612,938,1217,1394,1632]
[0,612,938,1394,1632]
[0,1394,1632]
[0,421,612,938,1394,1632]
[0,430,1394,1632]
[0,430,1632]
[0,421,612,938,1217,1394,1632]
[0,612,938,1217,1394,1632]
[0,612,938,1224,1394,1632]
[0,421,1632]
[0,430,938,1394,1632]
[0,938,1632]
[0,430,938,1632]
[0,430,1269,1632]
[0,612,1632]
[0,612,938,1632]
[0,421,938,1269,1632]
[0,612,938,1269,1632]
[0,612,1269,1632]
[0,421,1269,1632]
[0,329,421,612,938,1217,1269,1394,1632]
