[0,876,1135,1420,1788,1914,2017]
[0,162,876,1135,1420,1914,2017]
[0,876,1135,1263,1420,1788,2017]
[0,1135,1420,1788,1914,2017]
[0,791,876,1135,1263,1788,1914,2017]
[0,162,1135,1420,1788,2017]
[0,991,2017]
[0,876,1263,1788,2017]
[0,1135,1263,1420,1788,2017]
[0,162,876,1135,1420,2017]
[0,1506,2017]
[0,162,876,1135,1263,1420,1788,1914,2017]
[0,162,892,1135,1263,1420,1788,2017]
[0,162,1145,1415,2017]
[0,892,1135,1420,1788,2017]
[0,1135,1263,2017]
[0,931,1420,2017]
[0,162,892,1145,1415,1553,1788,1914,2017]
[0,162,876,1135,1420,1788,2017]
[0,892,1145,1415,1788,2017]
[0,876,1135,1263,2017]
[0,162,892,1135,1420,1788,2017]
[0,1135,1263,1788,1914,2017]
[0,162,876,1135,1420,1788,1914,2017]
[0,915,1537,2017]
[0,876,1135,1263,1788,2017]
[0,1263,2017]
[0,162,892,1145,1415,1788,1914,2017]
[0,892,1145,1415,1788,1914,2017]
[0,162,1145,1415,1788,2017]
[0,162,892,1145,1415,1553,1788,2017]
[0,1188,1506,2017]
[0,162,1135,1263,1420,1788,2017]
[0,217,991,1599,2017]
[0,162,791,876,1135,1263,1420,1788,1914,2017]
[0,1135,2017]
[0,162,1145,1415,1788,1914,2017]
[0,162,1263,2017]
[0,162,2017]
[0,1135,1420,2017]
[0,1599,2017]
[0,162,892,1145,1415,1788,2017]
[0,1145,1415,1788,1914,2017]
[0,162,892,1135,1263,1420,1788,1914,2017]
[0,1135,1420,1788,2017]
[0,892,1145,1415,1914,2017]
[0,791,876,1135,1263,2017]
[0,1145,1415,2017]
[0,876,1135,1420,2017]
[0,162,1135,1914,2017]
[0,1537,2017]
[0,876,1135,1263,1914,2017]
[0,892,1135,1420,2017]
[0,1420,2017]
[0,791,876,1135,1263,1420,1788,1914,2017]
[0,162,1135,1263,1420,2017]
[0,876,1135,1420,1788,2017]
[0,876,1263,2017]
[0,1135,1263,1914,2017]
[0,1135,1263,1420,1788,1914,2017]
[0,892,1145,1415,2017]
[0,1415,2017]
[0,1263,1788,2017]
[0,1188,1506,1810,2017]
[0,162,876,1135,1263,1420,1788,2017]
[0,1135,1263,1788,2017]
[0,162,1135,1420,2017]
[0,931,1420,1810,2017]
[0,876,1135,1263,1420,2017]
[0,162,876,1135,1263,1420,2017]
[0,915,2017]
[0,1135,1263,1420,2017]
[0,1135,1420,1914,2017]
[0,791,876,1135,1263,1914,2017]
[0,876,1135,1263,1420,1788,1914,2017]
[0,162,892,1135,1420,2017]
[0,162,1135,1263,1420,1788,1914,2017]
[0,162,892,1135,1263,1420,2017]
[0,1145,1415,1914,2017]
[0,876,1135,1263,1788,1914,2017]
[0,1914,2017]
[0,991,1599,2017]
[0,1506,1810,2017]
[0,162,1914,2017]
[0,162,1135,2017]
[0,162,1135,1263,1914,2017]
[0,162,1135,1263,2017]
[0,1145,1415,1788,2017]
