[0,180,1180]
[0,345,456,1042,1180]
[0,730,1180]
[0,809,1180]
[0,345,731,1180]
[0,127,345,731,1073,1180]
[0,345,730,1042,1180]
[0,127,345,1180]
[0,809,1042,1180]
[0,345,456,809,1042,1180]
[0,85,345,809,1180]
[0,85,1180]
[0,345,456,809,1086,1180]
[0,85,345,456,730,809,1042,1130,1180]
[0,85,345,456,730,809,942,1042,1180]
[0,1073,1180]
[0,85,345,456,942,1042,1180]
[0,345,456,730,809,1025,1086,1180]
[0,1042,1180]
[0,345,456,1025,1086,1180]
[0,85,345,1180]
[0,345,730,1180]
[0,85,345,456,730,942,1042,1180]
[0,85,809,1180]
[0,85,345,456,809,1042,1180]
[0,345,456,730,809,1086,1180]
[0,85,345,456,730,809,942,1042,1130,1180]
[0,127,345,1073,1180]
[0,345,456,730,809,1180]
[0,731,1180]
[0,345,809,1180]
[0,345,1073,1180]
[0,345,456,730,1180]
[0,85,345,456,1180]
[0,85,345,456,809,1086,1180]
[0,345,456,730,809,1042,1180]
[0,85,345,456,730,1180]
[0,345,456,809,1180]
[0,345,456,730,1042,1180]
[0,85,345,456,730,809,1025,1086,1180]
[0,85,345,456,1025,1086,1180]
[0,85,345,456,730,809,1086,1180]
[0,345,1042,1180]
[0,85,345,456,730,809,1180]
[0,345,456,730,809,1042,1130,1180]
[0,127,345,731,1180]
[0,345,1180]
[0,345,456,1073,1180]
[0,85,345,456,730,809,1042,1180]
[0,345,456,1180]
[0,345,456,1086,1180]
[0,85,345,456,1086,1180]
[0,345,456,730,942,1042,1180]
[0,345,809,1042,1180]
[0,345,456,942,1042,1180]
