[0,713,1081,1913,2633,2956]
[0,713,857,2956]
[0,1219,2494,2956]
[0,2352,2956]
[0,314,857,2956]
[0,314,713,857,1081,1913,2956]
[0,314,857,1913,2633,2956]
[0,314,713,1081,1913,2633,2956]
[0,706,1081,1913,2494,2956]
[0,314,1913,2956]
[0,706,1219,2956]
[0,706,1219,1913,2956]
[0,857,1913,2633,2956]
[0,713,1219,1913,2494,2956]
[0,1219,1913,2956]
[0,314,713,1081,1913,2956]
[0,241,314,713,857,1219,1913,2494,2956]
[0,713,1081,2956]
[0,314,713,857,1219,1913,2494,2956]
[0,314,857,1913,2494,2956]
[0,314,1219,2494,2956]
[0,314,1219,2956]
[0,241,857,2956]
[0,857,1913,2494,2956]
[0,706,857,1219,1913,2494,2956]
[0,706,857,1081,1913,2633,2956]
[0,713,857,1219,1913,2494,2956]
[0,1081,2956]
[0,706,857,2956]
[0,713,1071,1913,2633,2956]
[0,314,706,857,1081,1913,2494,2956]
[0,1219,1913,2494,2956]
[0,314,713,1081,2956]
[0,314,713,1219,1913,2494,2956]
[0,314,706,857,1219,1913,2494,2956]
[0,713,1071,2956]
[0,713,1081,1913,2956]
[0,706,857,1913,2956]
[0,1081,1913,2494,2956]
[0,713,1071,1913,2956]
[0,314,713,857,1081,1913,2494,2956]
[0,713,1219,2494,2956]
[0,1071,2956]
[0,713,857,1913,2494,2956]
[0,314,597,713,857,1219,1913,2494,2956]
[0,713,1081,1913,2494,2956]
[0,314,1081,2956]
[0,706,1219,1913,2494,2956]
[0,241,314,597,713,857,1219,1913,2494,2956]
[0,241,314,713,857,1081,1913,2494,2956]
[0,713,857,1913,2956]
[0,706,1081,1913,2956]
[0,314,713,1081,1913,2494,2956]
[0,314,1219,1913,2494,2956]
[0,314,1081,1913,2633,2956]
[0,857,2956]
[0,1081,1913,2956]
[0,1071,1913,2956]
[0,1913,2956]
[0,1081,1913,2633,2956]
[0,314,1081,1913,2956]
[0,706,857,1081,1913,2494,2956]
[0,706,857,1913,2494,2956]
[0,241,857,1913,2956]
[0,857,1913,2956]
[0,314,1081,1913,2494,2956]
[0,314,713,857,1081,1913,2633,2956]
[0,1913,2633,2956]
[0,314,857,1913,2956]
[0,241,857,1913,2633,2956]
[0,713,1219,2956]
[0,1219,2956]
[0,713,2956]
[0,713,1219,1913,2956]
[0,706,1081,2956]
[0,713,2352,2956]
[0,314,706,1081,1913,2494,2956]
[0,706,857,1081,2956]
[0,706,857,1081,1913,2956]
[0,706,1081,1913,2633,2956]
[0,314,706,1219,1913,2494,2956]
[0,314,713,857,1081,2956]
[0,1913,2494,2956]
[0,314,713,857,1913,2494,2956]
