[0,354,540,783,1180]
[0,307,638,783,1122,1180]
[0,187,307,540,638,783,1122,1180]
[0,225,540,889,1180]
[0,187,307,540,638,783,1180]
[0,145,307,638,783,1180]
[0,151,307,638,783,1180]
[0,151,314,501,638,783,1180]
[0,187,310,501,638,783,1180]
[0,225,783,1180]
[0,310,783,1180]
[0,310,501,638,783,1180]
[0,307,437,501,638,783,1180]
[0,151,307,501,638,783,1180]
[0,314,638,877,1180]
[0,151,307,408,501,638,783,1180]
[0,187,638,783,1180]
[0,310,638,783,1180]
[0,151,307,783,1180]
[0,187,783,1180]
[0,540,1180]
[0,307,783,1180]
[0,540,889,1180]
[0,187,310,413,501,638,783,1180]
[0,314,638,1180]
[0,113,310,501,638,783,1180]
[0,225,540,1180]
[0,151,314,501,638,877,1180]
[0,113,310,638,783,1180]
[0,151,307,437,501,638,783,1180]
[0,187,307,540,783,1122,1180]
[0,187,307,540,783,1180]
[0,354,783,1180]
[0,113,310,413,501,638,783,1180]
[0,187,310,638,783,1180]
[0,151,314,638,783,1180]
[0,307,540,783,1122,1180]
[0,314,783,1180]
[0,889,1180]
[0,187,501,638,783,1180]
[0,638,1180]
[0,151,354,540,783,1180]
[0,783,1180]
[0,187,307,638,783,1180]
[0,314,638,783,1180]
[0,151,314,638,1180]
[0,187,307,638,783,1122,1180]
[0,307,540,783,1180]
[0,151,314,783,1180]
[0,151,307,437,501,638,783,1122,1180]
[0,307,638,783,1180]
[0,151,314,638,877,1180]
[0,307,501,638,783,1180]
[0,145,307,638,783,1122,1180]
