[0,451,542,604,997]
[0,338,451,541,604,737,811,997]
[0,338,451,541,604,737,954,997]
[0,542,859,997]
[0,451,541,604,737,997]
[0,451,542,997]
[0,451,542,604,737,954,997]
[0,353,997]
[0,353,451,541,604,737,954,997]
[0,287,353,451,541,604,737,997]
[0,353,451,541,737,997]
[0,287,353,451,541,604,737,954,997]
[0,338,451,541,604,737,997]
[0,287,353,451,541,737,997]
[0,541,737,811,997]
[0,451,541,604,954,997]
[0,451,541,604,737,954,997]
[0,353,451,542,604,737,954,997]
[0,542,997]
[0,353,451,542,604,737,997]
[0,287,353,451,541,997]
[0,541,737,997]
[0,451,542,737,997]
[0,451,541,737,811,997]
[0,338,451,541,811,997]
[0,353,542,811,997]
[0,287,353,451,542,604,737,954,997]
[0,338,451,541,604,997]
[0,338,451,541,604,737,811,954,997]
[0,451,541,737,997]
[0,353,451,542,997]
[0,541,604,737,997]
[0,338,451,541,997]
[0,353,451,542,604,997]
[0,542,811,997]
[0,287,353,451,541,604,997]
[0,542,604,997]
[0,541,604,737,954,997]
[0,287,353,451,542,604,997]
[0,541,811,997]
[0,542,604,737,954,997]
[0,541,604,997]
[0,338,451,541,737,811,997]
[0,338,541,997]
[0,541,859,997]
[0,528,604,997]
[0,541,604,954,997]
[0,353,451,541,604,737,997]
[0,338,541,737,997]
[0,338,451,541,737,997]
[0,451,541,811,997]
[0,451,541,604,997]
[0,353,451,737,997]
[0,451,542,604,737,997]
[0,542,604,737,997]
[0,353,542,997]
[0,353,451,541,997]
[0,451,541,604,737,811,997]
[0,287,353,451,542,737,997]
[0,353,451,542,737,997]
[0,528,604,954,997]
[0,542,737,997]
[0,451,541,997]
[0,353,542,954,997]
[0,287,353,451,542,604,737,997]
[0,338,541,811,997]
[0,542,604,954,997]
[0,541,997]
[0,528,997]
[0,541,604,737,811,997]
[0,353,451,997]
[0,338,451,541,604,954,997]
[0,353,451,541,604,997]
[0,542,954,997]
[0,353,542,811,954,997]
[0,287,353,451,542,997]
[0,353,451,542,604,954,997]
[0,353,737,997]
