[0,607,1130,1394,2017]
[0,737,1130,1696,2017]
[0,548,737,1111,1394,1704,2017]
[0,192,548,1111,1394,1704,2017]
[0,548,737,924,1111,2017]
[0,737,1111,1704,2017]
[0,548,1111,1704,2017]
[0,737,1130,1394,2017]
[0,1130,1394,2017]
[0,350,737,924,1111,2017]
[0,350,548,737,924,1130,1394,1696,2017]
[0,167,350,548,737,924,1111,2017]
[0,350,548,737,924,1111,1704,2017]
[0,192,548,2017]
[0,192,350,548,737,2017]
[0,1394,1696,2017]
[0,607,1106,1394,1877,2017]
[0,245,548,737,1130,1394,1696,1932,2017]
[0,350,2017]
[0,167,548,737,1130,1394,1696,1932,2017]
[0,192,548,1111,1704,2017]
[0,245,548,737,924,1130,1394,1696,2017]
[0,192,548,737,1111,2017]
[0,192,548,1704,2017]
[0,350,737,924,1111,1394,1704,2017]
[0,192,548,737,924,1111,1704,2017]
[0,350,737,1130,1696,2017]
[0,192,350,548,737,924,1111,2017]
[0,924,2017]
[0,350,548,737,924,1111,2017]
[0,607,2017]
[0,192,350,548,737,924,1111,1704,2017]
[0,245,548,1130,2017]
[0,192,548,1111,2017]
[0,167,350,548,737,924,1111,1239,1394,1704,1932,2017]
[0,1106,1394,1877,2017]
[0,192,548,1394,1704,2017]
[0,548,737,1111,1239,1704,2017]
[0,548,1111,1394,2017]
[0,548,737,924,1130,1394,1696,2017]
[0,350,548,737,1130,1394,1696,2017]
[0,167,548,737,1111,1394,1704,2017]
[0,167,350,548,737,1111,1394,1704,2017]
[0,1106,1394,2017]
[0,167,548,737,1130,1394,1696,2017]
[0,548,1130,1394,1696,2017]
[0,167,350,548,737,924,1130,1394,1696,1932,2017]
[0,350,737,1111,1394,1704,2017]
[0,245,548,737,1130,2017]
[0,192,548,1111,1394,2017]
[0,192,548,1394,2017]
[0,350,548,737,1111,2017]
[0,192,548,737,1111,1394,1704,2017]
[0,548,2017]
[0,245,607,1106,1394,1877,2017]
[0,737,1111,2017]
[0,548,737,1111,2017]
[0,167,548,737,1111,1239,1704,1932,2017]
[0,607,924,1130,1394,2017]
[0,192,350,548,737,924,1111,1224,1704,2017]
[0,245,607,1106,1394,2017]
[0,192,350,548,737,1111,2017]
[0,167,350,548,737,1130,1394,1696,2017]
[0,192,350,548,737,1111,1224,1704,2017]
[0,192,548,737,2017]
[0,350,737,1111,1394,2017]
[0,245,548,737,1130,1394,2017]
[0,548,737,1111,1704,2017]
[0,192,350,548,737,924,1111,1224,1394,1704,2017]
[0,548,737,1130,1394,2017]
[0,350,737,2017]
[0,350,737,924,1111,1394,2017]
[0,245,548,1394,2017]
[0,192,548,737,1111,1704,2017]
[0,1394,1704,2017]
[0,350,737,1130,1394,1696,2017]
[0,548,737,924,1111,1394,1704,2017]
[0,737,1130,2017]
[0,548,737,1111,1239,1704,1932,2017]
[0,1106,2017]
[0,548,737,1130,2017]
[0,350,548,737,924,1111,1394,1704,2017]
[0,245,548,737,924,1130,1394,1696,1932,2017]
[0,245,548,1130,1394,2017]
[0,167,350,548,737,924,1111,1704,2017]
[0,548,1704,2017]
[0,350,548,737,1111,1394,1704,2017]
[0,548,1394,1704,2017]
[0,192,350,548,737,1111,1224,2017]
[0,167,548,737,1111,2017]
[0,167,548,737,1111,1239,1704,2017]
[0,245,548,1130,1394,1696,2017]
[0,192,350,548,737,1111,1704,2017]
[0,548,737,1130,1394,1696,1932,2017]
[0,167,350,548,737,924,1111,1239,1704,2017]
[0,350,548,737,1111,1704,2017]
[0,167,350,548,737,924,1111,1239,1394,1704,2017]
[0,350,737,1111,2017]
[0,167,350,548,737,1111,1239,1704,1932,2017]
[0,737,924,2017]
[0,1130,1394,1696,2017]
[0,548,1111,2017]
[0,548,737,1111,1394,2017]
[0,167,350,548,737,924,1111,1239,1704,1932,2017]
[0,192,350,548,737,1111,1394,1704,2017]
[0,192,548,737,1111,1394,2017]
[0,924,1130,2017]
[0,651,2017]
[0,607,1394,1696,2017]
[0,607,1130,1394,1696,2017]
[0,468,2017]
[0,607,924,1130,2017]
[0,468,924,2017]
[0,548,1394,2017]
[0,548,1394,1696,2017]
[0,167,350,548,737,924,1130,1394,1696,2017]
[0,350,737,1130,2017]
[0,167,548,737,1111,1704,2017]
[0,607,1696,2017]
[0,651,1394,2017]
[0,607,924,1130,1394,1696,1932,2017]
[0,548,1130,2017]
[0,1130,2017]
[0,167,350,548,737,1130,1394,1696,1932,2017]
[0,548,1111,1394,1704,2017]
[0,607,1394,2017]
[0,548,737,1111,1239,2017]
[0,192,350,548,737,924,1111,1394,1704,2017]
[0,548,737,924,1111,1704,2017]
[0,192,350,548,737,1111,1394,2017]
[0,548,1130,1394,2017]
[0,548,737,1130,1394,1696,2017]
[0,607,1130,2017]
[0,1704,2017]
[0,245,548,1394,1696,2017]
[0,607,1106,1394,2017]
[0,1111,1394,1704,2017]
[0,737,1130,1394,1696,2017]
[0,192,548,737,924,1111,1394,1704,2017]
[0,245,548,737,1130,1394,1696,2017]
[0,737,2017]
[0,548,737,2017]
[0,548,924,2017]
[0,167,350,548,737,924,1111,1394,1704,2017]
[0,737,1111,1394,1704,2017]
[0,167,350,548,737,1111,1704,2017]
[0,1111,2017]
[0,167,350,548,737,1111,2017]
[0,607,924,2017]
[0,167,350,548,737,1111,1239,1704,2017]
[0,192,548,737,924,1111,2017]
[0,350,737,1111,1704,2017]
[0,607,924,1130,1394,1696,2017]
[0,350,737,1130,1394,2017]
[0,1696,2017]
[0,245,548,2017]
[0,1394,2017]
[0,737,1111,1394,2017]
