[0,499,903,1131,1892,2017]
[0,499,2017]
[0,499,1091,1892,2017]
[0,499,903,1009,1131,1892,2017]
[0,499,1131,2017]
[0,499,1009,2017]
[0,499,757,1131,1892,2017]
[0,573,2017]
[0,757,1892,2017]
[0,499,903,2017]
[0,499,1131,1892,2017]
[0,499,1892,2017]
[0,499,903,1009,1892,2017]
[0,499,1091,2017]
[0,1091,2017]
[0,499,903,1131,2017]
[0,499,903,1009,2017]
[0,757,1131,1892,2017]
[0,714,1892,2017]
[0,499,1009,1892,2017]
[0,1009,2017]
[0,499,757,1131,2017]
[0,757,2017]
[0,714,2017]
[0,757,1131,2017]
[0,1131,2017]
[0,499,757,1091,2017]
[0,499,757,1091,1892,2017]
