[0,714,2388,2956]
[0,749,845,2107,2388,2956]
[0,749,2107,2388,2725,2956]
[0,423,714,845,2107,2388,2480,2956]
[0,655,2480,2956]
[0,423,2107,2429,2956]
[0,2107,2388,2725,2956]
[0,749,2388,2956]
[0,655,1331,2956]
[0,423,714,845,2107,2388,2480,2725,2956]
[0,655,1331,2480,2956]
[0,714,2956]
[0,714,2107,2388,2956]
[0,423,743,845,2107,2388,2725,2956]
[0,423,2107,2388,2480,2725,2956]
[0,743,2107,2388,2725,2956]
[0,423,845,2388,2956]
[0,423,749,845,2107,2388,2725,2956]
[0,423,749,845,2107,2388,2956]
[0,423,845,2107,2388,2480,2725,2956]
[0,714,845,2107,2388,2956]
[0,749,845,2388,2956]
[0,749,2956]
[0,423,2388,2956]
[0,423,2956]
[0,423,2107,2388,2725,2956]
[0,423,845,2107,2388,2956]
[0,655,2101,2480,2956]
[0,749,845,2107,2388,2725,2956]
[0,423,2107,2429,2725,2956]
[0,423,743,845,2107,2388,2480,2725,2956]
[0,743,845,2107,2388,2725,2956]
[0,423,743,845,2107,2388,2480,2956]
[0,743,845,2107,2388,2956]
[0,423,2107,2388,2480,2956]
[0,2388,2956]
[0,423,749,845,2107,2388,2480,2725,2956]
[0,423,714,845,2107,2388,2956]
[0,423,2480,2956]
[0,2107,2388,2956]
[0,423,749,845,2107,2388,2480,2956]
[0,714,845,2388,2956]
[0,743,2388,2956]
[0,743,845,2388,2956]
[0,743,845,2107,2388,2480,2956]
[0,714,2107,2388,2725,2956]
[0,423,2107,2388,2956]
[0,423,2429,2956]
[0,743,2107,2388,2956]
[0,2480,2956]
[0,714,845,2107,2388,2725,2956]
[0,423,743,845,2107,2388,2956]
[0,655,2388,2956]
[0,749,2107,2388,2956]
[0,1331,2956]
[0,749,845,2107,2388,2480,2956]
[0,2429,2956]
[0,423,845,2107,2388,2725,2956]
[0,423,714,845,2107,2388,2725,2956]
[0,655,2956]
[0,743,2956]
[0,714,845,2107,2388,2480,2956]
