[0,530,658,1642]
[0,345,491,658,905,1642]
[0,91,345,658,1479,1642]
[0,91,374,642,905,1384,1642]
[0,91,345,472,530,1384,1642]
[0,374,642,905,1642]
[0,91,335,472,658,905,1384,1479,1642]
[0,335,472,658,905,1384,1642]
[0,91,345,530,1642]
[0,91,345,491,658,1642]
[0,91,335,472,530,1642]
[0,91,530,658,1642]
[0,345,491,658,1642]
[0,335,472,658,905,1384,1479,1642]
[0,91,335,530,1384,1642]
[0,1384,1642]
[0,335,658,1642]
[0,345,658,905,1642]
[0,91,345,658,1384,1479,1642]
[0,100,645,1642]
[0,335,1384,1642]
[0,91,530,1642]
[0,335,658,905,1642]
[0,91,335,472,658,1384,1479,1642]
[0,91,374,658,1642]
[0,530,1642]
[0,335,530,1384,1479,1642]
[0,345,530,1384,1642]
[0,335,530,1384,1642]
[0,91,642,1642]
[0,335,658,1479,1642]
[0,91,335,658,1642]
[0,345,658,1384,1642]
[0,374,642,905,1384,1642]
[0,91,335,658,905,1642]
[0,91,335,472,530,1384,1642]
[0,91,335,530,1384,1479,1642]
[0,345,658,905,1384,1479,1642]
[0,91,345,472,530,1642]
[0,345,472,658,905,1384,1479,1642]
[0,91,374,642,1642]
[0,91,374,642,905,1642]
[0,91,345,491,658,905,1642]
[0,345,658,1384,1479,1642]
[0,91,345,491,658,905,1384,1479,1642]
[0,345,1384,1642]
[0,91,335,658,1479,1642]
[0,345,491,658,905,1384,1642]
[0,335,658,1384,1642]
[0,91,335,472,530,658,905,1384,1479,1642]
[0,91,345,658,1642]
[0,335,658,1384,1479,1642]
[0,335,1642]
[0,91,335,472,530,658,1384,1479,1642]
[0,645,1642]
[0,91,345,658,905,1384,1479,1642]
[0,91,335,472,530,1384,1479,1642]
[0,335,658,905,1384,1479,1642]
[0,345,472,658,905,1384,1642]
[0,91,345,530,1384,1642]
[0,658,1642]
[0,345,530,1384,1479,1642]
[0,91,345,472,530,658,905,1384,1479,1642]
[0,374,1642]
[0,91,658,1642]
[0,91,345,472,658,1384,1479,1642]
[0,91,345,472,530,1384,1479,1642]
[0,91,374,1642]
[0,335,472,658,1384,1479,1642]
[0,335,472,658,1642]
[0,91,335,658,1384,1479,1642]
[0,345,1642]
[0,345,472,658,1384,1479,1642]
[0,345,472,658,905,1642]
[0,91,345,530,1384,1479,1642]
[0,91,1384,1642]
[0,335,530,1642]
[0,91,345,491,658,905,1384,1642]
[0,91,335,658,905,1384,1479,1642]
[0,335,658,905,1384,1642]
[0,642,1642]
[0,345,658,905,1384,1642]
[0,91,345,1642]
[0,91,345,472,658,905,1384,1479,1642]
[0,345,472,658,1479,1642]
[0,374,658,1642]
[0,345,658,1479,1642]
[0,345,472,658,1642]
[0,91,335,658,905,1384,1642]
[0,345,658,1642]
[0,91,335,530,1642]
[0,345,491,658,905,1384,1479,1642]
[0,91,1642]
[0,345,530,1642]
[0,335,472,658,1479,1642]
[0,91,345,472,530,658,1384,1479,1642]
[0,374,642,1642]
