[0,106,368,626,785,919,1046]
[0,362,514,626,919,1046]
[0,250,1046]
[0,362,473,514,626,919,1046]
[0,248,626,830,1046]
[0,248,508,626,830,1046]
[0,196,368,1046]
[0,514,626,1046]
[0,368,626,785,919,1046]
[0,196,362,830,1046]
[0,248,514,626,785,919,1046]
[0,196,250,626,830,1046]
[0,514,1046]
[0,919,1046]
[0,349,508,626,830,1046]
[0,626,830,1046]
[0,250,626,830,1046]
[0,362,1046]
[0,248,830,1046]
[0,368,626,785,1046]
[0,106,368,473,523,626,919,1046]
[0,196,830,1046]
[0,248,362,626,785,919,1046]
[0,196,368,473,830,1046]
[0,248,514,785,1046]
[0,106,248,508,626,919,1046]
[0,106,248,362,514,626,919,1046]
[0,368,626,919,1046]
[0,508,626,919,1046]
[0,368,1046]
[0,830,1046]
[0,362,626,785,1046]
[0,362,514,626,785,919,1046]
[0,106,248,362,473,514,626,919,1046]
[0,508,626,1046]
[0,106,368,523,626,785,919,1046]
[0,248,508,626,919,1046]
[0,368,626,1046]
[0,514,785,919,1046]
[0,362,626,919,1046]
[0,508,1046]
[0,368,626,830,1046]
[0,508,626,830,1046]
[0,106,514,626,919,1046]
[0,106,248,514,626,785,830,919,1046]
[0,514,785,1046]
[0,248,362,514,626,919,1046]
[0,106,368,919,1046]
[0,106,248,362,514,626,785,919,1046]
[0,362,626,785,919,1046]
[0,473,514,626,1046]
[0,248,626,1046]
[0,248,1046]
[0,514,626,785,919,1046]
[0,349,1046]
[0,248,514,626,919,1046]
[0,248,514,785,919,1046]
[0,248,362,626,919,1046]
[0,106,248,362,514,626,785,830,919,1046]
[0,196,250,830,1046]
[0,196,368,473,1046]
[0,473,514,1046]
[0,626,1046]
[0,106,248,514,626,919,1046]
[0,106,368,523,626,919,1046]
[0,349,626,830,1046]
[0,106,368,626,830,1046]
[0,106,508,626,1046]
[0,514,830,1046]
[0,106,248,362,473,514,626,785,919,1046]
[0,106,248,514,626,785,919,1046]
[0,349,626,1046]
[0,106,368,473,523,626,785,830,919,1046]
[0,362,626,1046]
[0,248,362,514,626,785,919,1046]
[0,196,368,830,1046]
[0,106,508,626,830,1046]
[0,250,830,1046]
[0,106,368,1046]
[0,368,919,1046]
[0,106,248,362,473,514,626,785,830,919,1046]
[0,248,626,919,1046]
[0,785,919,1046]
[0,514,626,919,1046]
[0,196,250,1046]
[0,106,248,508,626,830,1046]
[0,196,362,1046]
[0,106,368,626,919,1046]
[0,106,368,473,523,626,785,919,1046]
[0,106,362,473,514,626,919,1046]
[0,626,919,1046]
[0,362,830,1046]
[0,106,362,514,626,919,1046]
[0,106,508,626,919,1046]
[0,106,349,508,626,830,1046]
[0,368,830,1046]
[0,785,1046]
[0,106,368,626,1046]
[0,473,514,626,919,1046]
