[0,1330,1715,2030,2700,2934,3353]
[0,1330,1715,2030,2700,2776,2934,3277,3353]
[0,1330,1715,2700,2934,3353]
[0,1330,3353]
[0,1330,2776,3353]
[0,1330,1715,2700,2776,3277,3353]
[0,1616,3353]
[0,1330,1715,2030,2700,3277,3353]
[0,1330,1715,2700,3277,3353]
[0,1330,2934,3353]
[0,1330,1974,2776,3353]
[0,1330,1715,2700,2934,3277,3353]
[0,1330,1715,2030,2700,2934,3277,3353]
[0,1330,2700,2776,3277,3353]
[0,2700,2776,3353]
[0,1330,1715,2030,2934,3353]
[0,1330,3277,3353]
[0,1330,2700,2934,3277,3353]
[0,773,1330,1974,2776,3353]
[0,1330,1974,3353]
[0,1330,2700,3353]
[0,1330,1715,2700,3353]
[0,1330,2700,2776,3353]
[0,2700,3353]
[0,1330,2700,2934,3353]
[0,2700,2934,3353]
[0,1330,1715,2030,2700,3353]
[0,1330,2700,3277,3353]
[0,1330,1715,2030,3353]
[0,1330,2030,3353]
[0,1330,2030,2934,3353]
[0,1330,1715,2030,2700,2776,3277,3353]
