[0,55,380,676,721,938,1180]
[0,382,721,938,1180]
[0,380,721,938,1025,1083,1180]
[0,721,1180]
[0,55,320,380,676,721,938,1180]
[0,55,320,382,676,721,938,1083,1180]
[0,55,320,382,676,721,938,1180]
[0,55,382,721,938,1025,1083,1180]
[0,320,380,721,938,1180]
[0,55,320,380,676,721,938,1083,1180]
[0,382,721,938,1083,1180]
[0,320,382,721,938,1025,1180]
[0,320,380,721,938,1083,1180]
[0,55,380,721,938,1025,1180]
[0,55,320,380,457,721,938,1180]
[0,380,721,938,1083,1180]
[0,55,320,382,676,721,938,1025,1083,1180]
[0,55,380,721,1180]
[0,55,320,380,721,938,1180]
[0,320,735,1180]
[0,55,320,380,676,721,938,1025,1083,1180]
[0,55,320,382,721,938,1180]
[0,55,320,382,721,938,1083,1180]
[0,55,320,721,1180]
[0,382,721,938,1025,1180]
[0,55,380,721,938,1180]
[0,55,320,382,721,938,1025,1083,1180]
[0,320,380,721,938,1025,1180]
[0,380,457,721,938,1180]
[0,320,382,721,938,1025,1083,1180]
[0,382,721,938,1025,1083,1180]
[0,55,382,721,938,1025,1180]
[0,55,320,721,938,1180]
[0,380,721,1180]
[0,320,721,938,1180]
[0,55,380,676,721,938,1025,1083,1180]
[0,55,380,457,721,938,1180]
[0,55,320,380,721,938,1025,1083,1180]
[0,320,721,1180]
[0,320,380,721,938,1025,1083,1180]
[0,55,382,676,721,938,1180]
[0,382,721,1180]
[0,735,1180]
[0,380,721,938,1180]
[0,55,380,721,938,1025,1083,1180]
[0,320,382,721,938,1180]
[0,55,382,721,938,1180]
[0,320,380,457,721,938,1180]
[0,320,382,721,938,1083,1180]
[0,380,721,938,1025,1180]
[0,379,721,1180]
[0,55,320,380,721,938,1083,1180]
[0,55,320,380,457,676,721,938,1180]
[0,55,382,721,1180]
[0,55,382,676,721,938,1025,1083,1180]
