[0,945,1651]
[0,541,662,837,945,1143,1421,1651]
[0,541,662,945,1143,1408,1651]
[0,656,907,1417,1651]
[0,662,907,1651]
[0,541,662,945,1408,1651]
[0,367,541,662,907,1319,1483,1651]
[0,102,367,541,662,907,1319,1483,1651]
[0,541,662,907,1417,1651]
[0,367,662,1651]
[0,541,662,907,1408,1651]
[0,907,1651]
[0,541,662,945,1143,1421,1651]
[0,656,1651]
[0,541,662,945,1421,1651]
[0,662,907,1319,1483,1651]
[0,541,662,907,1483,1651]
[0,662,945,1408,1651]
[0,662,907,1483,1651]
[0,662,945,1143,1408,1651]
[0,662,1651]
[0,662,907,1417,1651]
[0,662,945,1421,1651]
[0,541,662,907,1421,1651]
[0,907,1417,1651]
[0,662,907,1408,1651]
[0,945,1408,1651]
[0,662,907,1421,1651]
[0,656,907,1651]
[0,907,1408,1651]
[0,1417,1651]
[0,907,1483,1651]
[0,1483,1651]
[0,102,367,541,662,945,1408,1651]
[0,541,662,907,1319,1483,1651]
[0,1408,1651]
[0,102,367,541,662,945,1143,1408,1651]
[0,662,945,1143,1421,1651]
[0,367,662,907,1319,1483,1651]
[0,102,367,541,662,837,945,1143,1421,1651]
[0,367,541,662,945,1408,1651]
[0,102,367,541,662,945,1143,1421,1651]
[0,102,541,662,945,1143,1421,1651]
[0,102,367,541,662,945,1143,1408,1483,1651]
[0,945,1421,1651]
[0,907,1421,1651]
[0,367,662,945,1651]
[0,367,541,662,945,1143,1408,1651]
[0,102,541,662,907,1319,1483,1651]
[0,367,541,662,837,945,1143,1421,1651]
[0,1421,1651]
[0,367,662,945,1143,1421,1651]
[0,367,662,945,1143,1408,1651]
[0,662,945,1651]
[0,367,662,907,1483,1651]
[0,367,662,945,1421,1651]
[0,367,662,945,1408,1651]
[0,102,541,662,945,1408,1651]
[0,367,541,662,945,1143,1421,1651]
[0,367,662,907,1651]
