[0,393,2331,2956]
[0,393,1083,2956]
[0,582,1901,2331,2603,2956]
[0,1764,2956]
[0,393,2956]
[0,582,905,1901,2331,2603,2956]
[0,1786,2956]
[0,393,1083,1764,2956]
[0,582,1901,2956]
[0,582,954,1786,2331,2956]
[0,582,1786,2331,2956]
[0,393,1083,1901,2331,2603,2956]
[0,1083,1901,2331,2956]
[0,582,1786,2956]
[0,823,1764,2331,2956]
[0,857,2956]
[0,393,1901,2956]
[0,393,1901,2331,2956]
[0,393,601,1901,2331,2603,2956]
[0,393,1083,1764,2331,2603,2956]
[0,2331,2956]
[0,1083,1901,2956]
[0,1083,2956]
[0,1083,1764,2956]
[0,393,1901,2331,2603,2956]
[0,1764,2331,2956]
[0,1083,1764,2331,2956]
[0,823,1764,2956]
[0,393,1083,1551,1764,1901,2331,2603,2956]
[0,393,1083,1764,2331,2956]
[0,582,1901,2331,2956]
[0,393,1083,1901,2331,2956]
[0,1901,2331,2956]
[0,393,1083,1551,1764,2331,2603,2956]
[0,1901,2956]
[0,393,1083,1901,2956]
[0,582,905,1901,2331,2956]
