[0,152,789,866,1046]
[0,325,697,1046]
[0,866,1046]
[0,426,1046]
[0,152,325,426,581,697,1046]
[0,369,1046]
[0,161,581,1046]
[0,426,789,1046]
[0,152,426,697,1046]
[0,152,426,581,789,1046]
[0,325,789,1046]
[0,958,1046]
[0,325,866,1046]
[0,152,325,426,697,958,1046]
[0,152,325,426,689,1046]
[0,325,426,1046]
[0,161,325,581,789,1046]
[0,795,1046]
[0,152,325,426,581,789,1046]
[0,325,689,866,1046]
[0,161,325,426,581,789,1046]
[0,325,789,866,1046]
[0,161,325,426,581,789,866,958,1046]
[0,152,789,1046]
[0,152,325,426,789,866,958,1046]
[0,625,795,1046]
[0,697,958,1046]
[0,152,325,426,1046]
[0,152,1046]
[0,152,426,958,1046]
[0,426,581,789,1046]
[0,152,325,426,581,697,789,958,1046]
[0,152,369,738,958,1046]
[0,689,1046]
[0,161,426,1046]
[0,152,625,795,1046]
[0,426,689,1046]
[0,152,325,426,581,789,866,958,1046]
[0,581,1046]
[0,625,1046]
[0,325,426,581,697,1046]
[0,152,958,1046]
[0,152,426,789,958,1046]
[0,325,581,789,1046]
[0,152,325,426,581,697,789,1046]
[0,325,426,958,1046]
[0,161,581,789,1046]
[0,152,581,697,1046]
[0,152,426,689,1046]
[0,152,325,426,789,958,1046]
[0,152,325,426,581,697,958,1046]
[0,426,697,958,1046]
[0,152,426,581,697,1046]
[0,325,1046]
[0,152,581,789,1046]
[0,161,325,581,697,1046]
[0,152,369,738,1046]
[0,152,581,1046]
[0,152,325,426,689,958,1046]
[0,54,161,325,426,581,697,789,866,958,1046]
[0,161,325,426,581,697,789,1046]
[0,789,1046]
[0,152,369,958,1046]
[0,152,625,795,958,1046]
[0,738,1046]
[0,342,1046]
[0,152,789,958,1046]
[0,152,426,697,958,1046]
[0,161,325,426,789,958,1046]
[0,697,1046]
[0,325,426,789,866,1046]
[0,152,426,1046]
[0,152,369,1046]
[0,581,789,1046]
[0,325,426,697,1046]
[0,325,426,789,958,1046]
[0,152,426,789,1046]
[0,161,1046]
[0,152,325,426,581,697,789,866,958,1046]
[0,152,325,426,697,1046]
[0,152,866,1046]
[0,152,426,789,866,1046]
[0,161,325,426,581,697,789,958,1046]
[0,325,426,789,1046]
[0,325,426,789,866,958,1046]
[0,152,325,426,581,789,958,1046]
[0,161,581,697,1046]
[0,161,426,789,1046]
[0,161,325,426,581,697,789,866,958,1046]
[0,161,325,581,1046]
[0,152,325,426,789,1046]
[0,369,738,1046]
[0,152,795,958,1046]
[0,325,581,1046]
[0,161,325,426,581,789,958,1046]
[0,325,581,697,1046]
[0,789,866,1046]
[0,152,795,1046]
[0,161,325,426,581,697,1046]
[0,152,325,426,789,866,1046]
[0,161,325,426,789,866,958,1046]
[0,161,325,426,789,1046]
[0,152,625,1046]
[0,152,426,689,958,1046]
[0,426,697,1046]
