[0,235,593,944,1105,1219,1335,1632]
[0,235,277,344,593,944,1105,1219,1335,1632]
[0,593,944,1336,1632]
[0,235,277,593,944,1105,1219,1335,1632]
[0,235,277,593,1105,1219,1335,1632]
[0,593,1632]
[0,235,398,593,944,1336,1632]
[0,345,1219,1632]
[0,235,593,944,1336,1632]
[0,277,344,593,944,1105,1219,1335,1632]
[0,235,593,944,1219,1335,1632]
[0,344,593,944,1335,1632]
[0,593,1335,1632]
[0,235,290,593,1105,1219,1335,1632]
[0,235,398,593,944,1219,1335,1632]
[0,277,344,398,593,944,1105,1219,1335,1632]
[0,344,593,944,1219,1335,1632]
[0,235,290,593,944,1105,1219,1335,1632]
[0,593,944,1335,1632]
[0,1335,1632]
[0,275,344,593,944,1105,1219,1335,1632]
[0,235,593,1105,1335,1632]
[0,235,398,593,944,1335,1632]
[0,275,344,398,593,944,1105,1219,1335,1632]
[0,593,1105,1219,1335,1632]
[0,1336,1632]
[0,345,1335,1632]
[0,944,1632]
[0,235,398,593,944,1105,1219,1335,1632]
[0,1219,1632]
[0,593,1105,1335,1632]
[0,344,398,593,944,1105,1219,1335,1632]
[0,235,593,944,1335,1632]
[0,345,1632]
[0,235,593,1105,1219,1335,1632]
[0,235,277,344,398,593,944,1105,1219,1335,1632]
[0,593,944,1219,1335,1632]
[0,235,593,1335,1632]
[0,344,593,944,1105,1219,1335,1632]
[0,593,1336,1632]
[0,593,944,1105,1219,1335,1632]
[0,593,944,1632]
