[0,611,867,1310,1875,2518,2661,2812]
[0,611,867,1071,2518,2812]
[0,373,611,867,1310,1875,2518,2630,2812]
[0,611,1310,1875,2518,2812]
[0,373,611,867,1310,1875,2518,2812]
[0,611,867,1310,1875,2518,2630,2812]
[0,611,2518,2812]
[0,373,2518,2812]
[0,611,1875,2812]
[0,611,1875,2518,2812]
[0,2518,2812]
[0,611,867,1310,1875,2518,2812]
[0,373,611,867,1071,1875,2518,2630,2812]
[0,375,2518,2812]
[0,611,867,1071,1875,2518,2812]
[0,611,2812]
[0,611,867,1071,1875,2518,2630,2812]
[0,611,1310,1875,2812]
[0,1875,2812]
[0,373,2812]
[0,373,611,867,1875,2518,2812]
[0,375,2812]
[0,373,611,867,1310,1875,2518,2661,2812]
[0,373,611,867,1071,1875,2518,2812]
[0,611,867,2518,2812]
[0,611,867,1875,2518,2812]
