[0,265,554,686,788,1007,1135,1278,1651]
[0,265,554,686,788,886,1040,1135,1278,1651]
[0,265,554,788,896,1278,1651]
[0,540,1651]
[0,686,1135,1651]
[0,265,554,788,1278,1651]
[0,265,686,1278,1651]
[0,265,788,1278,1651]
[0,788,1651]
[0,265,554,788,886,1040,1135,1278,1651]
[0,265,554,686,788,894,1040,1135,1278,1651]
[0,686,1278,1651]
[0,540,1135,1651]
[0,788,1278,1651]
[0,265,554,788,896,1135,1278,1651]
[0,265,686,896,1278,1651]
[0,265,554,788,894,1135,1278,1651]
[0,265,686,886,1278,1651]
[0,265,554,686,886,1278,1651]
[0,265,554,686,788,894,1135,1278,1651]
[0,265,554,686,1007,1135,1278,1651]
[0,265,554,686,788,886,1135,1278,1651]
[0,265,554,686,788,886,1007,1135,1278,1651]
[0,686,1007,1278,1651]
[0,265,788,894,1278,1651]
[0,265,686,896,1135,1278,1651]
[0,265,686,886,1135,1278,1651]
[0,265,554,686,1278,1651]
[0,265,554,788,1135,1278,1651]
[0,1007,1278,1651]
[0,265,686,1007,1278,1651]
[0,1135,1651]
[0,686,1651]
[0,1278,1651]
[0,265,554,788,886,1278,1651]
[0,265,554,686,896,1278,1651]
[0,265,554,686,1007,1278,1651]
[0,265,554,686,788,886,1278,1651]
[0,265,554,686,896,1135,1278,1651]
[0,265,788,896,1278,1651]
[0,265,1651]
[0,265,1135,1651]
[0,265,788,886,1278,1651]
[0,265,554,788,886,1135,1278,1651]
[0,265,554,686,788,896,1135,1278,1651]
[0,265,554,788,894,1278,1651]
[0,265,1278,1651]
[0,265,554,686,886,1135,1278,1651]
