[0,76,601,690,808,1219,1465]
[0,76,601,690,1224,1465]
[0,808,1465]
[0,601,690,1219,1465]
[0,76,423,472,601,690,808,1224,1465]
[0,472,690,808,1219,1465]
[0,76,601,1224,1465]
[0,472,808,1224,1465]
[0,76,601,690,808,1224,1408,1465]
[0,601,690,808,1224,1465]
[0,472,808,1465]
[0,472,1224,1465]
[0,1224,1465]
[0,76,472,601,690,808,1224,1465]
[0,601,1465]
[0,76,601,690,1219,1465]
[0,76,423,472,601,690,808,1224,1408,1465]
[0,76,601,690,808,1219,1408,1465]
[0,601,1219,1465]
[0,76,423,472,601,690,808,1219,1465]
[0,1219,1465]
[0,690,808,1224,1465]
[0,76,1224,1465]
[0,76,601,1219,1465]
[0,472,808,1219,1465]
[0,76,472,601,690,808,1219,1408,1465]
[0,76,472,601,690,808,1219,1465]
[0,76,1219,1465]
[0,690,1224,1465]
[0,76,601,690,808,1224,1465]
[0,472,601,690,808,1224,1465]
[0,472,1219,1465]
[0,601,690,808,1219,1465]
[0,472,690,808,1224,1465]
[0,76,423,472,601,690,808,1219,1408,1465]
[0,690,1219,1465]
[0,472,1465]
[0,690,1465]
[0,690,808,1219,1465]
[0,472,601,690,808,1219,1465]
[0,601,690,1224,1465]
[0,76,472,601,690,808,1224,1408,1465]
[0,601,1224,1465]
