[0,329,1713,2017]
[0,85,1287,2017]
[0,329,423,2017]
[0,1713,2017]
[0,85,329,1287,2017]
[0,329,423,526,1040,1287,1676,2017]
[0,423,2017]
[0,329,526,1040,1287,1676,2017]
[0,526,1040,1287,1870,2017]
[0,85,329,423,1040,1287,2017]
[0,85,329,526,1287,2017]
[0,329,526,2017]
[0,85,329,423,1287,2017]
[0,85,329,2017]
[0,85,329,526,1040,1287,2017]
[0,526,2017]
[0,423,1287,2017]
[0,526,1040,1287,2017]
[0,85,526,1040,1287,2017]
[0,526,1287,2017]
[0,329,1287,2017]
[0,85,1040,1287,2017]
[0,526,1040,1287,1676,2017]
[0,1287,2017]
[0,423,1040,1287,2017]
[0,85,329,423,2017]
[0,329,526,1287,2017]
[0,85,329,423,526,1040,1287,1676,2017]
[0,329,423,1287,2017]
[0,85,526,1040,1287,1870,2017]
[0,85,526,2017]
[0,85,2017]
[0,329,423,526,1040,1287,2017]
[0,526,1287,1676,2017]
[0,85,329,526,2017]
[0,329,2017]
[0,1040,1287,2017]
[0,329,526,1040,1287,2017]
[0,329,423,1040,1287,2017]
[0,85,329,423,526,1040,1287,2017]
