[0,394,4285]
[0,394,1090,1871,3091,4285]
[0,394,1091,1871,2093,3024,3623,4285]
[0,1090,1871,4285]
[0,418,4285]
[0,1091,1871,3091,4285]
[0,1091,2004,3024,4285]
[0,1091,1871,3024,3623,4285]
[0,394,1090,1871,3091,3623,4285]
[0,3024,4285]
[0,1090,1871,3091,4285]
[0,394,1871,4285]
[0,1090,1871,3091,3623,4285]
[0,394,1091,1871,2093,3091,3416,3623,4285]
[0,651,4285]
[0,1091,1871,3416,4285]
[0,394,1090,1871,2212,3091,4285]
[0,2004,3024,4285]
[0,418,1871,4285]
[0,1091,2004,4285]
[0,394,1091,1871,3091,3623,4285]
[0,1091,3091,4285]
[0,394,1090,1871,2212,4285]
[0,1091,1871,3024,4285]
[0,418,1091,1871,2093,3024,4285]
[0,2004,3416,4285]
[0,651,2004,4285]
[0,394,1090,1871,2212,3091,3416,3623,4285]
[0,418,1091,2004,3416,4285]
[0,394,1091,1871,3091,4285]
[0,2004,4285]
[0,418,1091,2004,4285]
[0,418,1091,2004,3024,4285]
[0,394,1091,1871,2093,3416,3623,4285]
[0,394,1091,1871,3024,3623,4285]
[0,394,1090,1871,2212,3091,3623,4285]
[0,394,1091,1871,4285]
[0,394,1091,1871,2093,3024,3416,3623,4285]
[0,418,2004,3024,4285]
[0,1091,1871,4285]
[0,394,1091,1871,2093,3091,4285]
[0,3091,4285]
[0,651,2155,4285]
[0,418,1091,1871,3024,4285]
[0,1090,3091,4285]
[0,418,1091,1871,2093,4285]
[0,394,1091,1871,3416,4285]
[0,394,1091,1871,3024,4285]
[0,394,1091,1871,2093,4285]
[0,394,1090,1871,4285]
[0,1091,3024,4285]
[0,1871,3416,4285]
[0,418,1091,1871,4285]
[0,1091,2004,3416,4285]
[0,394,1091,1871,2093,3091,3623,4285]
[0,418,2004,4285]
[0,394,1091,1871,2093,3416,4285]
[0,651,2004,3416,4285]
[0,3416,4285]
[0,1091,1871,3091,3623,4285]
[0,2155,4285]
[0,1871,4285]
[0,394,1091,1871,2093,3024,4285]
