[0,1011,1732,2641,2824]
[0,773,1283,1732,2641,2824]
[0,773,1283,1734,2067,2641,2824]
[0,773,1011,1283,2067,2824]
[0,773,1011,1283,1732,1968,2521,2641,2824]
[0,773,1011,1283,1732,2824]
[0,1011,1283,1968,2824]
[0,1034,1843,2824]
[0,1011,1283,1968,2521,2641,2824]
[0,1011,1283,1732,1968,2521,2641,2824]
[0,773,1283,1734,1879,2067,2533,2641,2824]
[0,1011,1283,1968,2641,2824]
[0,1011,1283,1732,2824]
[0,773,1283,1734,1879,2067,2641,2824]
[0,773,1032,1283,1734,1879,2067,2641,2824]
[0,1732,2641,2824]
[0,773,1283,2067,2521,2641,2824]
[0,773,1283,1732,2067,2521,2641,2824]
[0,773,1011,1283,2067,2641,2824]
[0,773,1283,1968,2824]
[0,1011,1283,1879,2641,2824]
[0,773,1011,1283,1734,1879,2067,2533,2641,2824]
[0,1283,2590,2824]
[0,773,1032,1283,1734,2067,2641,2824]
[0,1011,1283,1879,2824]
[0,773,1283,1732,2824]
[0,773,1011,1283,1732,1968,2641,2824]
[0,773,1732,2824]
[0,773,1732,2641,2824]
[0,773,1032,1283,2067,2641,2824]
[0,1034,2641,2824]
[0,773,1283,2641,2824]
[0,1034,1843,2641,2824]
[0,773,1283,2067,2641,2824]
[0,773,1032,1283,2067,2824]
[0,773,1283,1734,2824]
[0,773,1032,1283,1732,2067,2824]
[0,773,1011,1283,1734,2067,2641,2824]
[0,1732,2824]
[0,773,1011,1283,1734,1879,2067,2641,2824]
[0,773,1283,1732,2067,2641,2824]
[0,773,1032,1283,1732,1879,2067,2521,2641,2824]
[0,773,1011,1283,1968,2824]
[0,1283,1968,2824]
[0,1734,2824]
[0,1283,2067,2824]
[0,773,1011,1283,1968,2521,2641,2824]
[0,773,1032,1283,1732,1879,2067,2641,2824]
[0,773,1283,1732,1879,2067,2521,2641,2824]
[0,773,1011,1283,1732,1968,2824]
[0,773,1283,1734,1879,2067,2521,2641,2824]
[0,1283,2641,2824]
[0,1011,1283,1732,1968,2824]
[0,1011,1283,2641,2824]
[0,773,1283,1732,1879,2067,2641,2824]
[0,1283,1734,2824]
[0,773,1283,2067,2824]
[0,773,1283,1734,2067,2824]
[0,773,1283,2067,2533,2641,2824]
[0,1283,2067,2641,2824]
[0,1011,1968,2824]
[0,773,1011,1283,1734,2067,2824]
[0,773,1283,1968,2521,2641,2824]
[0,773,1011,1283,1732,2641,2824]
[0,773,1283,1734,2067,2521,2641,2824]
[0,1011,1732,2824]
[0,1283,1734,2641,2824]
[0,1011,1283,1732,2641,2824]
[0,1011,2824]
[0,1011,2641,2824]
[0,773,1032,1283,1734,2067,2824]
[0,773,1283,1734,2067,2533,2641,2824]
[0,773,1283,2824]
[0,773,1734,2824]
[0,1011,1283,2824]
[0,1011,1968,2521,2641,2824]
[0,1011,1879,2824]
[0,1011,1283,1732,1968,2641,2824]
[0,773,1283,1734,2641,2824]
[0,773,1032,1283,1734,1879,2067,2521,2641,2824]
[0,773,1011,1283,1968,2641,2824]
[0,773,1283,1732,2067,2824]
[0,1011,1968,2641,2824]
[0,773,1032,1283,1732,2067,2641,2824]
[0,1283,2824]
[0,1034,2824]
[0,773,1283,1968,2641,2824]
