[0,56,256,452,513,695,1052,1180]
[0,56,523,695,1180]
[0,56,452,817,976,1180]
[0,56,459,786,1180]
[0,452,523,695,817,976,1180]
[0,204,452,695,1180]
[0,256,452,695,817,1052,1180]
[0,467,786,1180]
[0,256,452,523,695,1180]
[0,56,195,452,523,695,817,1180]
[0,195,452,523,695,1180]
[0,452,817,1180]
[0,56,256,452,513,695,817,1052,1180]
[0,204,452,513,695,817,1052,1180]
[0,56,452,513,695,1052,1180]
[0,195,695,976,1180]
[0,56,695,817,1052,1180]
[0,695,817,1052,1180]
[0,56,195,695,817,976,1180]
[0,817,1180]
[0,204,695,1052,1180]
[0,56,452,817,1180]
[0,256,452,513,695,1052,1180]
[0,256,452,695,1180]
[0,56,452,513,695,1180]
[0,195,695,817,976,1180]
[0,452,513,695,817,1052,1180]
[0,56,695,1052,1180]
[0,56,195,452,817,976,1180]
[0,56,195,452,523,695,817,976,1180]
[0,256,452,513,695,1180]
[0,204,467,786,1180]
[0,513,695,1180]
[0,56,452,513,695,817,1052,1180]
[0,56,452,523,695,1180]
[0,56,695,1180]
[0,56,195,452,523,695,1180]
[0,695,817,976,1180]
[0,459,786,1180]
[0,56,204,452,513,695,817,1052,1180]
[0,695,1052,1180]
[0,195,452,523,695,817,976,1180]
[0,204,695,817,1052,1180]
[0,195,452,695,817,1180]
[0,523,695,1180]
[0,195,452,695,1180]
[0,256,452,695,1052,1180]
[0,56,513,695,1180]
[0,56,256,452,523,695,817,976,1180]
[0,56,256,452,523,695,817,1180]
[0,195,452,523,695,817,1180]
[0,56,204,695,817,1052,1180]
[0,195,452,695,817,976,1180]
[0,452,523,695,1180]
[0,56,817,1180]
[0,256,452,513,695,817,1052,1180]
[0,452,695,976,1180]
[0,56,204,467,786,1180]
[0,56,467,786,1180]
[0,695,976,1180]
[0,452,1180]
[0,256,452,523,695,817,976,1180]
[0,452,523,695,817,1180]
[0,452,695,817,976,1180]
[0,56,665,1180]
[0,204,452,695,1052,1180]
[0,56,786,1180]
[0,204,452,695,817,1052,1180]
[0,256,452,695,817,976,1180]
[0,56,695,817,1180]
[0,452,695,817,1180]
[0,256,452,695,976,1180]
[0,56,195,452,817,1180]
[0,452,695,1180]
[0,665,1180]
[0,452,817,976,1180]
[0,195,452,817,1180]
[0,195,452,817,976,1180]
[0,786,1180]
[0,256,452,523,695,817,1180]
[0,452,513,695,1052,1180]
[0,56,256,452,523,695,1180]
[0,56,256,452,513,695,1180]
[0,195,452,695,976,1180]
[0,452,513,695,1180]
[0,695,1180]
[0,452,695,1052,1180]
[0,695,817,1180]
[0,256,452,695,817,1180]
[0,56,695,817,976,1180]
[0,204,695,1180]
[0,452,695,817,1052,1180]
