[0,299,486,682,811,1046]
[0,299,481,545,682,849,977,1046]
[0,235,299,481,545,682,849,977,1046]
[0,299,545,682,1046]
[0,481,682,1046]
[0,299,481,545,682,811,977,1046]
[0,299,545,682,849,1046]
[0,299,682,1046]
[0,481,1046]
[0,299,486,682,977,1046]
[0,299,486,1046]
[0,299,545,977,1046]
[0,299,481,682,977,1046]
[0,299,545,682,849,977,1046]
[0,299,481,682,849,1046]
[0,299,1046]
[0,486,1046]
[0,486,682,1046]
[0,299,682,849,1046]
[0,299,481,682,849,977,1046]
[0,299,486,682,811,977,1046]
[0,299,545,682,811,1046]
[0,299,545,682,977,1046]
[0,682,1046]
[0,299,545,1046]
[0,299,486,682,1046]
[0,299,481,1046]
[0,299,545,682,811,977,1046]
[0,299,481,977,1046]
[0,299,977,1046]
[0,299,481,682,1046]
