[0,1184,1416,1651]
[0,1416,1651]
[0,680,1058,1651]
[0,306,680,731,1046,1416,1651]
[0,729,1651]
[0,1138,1651]
[0,306,680,1184,1416,1651]
[0,306,729,1046,1651]
[0,306,435,1046,1184,1416,1651]
[0,306,435,1058,1416,1651]
[0,306,1651]
[0,306,680,1416,1651]
[0,1184,1651]
[0,306,1138,1416,1651]
[0,306,435,1058,1184,1416,1651]
[0,680,1651]
[0,1058,1416,1651]
[0,306,729,1046,1416,1651]
[0,306,729,1058,1416,1651]
[0,729,1058,1651]
[0,306,1416,1651]
[0,306,680,1046,1651]
[0,306,680,729,1058,1184,1416,1651]
[0,306,1046,1651]
[0,306,435,729,1046,1184,1416,1651]
[0,306,1184,1416,1651]
[0,306,680,1046,1416,1651]
[0,306,680,1058,1416,1651]
[0,306,729,1651]
[0,1138,1416,1651]
[0,680,1046,1651]
[0,306,1058,1184,1416,1651]
[0,1058,1651]
[0,306,680,731,1046,1184,1416,1651]
[0,1046,1416,1651]
[0,306,680,729,1058,1416,1651]
[0,306,1046,1416,1651]
[0,306,1046,1184,1416,1651]
[0,306,1138,1651]
[0,306,1184,1651]
[0,306,729,1058,1651]
[0,306,729,1046,1184,1416,1651]
[0,306,435,1184,1416,1651]
[0,306,1058,1416,1651]
[0,306,435,1138,1416,1651]
[0,306,680,1046,1184,1416,1651]
[0,306,680,1058,1184,1416,1651]
[0,306,435,729,1058,1416,1651]
[0,729,1046,1651]
[0,306,680,1651]
[0,306,680,1058,1651]
[0,1046,1651]
[0,306,1058,1651]
