[0,314,532,979,1095,1254,1556,1913,2025,2310,2759]
[0,314,1556,2759]
[0,1095,1581,2310,2759]
[0,314,532,979,1095,1556,2025,2310,2365,2759]
[0,2025,2759]
[0,1556,2759]
[0,314,532,979,1095,1556,2025,2310,2759]
[0,979,1581,2759]
[0,314,532,979,1581,2025,2310,2759]
[0,314,979,1581,2025,2310,2759]
[0,314,979,1556,2025,2310,2759]
[0,880,2759]
[0,979,2759]
[0,314,979,2025,2759]
[0,314,532,979,1254,1556,2025,2310,2759]
[0,880,2025,2759]
[0,314,532,1095,1581,2025,2310,2759]
[0,314,979,1556,2759]
[0,314,1095,2759]
[0,314,979,1581,2310,2759]
[0,314,532,979,1095,1254,1556,1913,2025,2310,2365,2759]
[0,979,2025,2759]
[0,314,532,979,1095,1254,1556,2025,2310,2365,2759]
[0,314,1095,1556,2025,2310,2759]
[0,314,1141,2759]
[0,314,2759]
[0,314,532,979,1095,1254,1556,2025,2310,2759]
[0,979,1556,2759]
[0,1095,1581,2759]
[0,314,979,2025,2310,2759]
[0,314,979,1556,2310,2759]
[0,1095,2025,2759]
[0,314,1095,1581,2759]
[0,1095,2759]
[0,979,2025,2310,2759]
[0,314,1095,1556,2310,2759]
[0,314,532,979,1556,2025,2310,2759]
[0,314,979,1254,1556,2025,2310,2759]
[0,314,1095,1581,2025,2310,2759]
[0,979,1556,2310,2759]
[0,314,1095,2025,2310,2759]
[0,1095,1556,2759]
[0,314,2025,2759]
[0,314,979,1581,2759]
[0,979,1581,2310,2759]
[0,314,532,1095,1556,2025,2310,2365,2759]
[0,1141,2759]
[0,314,1095,1581,2310,2759]
[0,314,1095,2025,2759]
[0,1095,1556,2310,2759]
[0,314,1095,1556,2759]
[0,314,532,1095,1556,2025,2310,2759]
