[0,232,892,2936,4073,4758]
[0,892,2297,2876,3386,4073,4758]
[0,856,4758]
[0,856,2850,4758]
[0,312,892,2876,4758]
[0,1666,2936,4073,4758]
[0,856,1666,2297,2850,4065,4758]
[0,312,856,2850,4065,4758]
[0,892,2936,4758]
[0,1666,2876,4073,4758]
[0,2850,4065,4758]
[0,232,892,2936,4758]
[0,120,312,527,856,1666,2297,2850,4065,4758]
[0,892,2876,4758]
[0,120,312,856,2297,2850,4065,4758]
[0,856,1666,2850,4758]
[0,102,892,2876,4073,4758]
[0,232,892,1744,2876,4073,4758]
[0,1666,2936,4758]
[0,892,4758]
[0,1011,2850,4758]
[0,892,1744,2876,4758]
[0,1666,2850,4065,4758]
[0,102,312,527,892,1666,2297,2876,3386,4073,4758]
[0,1011,4758]
[0,312,856,2850,4758]
[0,102,312,527,892,2297,2876,4073,4758]
[0,102,312,527,892,2297,2876,3386,4073,4758]
[0,1666,2876,4758]
[0,312,527,892,2297,2876,3386,4073,4758]
[0,232,892,1666,2936,4073,4758]
[0,312,892,2876,4073,4758]
[0,856,2850,4065,4758]
[0,1011,2850,4065,4758]
[0,312,527,856,1666,2297,2850,4065,4758]
[0,327,892,2297,2876,3386,4073,4758]
[0,892,1666,2936,4758]
[0,2936,4758]
[0,892,1744,2876,4073,4758]
[0,232,892,2297,2876,3386,4073,4758]
[0,312,892,2297,2876,4073,4758]
[0,856,1666,2850,4065,4758]
[0,327,892,2297,2876,4073,4758]
[0,312,527,856,2297,2850,4065,4758]
[0,327,892,2876,4758]
[0,856,2297,2850,4065,4758]
[0,892,1666,2876,4758]
[0,2876,4758]
[0,327,892,1666,2297,2876,3386,4073,4758]
[0,120,312,527,856,2297,2850,4065,4758]
[0,232,892,1666,2297,2876,3386,4073,4758]
[0,327,892,2876,4073,4758]
[0,892,1666,2936,4073,4758]
[0,892,1666,2876,4073,4758]
[0,527,2936,4758]
[0,232,892,2876,4073,4758]
[0,232,1011,2850,4758]
[0,102,327,892,2297,2876,4073,4758]
[0,892,1666,2297,2876,4073,4758]
[0,892,2297,2876,4073,4758]
[0,312,856,2297,2850,4065,4758]
[0,892,2936,4073,4758]
[0,232,892,2876,4758]
[0,892,2876,4073,4758]
[0,232,892,2297,2876,4073,4758]
[0,312,527,892,2297,2876,4073,4758]
[0,312,856,1666,2297,2850,4065,4758]
[0,1666,2850,4758]
[0,102,327,892,1666,2297,2876,3386,4073,4758]
[0,312,892,1666,2297,2876,3386,4073,4758]
[0,312,892,2297,2876,3386,4073,4758]
[0,102,327,892,2297,2876,3386,4073,4758]
[0,892,1666,2297,2876,3386,4073,4758]
[0,102,312,892,2297,2876,4073,4758]
[0,312,527,892,1666,2297,2876,3386,4073,4758]
[0,102,892,2297,2876,4073,4758]
[0,2850,4758]
[0,102,892,2876,4758]
[0,232,1011,2850,4065,4758]
