[0,440,722,922]
[0,87,499,922]
[0,87,482,572,722,829,922]
[0,482,829,922]
[0,440,572,922]
[0,440,572,722,829,922]
[0,482,572,728,922]
[0,87,424,482,572,722,829,922]
[0,482,572,728,829,922]
[0,482,922]
[0,87,424,922]
[0,87,424,482,572,728,829,922]
[0,482,572,722,829,922]
[0,572,922]
[0,87,424,572,922]
[0,499,922]
[0,424,572,722,829,922]
[0,87,424,829,922]
[0,572,728,922]
[0,440,922]
[0,87,440,572,722,829,922]
[0,87,482,572,661,728,829,922]
[0,87,424,499,572,728,829,922]
[0,728,922]
[0,829,922]
[0,424,572,728,829,922]
[0,87,424,572,728,829,922]
[0,440,572,722,922]
[0,87,424,572,722,829,922]
[0,424,922]
[0,424,722,922]
[0,424,572,722,922]
[0,87,424,572,728,922]
[0,87,424,499,572,661,728,829,922]
[0,424,728,922]
[0,572,728,829,922]
[0,482,722,922]
[0,482,572,722,922]
[0,87,482,572,728,829,922]
[0,87,922]
[0,424,572,922]
[0,728,829,922]
[0,482,722,829,922]
[0,87,424,482,572,661,728,829,922]
[0,424,572,728,922]
[0,482,572,922]
[0,87,572,922]
[0,424,829,922]
