[0,1516,1644,1865,1941,2053]
[0,1512,1557,1791,1865,1941,2053]
[0,1512,1791,1865,1941,2053]
[0,1516,1557,1791,1865,1941,2053]
[0,1516,1557,1644,1734,1865,1941,2053]
[0,1516,1557,1941,2053]
[0,1516,1644,1734,1791,1865,1941,2053]
[0,1516,1644,1748,1941,2053]
[0,1512,1644,1734,1865,1941,2053]
[0,1516,1865,1941,2053]
[0,1516,1644,1941,2053]
[0,1516,1557,1734,1791,1865,1941,2053]
[0,1516,1644,1748,1865,1941,2053]
[0,1516,1644,2053]
[0,1516,1941,2053]
[0,1512,1644,1941,2053]
[0,1516,1557,1865,1941,2053]
[0,1512,1557,1941,2053]
[0,1516,1557,1644,1748,1865,1941,2053]
[0,1512,1865,1941,2053]
[0,1512,1644,2053]
[0,1512,2053]
[0,1512,1644,1734,1791,1865,1941,2053]
[0,1512,1941,2053]
[0,1516,1644,1734,1941,2053]
[0,1516,1791,1865,1941,2053]
[0,1512,1791,1941,2053]
[0,1512,1644,1734,1941,2053]
[0,1516,1557,1644,1734,1791,1865,1941,2053]
[0,1512,1557,1734,1791,1865,1941,2053]
[0,1516,2053]
[0,1512,1734,1791,1865,1941,2053]
[0,1512,1791,2053]
[0,1512,1557,1644,1734,1791,1865,1941,2053]
[0,1512,1557,1865,1941,2053]
[0,1516,1734,1791,1865,1941,2053]
[0,1512,1644,1865,1941,2053]
[0,1516,1557,1644,1865,1941,2053]
[0,1516,1644,1734,1865,1941,2053]
