[0,958,1207,2017]
[0,440,785,1207,2017]
[0,533,785,958,1207,1309,1819,2017]
[0,533,785,948,1207,1309,2017]
[0,683,1207,1309,2017]
[0,440,785,1207,1819,2017]
[0,92,533,785,1207,1309,2017]
[0,92,533,785,1207,1727,2017]
[0,533,785,948,1207,1819,2017]
[0,92,440,785,958,1207,1560,1819,2017]
[0,1207,1560,2017]
[0,440,785,948,1207,2017]
[0,92,440,785,948,1207,1309,2017]
[0,683,785,958,1207,1309,1819,2017]
[0,1207,1309,2017]
[0,533,785,948,1207,1309,1819,2017]
[0,92,440,785,958,1207,1309,2017]
[0,683,785,1207,1309,2017]
[0,785,958,1207,1309,1819,2017]
[0,92,785,1276,2017]
[0,440,785,948,1207,1309,1560,1819,2017]
[0,785,1276,2017]
[0,92,533,1207,1560,1819,2017]
[0,92,440,1207,1560,1819,2017]
[0,92,533,1207,1560,2017]
[0,92,533,1207,1309,2017]
[0,440,1207,1560,2017]
[0,92,533,785,948,1207,1309,2017]
[0,440,785,958,1207,1309,1560,1819,2017]
[0,533,785,948,1207,1560,1819,2017]
[0,92,440,785,958,1207,1309,1819,2017]
[0,440,785,948,1207,1819,2017]
[0,958,1207,1819,2017]
[0,958,1207,1560,1819,2017]
[0,440,785,948,1207,1309,1819,2017]
[0,785,958,1207,1309,1560,1819,2017]
[0,92,440,785,948,1207,1309,1560,1819,2017]
[0,533,1207,1560,1819,2017]
[0,92,533,785,948,1207,1309,1819,2017]
[0,1276,2017]
[0,533,1207,1309,2017]
[0,683,785,1207,2017]
[0,533,785,958,1207,2017]
[0,1207,1560,1819,2017]
[0,92,683,785,1207,2017]
[0,92,440,1207,2017]
[0,92,533,785,1207,2017]
[0,533,785,1207,1309,2017]
[0,785,958,1207,2017]
[0,92,1207,2017]
[0,440,785,1207,1560,2017]
[0,533,785,958,1207,1309,2017]
[0,785,958,1207,1309,2017]
[0,92,440,785,958,1207,1309,1560,1819,2017]
[0,1207,2017]
[0,440,785,958,1207,1819,2017]
[0,92,440,1207,1560,2017]
[0,92,533,785,948,1207,1309,1560,1819,2017]
[0,92,440,1207,1309,2017]
[0,683,785,958,1207,1309,2017]
[0,92,440,785,1207,2017]
[0,440,683,785,958,1207,1309,1819,2017]
[0,533,785,1207,1819,2017]
[0,440,785,1207,1560,1819,2017]
[0,440,785,948,1207,1560,1819,2017]
[0,683,785,958,1207,1309,1560,1819,2017]
[0,533,785,1207,2017]
[0,533,785,948,1207,2017]
[0,92,533,785,948,1207,1560,1819,2017]
[0,92,440,785,1207,1309,2017]
[0,958,1207,1560,2017]
[0,533,785,948,1207,1309,1560,1819,2017]
[0,533,785,958,1207,1819,2017]
[0,440,785,948,1207,1309,2017]
[0,92,683,785,1207,1309,2017]
[0,785,958,1207,1819,2017]
[0,92,1207,1727,2017]
[0,440,785,958,1207,1309,1819,2017]
[0,533,1207,2017]
[0,1207,1727,2017]
[0,958,1207,1309,2017]
[0,92,683,1207,2017]
[0,683,1207,2017]
[0,440,533,785,958,1207,1309,1560,1819,2017]
[0,92,440,683,785,958,1207,1309,1560,1819,2017]
[0,440,1207,1560,1819,2017]
[0,440,1207,1309,2017]
[0,92,440,785,948,1207,1309,1819,2017]
[0,440,683,785,958,1207,1309,1560,1819,2017]
[0,92,440,683,785,958,1207,1309,1819,2017]
[0,92,533,1207,2017]
[0,440,1267,2017]
[0,92,440,533,785,958,1207,1309,1560,1819,2017]
[0,1207,1819,2017]
[0,440,1207,2017]
[0,440,785,958,1207,2017]
[0,92,1276,2017]
[0,92,683,785,958,1207,1309,2017]
[0,1267,2017]
[0,533,785,958,1207,1309,1560,1819,2017]
[0,92,683,785,958,1207,1309,1819,2017]
[0,533,1207,1560,2017]
[0,440,785,958,1207,1309,2017]
[0,533,1207,1727,2017]
[0,92,440,785,1207,1560,1819,2017]
[0,533,785,958,1207,1560,1819,2017]
[0,533,785,1207,1560,2017]
[0,440,785,1207,1309,2017]
[0,533,785,1207,1727,2017]
[0,785,958,1207,1560,1819,2017]
[0,440,785,958,1207,1560,1819,2017]
[0,92,533,785,1207,1560,1819,2017]
[0,533,785,1207,1560,1819,2017]
