[0,145,265,446,766,1262,1419]
[0,376,597,1262,1419]
[0,597,1262,1419]
[0,145,446,769,1262,1311,1419]
[0,376,597,978,1419]
[0,145,499,1419]
[0,145,446,597,766,978,1262,1419]
[0,145,446,769,1262,1419]
[0,145,265,446,769,1262,1419]
[0,499,1240,1419]
[0,145,446,597,769,1262,1419]
[0,145,446,1262,1419]
[0,978,1419]
[0,134,446,597,766,978,1262,1419]
[0,134,265,401,597,753,978,1262,1419]
[0,145,265,446,597,766,978,1262,1419]
[0,401,753,978,1262,1419]
[0,446,769,978,1262,1419]
[0,376,1262,1419]
[0,401,753,1419]
[0,376,978,1419]
[0,134,401,597,1262,1419]
[0,77,145,265,446,766,978,1262,1419]
[0,446,769,1419]
[0,145,376,597,1262,1419]
[0,678,1240,1419]
[0,145,446,766,978,1262,1419]
[0,134,376,678,1240,1419]
[0,145,446,597,769,978,1262,1419]
[0,401,597,753,978,1262,1419]
[0,678,1419]
[0,145,446,766,1243,1419]
[0,134,401,597,753,1262,1419]
[0,134,265,446,766,1262,1419]
[0,134,597,1419]
[0,134,401,597,753,978,1262,1419]
[0,77,145,265,446,766,1243,1419]
[0,499,1419]
[0,145,499,1240,1419]
[0,401,678,1262,1419]
[0,77,145,265,446,597,766,978,1243,1419]
[0,145,265,446,597,769,1262,1419]
[0,446,597,766,1243,1419]
[0,446,766,1419]
[0,134,376,597,1262,1419]
[0,145,446,597,766,978,1243,1419]
[0,145,265,446,766,978,1262,1419]
[0,376,678,1240,1419]
[0,134,446,1262,1419]
[0,77,145,265,446,597,766,978,1243,1311,1419]
[0,77,145,265,446,597,769,1262,1419]
[0,145,265,446,597,766,978,1243,1419]
[0,145,401,1419]
[0,145,446,766,1262,1419]
[0,446,766,978,1243,1419]
[0,401,1262,1419]
[0,401,597,1262,1419]
[0,77,145,265,446,597,769,1262,1311,1419]
[0,446,1243,1419]
[0,401,597,1419]
[0,134,446,1419]
[0,77,145,265,446,769,1262,1419]
[0,446,766,1243,1419]
[0,376,1240,1419]
[0,134,446,766,978,1262,1419]
[0,597,1419]
[0,401,678,1419]
[0,401,1419]
[0,446,597,769,1262,1419]
[0,145,376,597,769,978,1262,1419]
[0,77,145,265,446,597,769,978,1262,1419]
[0,376,597,1419]
[0,446,1262,1419]
[0,134,446,766,1262,1419]
[0,446,597,766,978,1262,1419]
[0,446,978,1419]
[0,77,145,265,446,597,766,978,1262,1419]
[0,145,376,1419]
[0,376,1235,1419]
[0,446,766,978,1262,1419]
[0,376,678,1419]
[0,145,265,446,597,766,978,1243,1311,1419]
[0,145,446,1419]
[0,446,769,1262,1419]
[0,446,769,978,1419]
[0,145,265,446,597,766,1243,1419]
[0,446,766,1262,1419]
[0,145,1419]
[0,134,1419]
[0,145,265,446,597,769,978,1262,1419]
[0,134,265,446,766,978,1262,1419]
[0,77,145,265,446,597,766,1243,1419]
[0,446,597,769,978,1262,1419]
[0,376,597,769,978,1262,1419]
[0,134,265,446,597,766,978,1262,1419]
[0,145,265,446,766,1243,1419]
[0,145,401,1262,1419]
[0,145,446,597,766,1243,1419]
[0,401,597,753,1262,1419]
[0,376,1419]
[0,134,597,1262,1419]
[0,134,678,1240,1419]
[0,145,446,1243,1419]
[0,134,678,1419]
[0,446,766,978,1419]
[0,145,376,597,769,1262,1419]
[0,145,376,1262,1419]
[0,446,1419]
[0,401,753,1262,1419]
[0,145,401,678,1262,1419]
[0,401,753,978,1419]
[0,77,145,265,446,597,769,978,1262,1311,1419]
[0,145,597,1262,1419]
[0,77,145,265,446,766,1262,1419]
[0,145,597,1419]
[0,145,265,446,769,1262,1311,1419]
[0,376,597,769,1262,1419]
[0,376,597,769,978,1419]
[0,446,597,766,978,1243,1419]
[0,77,145,265,446,769,1262,1311,1419]
[0,376,597,769,1419]
