[0,746,1076,1157,1249]
[0,281,746,1076,1249]
[0,746,879,1157,1249]
[0,281,513,746,1076,1249]
[0,281,632,746,1076,1249]
[0,632,1249]
[0,281,632,746,1076,1157,1249]
[0,746,1249]
[0,281,746,879,957,1076,1157,1249]
[0,513,957,1249]
[0,281,632,746,879,1157,1249]
[0,281,632,746,879,957,1076,1157,1249]
[0,281,513,746,1076,1157,1249]
[0,746,1076,1249]
[0,281,513,746,879,1157,1249]
[0,281,513,746,1249]
[0,281,746,1249]
[0,281,513,746,825,879,957,1076,1157,1249]
[0,281,632,746,879,1249]
[0,281,513,746,879,1249]
[0,281,513,746,879,957,1076,1157,1249]
[0,281,746,879,1249]
[0,513,879,1157,1249]
[0,281,632,746,1249]
[0,513,879,1249]
[0,746,879,957,1076,1157,1249]
[0,281,513,746,879,1076,1157,1249]
[0,879,1249]
[0,281,746,879,1076,1157,1249]
[0,281,746,1076,1157,1249]
[0,281,746,879,1157,1249]
[0,281,632,746,879,1076,1157,1249]
[0,746,879,1076,1157,1249]
[0,746,879,1249]
[0,632,879,1249]
[0,513,1249]
