[0,348,493,735,1171,1811,2017]
[0,493,735,1171,1811,2017]
[0,348,493,822,987,1157,1393,1828,2017]
[0,493,1171,1811,2017]
[0,493,1157,1618,2017]
[0,493,822,987,1157,1882,2017]
[0,493,1157,2017]
[0,493,822,1157,1828,2017]
[0,735,1171,1882,2017]
[0,493,1157,1882,2017]
[0,1171,2017]
[0,493,735,1171,2017]
[0,493,735,987,1171,1618,1882,2017]
[0,54,493,735,1171,1882,2017]
[0,493,735,987,1171,1882,2017]
[0,735,2017]
[0,1118,2017]
[0,54,493,735,987,1171,1811,1882,2017]
[0,493,822,1157,1618,2017]
[0,493,822,1157,2017]
[0,493,898,1118,1828,2017]
[0,54,493,822,987,1157,1618,1811,1882,2017]
[0,493,735,987,1171,2017]
[0,348,493,735,987,1171,1618,1811,2017]
[0,493,735,1171,1618,2017]
[0,493,822,987,1157,1828,2017]
[0,493,735,1171,1618,1811,2017]
[0,493,735,987,1171,1618,1811,2017]
[0,54,493,735,987,1171,1882,2017]
[0,493,735,987,1171,1811,2017]
[0,54,493,735,1171,1811,2017]
[0,1157,2017]
[0,493,822,987,1157,1854,2017]
[0,54,493,822,987,1157,1854,2017]
[0,493,1118,1828,2017]
[0,493,735,1171,1882,2017]
[0,493,1118,2017]
[0,493,1157,1828,2017]
[0,54,493,822,987,1157,1882,2017]
[0,493,1157,1854,2017]
[0,493,1008,2017]
[0,54,493,822,1157,1854,2017]
[0,493,939,1171,2017]
[0,348,493,822,987,1157,1854,2017]
[0,493,822,987,1157,1618,2017]
[0,987,2017]
[0,54,493,735,987,1171,1618,1811,1882,2017]
[0,54,493,822,1157,1882,2017]
[0,735,1171,2017]
[0,1008,2017]
[0,898,1811,2017]
[0,493,1008,1811,2017]
[0,735,1171,1618,2017]
[0,493,735,987,1171,1618,2017]
[0,493,2017]
[0,493,822,987,1157,1393,1828,2017]
[0,493,822,987,1157,1618,1811,1882,2017]
[0,493,987,2017]
[0,54,493,822,987,1157,1811,1882,2017]
[0,898,2017]
[0,493,822,1157,1854,2017]
[0,493,735,987,1171,1811,1882,2017]
[0,493,1171,1828,2017]
[0,493,822,1157,1882,2017]
[0,493,939,1171,1828,2017]
[0,735,1171,1811,2017]
[0,493,1882,2017]
[0,493,822,1157,1393,1828,2017]
[0,493,822,1157,1393,2017]
[0,348,493,735,987,1171,1811,2017]
[0,348,493,822,987,1157,1828,2017]
[0,493,822,987,1157,1618,1882,2017]
[0,493,735,987,1171,1618,1811,1882,2017]
[0,493,822,987,2017]
[0,493,822,987,1157,2017]
[0,493,1171,2017]
[0,493,987,1811,2017]
[0,493,1811,2017]
[0,493,898,1118,2017]
[0,493,822,987,1157,1811,1882,2017]
