[0,235,373,559,941,1632]
[0,235,399,559,955,1392,1632]
[0,159,373,810,941,1258,1392,1632]
[0,47,235,373,559,810,941,1258,1392,1632]
[0,1258,1632]
[0,941,1632]
[0,373,559,941,1392,1632]
[0,47,159,373,559,810,941,1258,1392,1632]
[0,399,955,1258,1392,1632]
[0,941,1258,1632]
[0,399,955,1392,1632]
[0,274,941,1392,1632]
[0,47,235,400,792,955,1258,1392,1632]
[0,159,559,941,1258,1392,1632]
[0,235,399,955,1392,1632]
[0,159,373,941,1258,1392,1632]
[0,373,941,1392,1632]
[0,559,810,941,1258,1392,1632]
[0,373,559,941,1632]
[0,559,941,1632]
[0,235,373,941,1632]
[0,235,559,941,1632]
[0,159,1258,1632]
[0,559,955,1392,1632]
[0,235,373,941,1392,1632]
[0,235,559,941,1392,1632]
[0,400,955,1258,1392,1632]
[0,1037,1632]
[0,159,373,559,941,1392,1632]
[0,47,235,399,559,955,1258,1392,1632]
[0,400,792,955,1632]
[0,159,400,944,1632]
[0,159,373,941,1632]
[0,235,400,955,1392,1632]
[0,559,955,1258,1392,1632]
[0,373,559,810,941,1258,1392,1632]
[0,47,373,559,810,941,1258,1392,1632]
[0,235,373,810,941,1258,1392,1632]
[0,399,955,1632]
[0,235,400,792,955,1632]
[0,47,235,373,810,941,1258,1392,1632]
[0,235,373,559,810,941,1258,1392,1632]
[0,47,559,941,1258,1392,1632]
[0,235,400,792,955,1392,1632]
[0,235,399,559,955,1632]
[0,235,399,955,1632]
[0,400,944,1632]
[0,559,944,1632]
[0,235,399,559,955,1258,1392,1632]
[0,559,944,1258,1392,1632]
[0,400,955,1632]
[0,373,941,1632]
[0,47,400,955,1632]
[0,559,955,1632]
[0,559,941,1258,1392,1632]
[0,235,400,955,1258,1392,1632]
[0,400,792,955,1258,1392,1632]
[0,47,400,955,1392,1632]
[0,399,559,955,1258,1392,1632]
[0,159,373,559,941,1632]
[0,159,373,941,1392,1632]
[0,274,941,1632]
[0,47,400,955,1258,1392,1632]
[0,159,559,941,1632]
[0,47,373,941,1258,1392,1632]
[0,399,559,955,1392,1632]
[0,235,400,792,955,1258,1392,1632]
[0,47,400,792,955,1258,1392,1632]
[0,373,810,941,1258,1392,1632]
[0,373,559,941,1258,1392,1632]
[0,235,399,955,1258,1392,1632]
[0,47,559,955,1632]
[0,159,373,559,810,941,1258,1392,1632]
[0,235,373,559,941,1258,1392,1632]
[0,559,944,1392,1632]
[0,285,1037,1632]
[0,47,373,941,1392,1632]
[0,47,399,559,955,1258,1392,1632]
[0,159,559,941,1392,1632]
[0,955,1632]
[0,944,1632]
[0,235,373,559,941,1392,1632]
[0,159,373,559,941,1258,1392,1632]
[0,559,941,1392,1632]
[0,373,941,1258,1392,1632]
[0,47,559,955,1392,1632]
[0,235,373,941,1258,1392,1632]
[0,47,559,955,1258,1392,1632]
[0,47,373,810,941,1258,1392,1632]
[0,47,559,810,941,1258,1392,1632]
[0,47,373,941,1632]
[0,400,955,1392,1632]
[0,400,792,955,1392,1632]
[0,235,400,955,1632]
