[0,59,486,922,1046]
[0,250,486,617,920,1046]
[0,486,922,1046]
[0,250,441,617,728,920,1046]
[0,158,250,441,617,728,920,1046]
[0,250,486,617,1046]
[0,441,1046]
[0,250,486,617,922,1046]
[0,59,158,250,495,617,728,920,1046]
[0,486,617,920,1046]
[0,617,1046]
[0,59,158,486,922,1046]
[0,495,920,1046]
[0,158,486,617,920,1046]
[0,158,920,1046]
[0,495,617,920,1046]
[0,59,158,250,486,617,728,920,1046]
[0,486,617,1046]
[0,158,486,1046]
[0,158,250,486,617,922,1046]
[0,920,1046]
[0,158,250,495,617,728,920,1046]
[0,158,250,486,617,728,920,1046]
[0,59,158,486,617,728,922,1046]
[0,486,1046]
[0,59,158,250,441,617,728,920,1046]
[0,59,158,250,486,617,728,922,1046]
[0,441,617,728,920,1046]
[0,250,495,1046]
[0,250,441,617,920,1046]
[0,158,486,617,728,920,1046]
[0,158,486,920,1046]
[0,250,486,1046]
[0,250,495,617,728,920,1046]
[0,441,617,920,1046]
[0,158,250,415,495,617,728,920,1046]
[0,158,617,1046]
[0,158,486,922,1046]
[0,441,617,1046]
[0,250,486,617,728,920,1046]
[0,486,617,728,920,1046]
[0,250,441,617,1046]
[0,59,158,486,920,1046]
[0,250,495,920,1046]
[0,486,617,922,1046]
[0,250,441,1046]
[0,250,486,617,728,922,1046]
[0,486,617,728,922,1046]
[0,250,441,920,1046]
[0,158,486,617,922,1046]
[0,250,486,922,1046]
[0,158,922,1046]
[0,59,486,617,728,920,1046]
[0,59,158,250,415,495,617,728,920,1046]
[0,441,920,1046]
[0,158,250,486,922,1046]
[0,158,486,617,1046]
[0,59,486,617,728,922,1046]
[0,495,1046]
[0,158,250,486,617,728,922,1046]
[0,922,1046]
[0,59,158,486,617,728,920,1046]
[0,495,617,728,920,1046]
[0,59,486,920,1046]
[0,250,495,617,920,1046]
[0,59,158,486,617,920,1046]
[0,158,486,617,728,922,1046]
[0,158,1046]
[0,486,920,1046]
