[0,183,469,640,898,1026,1252,1711,2211]
[0,469,640,1326,2211]
[0,183,469,640,1326,1749,2211]
[0,183,469,640,898,1019,1252,1362,1685,2211]
[0,469,640,1252,1711,2211]
[0,183,469,640,1019,1252,1362,1685,2211]
[0,183,469,640,1019,1252,1685,2211]
[0,183,640,1252,1685,2211]
[0,183,469,640,724,898,1019,1252,1362,1685,2211]
[0,183,469,640,898,1019,1252,1685,2211]
[0,183,469,640,1326,1711,2211]
[0,183,469,640,948,1252,1362,1711,2211]
[0,183,469,640,1026,1252,1362,1711,2211]
[0,596,1326,2211]
[0,469,640,1252,1362,1685,2211]
[0,183,469,640,948,1252,1711,2211]
[0,183,469,640,724,898,1019,1252,1362,1685,1904,2211]
[0,1389,2211]
[0,183,640,1026,1252,1711,2211]
[0,183,640,1326,2211]
[0,469,640,1252,2211]
[0,183,469,640,898,1019,1252,1362,1685,1904,2211]
[0,183,469,640,898,1026,1252,1362,1711,2211]
[0,183,640,1019,1252,1685,1904,2211]
[0,183,469,640,898,1019,1252,1685,1904,2211]
[0,183,640,1019,1252,1685,2211]
[0,1252,2211]
[0,1285,2211]
[0,640,1252,1711,2211]
[0,469,640,1252,1685,2211]
[0,183,469,640,724,898,1026,1252,1362,1711,2211]
[0,640,2211]
[0,640,1019,1252,1685,1904,2211]
[0,640,1026,1252,1711,2211]
[0,183,469,640,1252,1685,2211]
[0,640,1326,1711,2211]
[0,469,640,1019,1252,1362,1685,2211]
[0,183,640,1326,1749,2211]
[0,1326,2211]
[0,183,640,948,1252,1711,2211]
[0,183,469,640,1252,1711,2211]
[0,183,640,1252,2211]
[0,640,1019,1252,1685,2211]
[0,507,2211]
[0,183,469,640,1026,1252,1711,2211]
[0,451,640,1285,2211]
[0,640,1252,2211]
[0,640,1285,2211]
[0,183,640,1252,1711,2211]
[0,183,469,640,1252,1362,1685,2211]
[0,469,640,1326,1749,2211]
[0,469,640,1026,1252,1362,1711,2211]
[0,183,640,1326,1711,2211]
[0,183,469,640,1252,1362,1711,2211]
[0,640,1252,1685,2211]
[0,507,1252,2211]
[0,634,1389,2211]
[0,634,2211]
[0,469,640,1252,1362,1711,2211]
[0,469,640,1326,1711,2211]
[0,469,640,1019,1252,1685,2211]
[0,640,948,1252,1711,2211]
[0,640,1326,2211]
[0,596,2211]
[0,640,1326,1749,2211]
[0,469,640,1026,1252,1711,2211]
[0,183,469,640,1019,1252,1685,1904,2211]
