[0,111,200,517,691,805,1180]
[0,111,200,498,751,805,918,1180]
[0,111,200,350,517,805,918,1116,1180]
[0,111,214,350,517,1180]
[0,111,200,350,567,805,918,1180]
[0,111,200,350,517,918,1180]
[0,111,214,350,498,751,805,918,1116,1180]
[0,111,200,517,1180]
[0,517,918,1180]
[0,111,567,751,1180]
[0,111,200,498,691,805,918,1116,1180]
[0,350,498,918,1180]
[0,111,214,350,498,918,1180]
[0,111,805,918,1180]
[0,111,200,567,751,805,918,1180]
[0,111,200,257,517,691,805,918,1116,1180]
[0,111,214,517,1180]
[0,214,517,751,1180]
[0,111,350,498,751,805,918,1180]
[0,498,751,805,1180]
[0,498,1180]
[0,214,517,805,918,1180]
[0,111,200,517,751,805,918,1116,1180]
[0,111,214,805,918,1116,1180]
[0,498,918,1180]
[0,751,805,1180]
[0,111,200,257,498,805,918,1116,1180]
[0,111,805,1180]
[0,517,691,805,1180]
[0,111,200,350,805,918,1180]
[0,111,214,350,517,805,918,1116,1180]
[0,350,1180]
[0,111,200,517,691,1180]
[0,214,517,1180]
[0,350,805,918,1180]
[0,200,805,918,1180]
[0,111,200,517,691,805,918,1116,1180]
[0,111,751,805,1180]
[0,111,200,498,751,805,918,1116,1180]
[0,567,1180]
[0,111,214,1180]
[0,350,517,1180]
[0,111,200,498,805,918,1180]
[0,214,805,918,1180]
[0,350,498,805,918,1180]
[0,350,517,918,1180]
[0,111,200,350,517,751,805,918,1116,1180]
[0,111,350,498,805,918,1180]
[0,111,214,517,751,805,918,1116,1180]
[0,111,214,350,517,751,805,918,1116,1180]
[0,111,214,918,1180]
[0,111,200,805,1180]
[0,111,200,567,805,918,1180]
[0,111,350,517,1180]
[0,111,918,1180]
[0,111,200,498,805,918,1116,1180]
[0,111,350,1180]
[0,111,498,805,918,1180]
[0,200,517,918,1180]
[0,567,805,918,1180]
[0,111,200,517,751,805,918,1180]
[0,918,1180]
[0,111,214,805,1180]
[0,111,350,498,918,1180]
[0,111,214,350,517,805,918,1180]
[0,111,200,517,805,918,1180]
[0,111,200,567,805,918,1116,1180]
[0,498,691,1180]
[0,111,350,498,751,805,1180]
[0,200,918,1180]
[0,200,517,751,918,1180]
[0,111,567,1180]
[0,691,1180]
[0,350,498,1180]
[0,200,517,691,805,1180]
[0,200,517,691,805,918,1180]
[0,111,567,751,918,1180]
[0,111,200,918,1180]
[0,111,350,805,918,1180]
[0,111,200,751,805,1180]
[0,111,214,517,751,1180]
[0,111,200,350,517,751,805,918,1180]
[0,111,691,805,918,1180]
[0,111,350,498,1180]
[0,350,517,805,918,1180]
[0,111,214,805,918,1180]
[0,517,691,805,918,1180]
[0,517,751,1180]
[0,567,918,1180]
[0,111,200,257,498,751,805,918,1116,1180]
[0,350,498,751,1180]
[0,350,805,1180]
[0,111,200,567,751,1180]
[0,111,350,517,805,918,1180]
[0,111,200,805,918,1180]
[0,517,691,1180]
[0,111,200,350,517,1180]
[0,111,200,567,1180]
[0,498,751,1180]
[0,111,200,350,805,918,1116,1180]
[0,111,200,498,691,805,918,1180]
[0,111,214,517,805,918,1116,1180]
[0,214,517,918,1180]
[0,111,350,517,918,1180]
[0,214,1180]
[0,200,517,691,1180]
[0,350,498,751,805,1180]
[0,111,200,257,498,691,751,805,918,1116,1180]
[0,111,200,257,498,691,805,918,1116,1180]
[0,517,1180]
[0,567,751,918,1180]
[0,200,1180]
[0,111,498,691,805,918,1180]
[0,498,691,805,918,1180]
[0,111,200,517,805,918,1116,1180]
[0,498,805,918,1180]
[0,200,517,1180]
[0,691,805,918,1180]
[0,111,350,567,805,918,1180]
[0,567,751,1180]
[0,111,214,350,498,805,918,1180]
[0,111,214,517,805,918,1180]
[0,805,918,1180]
[0,350,567,918,1180]
[0,111,751,1180]
[0,200,517,805,918,1180]
[0,111,214,751,805,918,1180]
[0,111,200,691,805,918,1180]
[0,111,1180]
[0,111,200,517,691,751,805,918,1116,1180]
[0,350,567,1180]
[0,111,200,567,751,805,918,1116,1180]
[0,111,214,350,517,751,805,918,1180]
[0,111,200,350,517,805,918,1180]
[0,111,200,257,517,691,751,805,918,1116,1180]
[0,200,517,751,1180]
[0,111,350,805,1180]
[0,111,567,805,918,1180]
[0,111,200,517,691,805,918,1180]
[0,111,214,350,498,805,918,1116,1180]
[0,111,214,350,517,918,1180]
[0,200,751,1180]
[0,111,200,1180]
[0,751,1180]
[0,214,918,1180]
[0,111,200,350,567,751,805,918,1116,1180]
[0,111,350,498,751,1180]
[0,111,214,350,498,1180]
[0,111,214,751,805,1180]
[0,111,200,751,805,918,1180]
[0,498,691,805,1180]
[0,111,214,350,498,751,805,918,1180]
[0,111,200,805,918,1116,1180]
[0,350,567,805,918,1180]
[0,111,214,517,751,805,918,1180]
[0,691,805,1180]
[0,111,200,350,567,805,918,1116,1180]
[0,111,200,257,805,918,1116,1180]
[0,805,1180]
