[0,54,159,506,751,842,1226,1351,1419]
[0,565,751,842,1226,1419]
[0,54,159,506,751,842,1017,1226,1351,1419]
[0,175,506,842,1017,1226,1419]
[0,175,506,751,842,1017,1226,1419]
[0,54,842,1226,1351,1419]
[0,54,506,751,842,1226,1351,1419]
[0,506,842,1226,1419]
[0,842,1226,1351,1419]
[0,175,565,842,1017,1226,1419]
[0,565,842,1419]
[0,506,751,842,1226,1419]
[0,54,159,506,842,1226,1351,1419]
[0,54,565,842,1226,1419]
[0,159,506,751,842,1017,1226,1351,1419]
[0,786,1226,1419]
[0,1226,1419]
[0,54,159,506,842,1017,1226,1351,1419]
[0,175,565,751,842,1226,1419]
[0,54,175,506,842,1017,1226,1419]
[0,54,159,506,842,1226,1419]
[0,54,506,842,1226,1419]
[0,54,175,506,842,1226,1419]
[0,54,175,506,751,842,1226,1419]
[0,751,842,1226,1351,1419]
[0,843,1419]
[0,786,1419]
[0,175,565,751,842,1017,1226,1419]
[0,54,175,565,751,842,1017,1226,1419]
[0,159,786,1226,1419]
[0,506,842,1226,1351,1419]
[0,506,751,842,1226,1351,1419]
[0,565,751,842,1017,1226,1419]
[0,54,506,751,842,1226,1419]
[0,54,159,506,842,1017,1226,1419]
[0,54,565,751,842,1226,1419]
[0,54,842,1226,1419]
[0,175,565,842,1226,1419]
[0,159,506,751,842,1226,1419]
[0,54,175,506,751,842,1017,1226,1419]
[0,175,842,1226,1419]
[0,751,842,1226,1419]
[0,842,1226,1419]
[0,159,506,751,842,1017,1226,1419]
[0,159,506,842,1017,1226,1351,1419]
[0,159,506,842,1017,1226,1419]
[0,159,506,751,842,1226,1351,1419]
[0,175,506,842,1226,1419]
[0,842,1419]
[0,842,1017,1226,1419]
[0,175,506,751,842,1226,1419]
[0,54,506,842,1226,1351,1419]
[0,565,842,1017,1226,1419]
[0,506,842,1017,1226,1419]
[0,159,842,1226,1419]
[0,159,506,842,1226,1351,1419]
[0,54,565,751,842,1017,1226,1419]
[0,54,842,1419]
[0,506,842,1419]
[0,565,842,1226,1419]
[0,159,506,842,1226,1419]
