[0,531,1011,1534,2138,2446,3353]
[0,531,1011,2008,2138,2446,3353]
[0,490,1011,1534,1673,2138,2446,3296,3353]
[0,1011,1534,2138,2446,3353]
[0,2008,3353]
[0,238,531,1011,1533,1673,2008,2446,3353]
[0,490,1011,1534,2138,3296,3353]
[0,490,581,1011,1534,1673,2008,2138,2446,3296,3353]
[0,490,581,2008,3353]
[0,490,1011,1534,1673,2008,2446,3353]
[0,531,1011,2138,2446,3353]
[0,1011,2138,3296,3353]
[0,531,1011,1533,1673,2008,2138,2446,3296,3353]
[0,2210,3353]
[0,490,1011,1534,1673,2008,2138,2446,3296,3353]
[0,238,531,1011,1673,2008,2446,3353]
[0,531,1011,1673,2008,2138,2446,3353]
[0,531,1011,1533,1673,2008,2138,2446,3353]
[0,531,1011,1534,2138,2446,3296,3353]
[0,490,2138,3296,3353]
[0,1011,2138,2446,3353]
[0,490,581,1011,1534,1673,2008,3353]
[0,531,1011,2138,3353]
[0,531,1011,1673,2008,2138,2446,3296,3353]
[0,1011,2138,3353]
[0,490,1011,2008,2446,3353]
[0,490,2008,3353]
[0,1011,2008,2138,2446,3296,3353]
[0,1011,2008,3353]
[0,238,531,1011,2008,2446,3353]
[0,531,1011,1534,2138,3296,3353]
[0,490,1011,1534,1673,2008,3353]
[0,1011,2008,3296,3353]
[0,490,1011,1534,2008,3353]
[0,1011,2008,2446,3353]
[0,2138,3353]
[0,490,581,1011,2008,2138,2446,3296,3353]
[0,531,1011,1534,2138,3353]
[0,531,1011,2008,2138,2446,3296,3353]
[0,490,581,1011,1534,1673,2008,2446,3296,3353]
[0,544,2138,3353]
[0,1011,1534,2138,3296,3353]
[0,490,581,1011,1534,1673,2008,2138,2446,3353]
[0,490,581,1011,1534,1673,2008,3296,3353]
[0,490,1011,1534,1673,2008,3296,3353]
[0,1011,1534,2138,3353]
[0,531,1011,2138,2446,3296,3353]
[0,490,1011,1534,2138,2446,3353]
[0,1011,1534,2008,3353]
[0,238,531,1011,1533,1673,2008,2138,2446,3353]
[0,968,2210,3353]
[0,490,581,1011,1534,1673,2008,2446,3353]
[0,1011,2138,2446,3296,3353]
[0,490,1011,2008,2138,2446,3353]
[0,490,581,1011,2008,3353]
[0,490,1011,1534,1673,2008,2446,3296,3353]
[0,490,1011,1534,1673,2008,2138,2446,3353]
[0,490,581,1011,2008,3296,3353]
[0,1011,1534,1673,2008,3353]
[0,490,1011,2008,3353]
[0,1011,1534,2138,2446,3296,3353]
[0,490,581,1011,1534,2008,3353]
[0,544,2138,3296,3353]
[0,1011,1534,1673,2008,3296,3353]
[0,531,1011,1533,1673,2008,2446,3353]
[0,490,581,1011,2008,2446,3296,3353]
[0,531,1011,2008,3353]
[0,490,581,1011,2008,2138,2446,3353]
[0,490,2138,3353]
[0,238,531,1011,1533,1673,2008,2138,2446,3296,3353]
[0,490,581,1011,2008,2446,3353]
[0,531,1011,2008,2446,3353]
[0,531,1011,1673,2008,2446,3353]
[0,490,1011,1534,1673,2138,2446,3353]
[0,490,1011,1534,2138,2446,3296,3353]
[0,490,1011,1534,2138,3353]
[0,1011,2008,2446,3296,3353]
[0,490,1011,1534,2008,2446,3353]
[0,1011,2008,2138,2446,3353]
