[0,604,1034,1147,1269,1427]
[0,192,604,678,864,1034,1147,1269,1427]
[0,193,1427]
[0,598,1427]
[0,192,864,1427]
[0,192,1269,1427]
[0,193,1147,1427]
[0,678,1034,1427]
[0,192,604,678,858,1034,1147,1269,1427]
[0,192,678,864,1269,1427]
[0,193,604,1269,1427]
[0,604,678,1034,1147,1269,1427]
[0,192,604,678,864,1034,1147,1269,1351,1427]
[0,604,1427]
[0,192,604,678,1034,1147,1269,1427]
[0,192,604,1034,1147,1269,1427]
[0,192,604,678,1034,1147,1269,1351,1427]
[0,192,604,678,864,919,1034,1147,1269,1427]
[0,1034,1147,1427]
[0,192,678,1034,1269,1427]
[0,192,1147,1427]
[0,192,678,1427]
[0,192,678,864,1034,1147,1269,1351,1427]
[0,604,678,1034,1269,1427]
[0,192,678,864,1147,1269,1427]
[0,604,1034,1427]
[0,192,604,678,858,920,1034,1147,1269,1427]
[0,192,678,858,1034,1147,1269,1351,1427]
[0,192,858,1427]
[0,192,604,678,864,919,1034,1147,1269,1351,1427]
[0,192,1034,1147,1269,1427]
[0,678,1427]
[0,1263,1427]
[0,192,604,678,858,1034,1147,1269,1351,1427]
[0,192,858,1269,1427]
[0,192,604,678,858,920,1034,1147,1269,1351,1427]
[0,604,1269,1427]
[0,1034,1427]
[0,192,678,858,1147,1269,1427]
[0,1034,1269,1427]
[0,192,1034,1269,1427]
[0,192,678,1034,1147,1269,1427]
[0,192,604,1147,1427]
[0,192,678,1034,1147,1269,1351,1427]
[0,192,604,1427]
[0,192,678,1034,1427]
[0,192,1034,1147,1427]
[0,864,1427]
[0,1269,1427]
[0,192,678,858,1269,1427]
[0,192,864,1269,1427]
[0,192,864,1147,1269,1427]
[0,604,1147,1427]
[0,598,1147,1427]
[0,192,678,858,1427]
[0,192,604,1269,1427]
[0,192,678,858,1034,1147,1269,1427]
[0,193,1263,1427]
[0,192,858,1147,1269,1427]
[0,192,1427]
[0,192,604,1147,1269,1427]
[0,1147,1427]
[0,192,604,1034,1147,1269,1351,1427]
[0,192,678,864,1427]
[0,193,1269,1427]
[0,604,678,1269,1427]
[0,192,678,864,1034,1147,1269,1427]
[0,604,1034,1269,1427]
[0,193,604,1427]
[0,604,1147,1269,1427]
[0,1034,1147,1269,1427]
[0,858,1427]
[0,192,1034,1427]
[0,192,1034,1147,1269,1351,1427]
[0,193,604,1147,1269,1427]
