[0,178,254,1287,1451,1571,1651]
[0,261,1135,1322,1451,1651]
[0,261,1287,1651]
[0,74,261,1322,1651]
[0,261,1322,1651]
[0,159,261,1287,1451,1651]
[0,74,159,261,1135,1322,1451,1571,1651]
[0,261,1322,1451,1571,1651]
[0,254,1287,1450,1571,1651]
[0,74,178,254,1322,1451,1571,1651]
[0,74,159,261,1322,1651]
[0,261,1287,1451,1651]
[0,159,261,1322,1571,1651]
[0,261,1287,1451,1571,1651]
[0,74,159,261,1322,1571,1651]
[0,74,178,254,1135,1322,1451,1571,1651]
[0,254,1287,1450,1651]
[0,253,1651]
[0,254,1322,1451,1651]
[0,74,178,254,1287,1450,1571,1651]
[0,159,261,1135,1322,1651]
[0,74,254,1287,1451,1571,1651]
[0,178,254,1287,1450,1571,1651]
[0,261,1322,1571,1651]
[0,159,261,1135,1322,1451,1651]
[0,74,178,254,1287,1451,1571,1651]
[0,261,1135,1322,1451,1571,1651]
[0,74,159,261,1322,1451,1571,1651]
[0,261,1135,1322,1651]
[0,254,1322,1651]
[0,254,1287,1651]
[0,74,254,1322,1451,1571,1651]
[0,74,159,261,1287,1451,1571,1651]
[0,1287,1651]
[0,254,1135,1322,1451,1571,1651]
[0,159,261,1322,1451,1651]
[0,1322,1651]
[0,261,1651]
[0,159,261,1322,1451,1571,1651]
[0,159,261,1322,1651]
[0,159,261,1135,1322,1451,1571,1651]
[0,74,254,1287,1450,1571,1651]
[0,254,1322,1451,1571,1651]
[0,253,1287,1651]
[0,261,1322,1451,1651]
[0,254,1287,1451,1571,1651]
[0,74,261,1287,1451,1571,1651]
[0,254,1287,1451,1651]
[0,254,1322,1571,1651]
[0,254,1651]
[0,178,254,1322,1451,1571,1651]
[0,178,254,1135,1322,1451,1571,1651]
[0,253,1322,1651]
[0,254,1135,1322,1651]
[0,159,261,1287,1451,1571,1651]
[0,254,1135,1322,1451,1651]
