[0,160,390,649,852,1046]
[0,160,390,669,780,1046]
[0,100,390,649,716,852,929,1046]
[0,100,160,390,649,716,780,865,1046]
[0,100,648,865,1046]
[0,160,649,852,997,1046]
[0,780,1046]
[0,160,669,780,1046]
[0,648,1046]
[0,390,648,1046]
[0,390,1046]
[0,160,390,669,830,1046]
[0,160,648,865,1046]
[0,160,780,1046]
[0,104,390,649,852,1046]
[0,160,649,852,1046]
[0,390,648,865,1046]
[0,648,865,1046]
[0,390,649,852,1046]
[0,100,160,390,649,852,1046]
[0,104,649,852,1046]
[0,160,390,649,852,997,1046]
[0,390,649,865,1046]
[0,830,1046]
[0,100,390,649,852,929,1046]
[0,104,390,649,852,929,1046]
[0,100,160,390,649,852,997,1046]
[0,390,852,1046]
[0,390,830,1046]
[0,100,390,649,716,865,1046]
[0,100,390,649,852,997,1046]
[0,104,390,649,716,852,929,1046]
[0,669,830,1046]
[0,104,852,1046]
[0,390,669,830,1046]
[0,390,649,1046]
[0,100,649,852,1046]
[0,852,1046]
[0,160,390,669,1046]
[0,160,669,830,1046]
[0,100,390,648,716,865,1046]
[0,669,1046]
[0,865,1046]
[0,104,160,390,649,716,852,929,1046]
[0,100,160,390,648,716,780,865,1046]
[0,649,1046]
[0,160,852,1046]
[0,100,390,648,865,1046]
[0,100,390,649,852,1046]
[0,160,830,1046]
[0,160,865,1046]
[0,649,852,1046]
[0,100,852,997,1046]
[0,390,669,1046]
[0,100,390,649,865,1046]
[0,100,160,390,648,865,1046]
[0,100,852,1046]
[0,100,160,390,649,716,852,929,1046]
[0,649,865,1046]
[0,100,649,865,1046]
[0,160,852,997,1046]
[0,100,865,1046]
[0,100,649,852,997,1046]
[0,100,390,649,716,780,865,1046]
[0,160,669,1046]
[0,100,390,648,716,780,865,1046]
[0,160,390,648,865,1046]
