[0,232,404,1121,1454,2107,2715,2812]
[0,376,1121,1949,2715,2812]
[0,376,2812]
[0,376,1121,1949,2812]
[0,232,404,1121,2050,2715,2812]
[0,232,404,1121,1454,2107,2358,2812]
[0,404,1121,2812]
[0,404,1121,2107,2812]
[0,404,2812]
[0,376,1121,1454,2107,2715,2812]
[0,1121,1949,2812]
[0,404,1121,2107,2358,2812]
[0,1454,2812]
[0,1949,2812]
[0,232,404,1121,2812]
[0,1121,2107,2812]
[0,1049,2812]
[0,1121,2050,2812]
[0,404,1121,1949,2715,2812]
[0,404,1049,1949,2715,2812]
[0,376,1121,2107,2812]
[0,2050,2812]
[0,1121,2812]
[0,2107,2812]
[0,232,404,1121,1454,2107,2358,2715,2812]
[0,232,404,1121,1810,2050,2715,2812]
[0,376,1121,2812]
[0,376,1121,1454,1949,2812]
[0,404,1121,1454,2107,2812]
[0,404,1121,1810,2107,2715,2812]
[0,232,404,1121,1810,2107,2715,2812]
[0,232,404,1121,2107,2715,2812]
[0,1860,2812]
[0,232,404,1121,2107,2358,2812]
[0,232,404,1121,1454,2107,2812]
[0,376,1121,2107,2715,2812]
[0,232,404,1121,2050,2812]
[0,232,404,1121,2107,2358,2715,2812]
[0,232,404,1121,2107,2812]
[0,404,1949,2812]
[0,404,1121,2107,2715,2812]
[0,376,1121,1454,2107,2812]
[0,232,404,1121,1810,2050,2812]
[0,404,1121,1810,2050,2812]
[0,404,1454,2812]
[0,404,1121,1454,2107,2358,2812]
[0,1049,1949,2812]
[0,404,1121,1810,2107,2812]
[0,376,1121,1454,1949,2715,2812]
[0,404,1949,2715,2812]
[0,404,1121,2050,2715,2812]
[0,404,1121,1949,2812]
[0,404,1121,2050,2812]
[0,232,404,1121,1810,2107,2812]
[0,404,1049,1949,2812]
