[0,139,342,552,682,844,1046]
[0,139,561,690,1046]
[0,342,561,682,844,980,1046]
[0,139,342,552,682,786,844,980,1046]
[0,139,718,1046]
[0,561,682,844,1046]
[0,139,342,561,682,844,977,1046]
[0,139,195,552,682,786,1046]
[0,139,342,561,682,786,844,977,1046]
[0,139,195,342,561,682,844,980,1046]
[0,139,342,682,844,1046]
[0,552,682,786,1046]
[0,552,682,786,980,1046]
[0,139,552,682,786,1046]
[0,139,342,552,682,786,980,1046]
[0,139,342,552,682,786,1046]
[0,139,195,342,561,682,844,977,1046]
[0,139,342,552,682,844,980,1046]
[0,139,195,342,552,682,786,980,1046]
[0,139,552,1046]
[0,682,786,1046]
[0,139,195,342,561,682,786,844,977,1046]
[0,561,682,1046]
[0,139,195,552,682,844,980,1046]
[0,139,342,561,682,844,1046]
[0,139,195,342,552,682,786,844,980,1046]
[0,139,552,786,844,1046]
[0,139,552,844,1046]
[0,552,844,1046]
[0,139,342,561,682,844,980,1046]
[0,561,1046]
[0,849,1046]
[0,342,552,682,844,980,1046]
[0,342,561,682,844,1046]
[0,139,195,342,552,682,844,980,1046]
[0,561,682,844,980,1046]
[0,139,552,682,844,980,1046]
[0,552,682,844,1046]
[0,139,342,552,682,1046]
[0,139,552,682,844,1046]
[0,561,690,1046]
[0,139,195,342,561,682,786,844,980,1046]
[0,844,1046]
[0,342,552,682,844,1046]
[0,139,195,552,682,786,980,1046]
[0,342,1046]
[0,139,342,682,1046]
[0,667,849,1046]
[0,682,844,1046]
[0,139,552,682,1046]
[0,552,682,1046]
[0,718,1046]
[0,561,682,844,977,1046]
[0,139,552,682,786,980,1046]
[0,342,682,1046]
[0,342,561,682,844,977,1046]
[0,342,552,682,786,1046]
[0,139,561,1046]
[0,786,1046]
[0,342,682,844,1046]
[0,342,844,1046]
[0,139,342,561,682,786,844,980,1046]
[0,342,552,682,1046]
[0,552,682,844,980,1046]
[0,552,1046]
[0,139,342,1046]
