[0,136,312,533,747,1180]
[0,312,747,960,1180]
[0,136,312,533,747,960,1180]
[0,136,312,487,533,681,747,810,960,1180]
[0,42,84,136,312,747,1180]
[0,312,487,533,681,747,960,1180]
[0,42,312,533,747,1180]
[0,84,136,312,533,747,1180]
[0,84,136,312,487,533,681,747,810,960,1180]
[0,312,510,681,747,960,1180]
[0,42,312,487,533,747,1180]
[0,84,136,312,487,533,681,747,960,1180]
[0,747,1180]
[0,84,136,312,533,681,747,810,960,1180]
[0,136,312,487,533,681,747,960,1180]
[0,312,533,747,1180]
[0,312,533,681,747,960,1180]
[0,312,510,747,960,1180]
[0,42,312,533,681,747,1180]
[0,42,136,312,487,533,681,747,960,1180]
[0,136,312,533,681,747,960,1180]
[0,312,487,533,681,747,1180]
[0,312,533,747,810,960,1180]
[0,136,312,747,960,1180]
[0,42,312,747,1180]
[0,136,312,510,747,960,1180]
[0,312,747,1180]
[0,136,312,487,533,747,1180]
[0,42,312,681,747,960,1180]
[0,42,312,747,960,1180]
[0,136,312,533,681,747,810,960,1180]
[0,42,312,533,681,747,960,1180]
[0,42,312,487,533,681,747,960,1180]
[0,136,312,533,681,747,1180]
[0,42,84,136,312,487,533,681,747,810,960,1180]
[0,84,136,312,533,681,747,1180]
[0,42,136,312,510,681,747,960,1180]
[0,136,312,510,681,747,960,1180]
[0,312,533,747,960,1180]
[0,42,84,136,312,487,533,681,747,1180]
[0,312,533,681,747,1180]
[0,84,136,312,747,1180]
[0,42,312,487,533,681,747,810,960,1180]
[0,42,136,312,533,681,747,810,960,1180]
[0,42,136,312,747,1180]
[0,84,136,312,487,533,681,747,1180]
[0,42,312,533,747,810,960,1180]
[0,84,136,312,533,681,747,960,1180]
[0,136,312,747,1180]
[0,84,136,312,487,533,747,1180]
[0,42,84,136,312,533,747,1180]
[0,136,312,487,533,681,747,1180]
[0,136,312,681,747,960,1180]
[0,42,312,510,681,747,960,1180]
[0,42,84,136,312,487,533,747,1180]
[0,312,487,533,681,747,810,960,1180]
[0,42,312,487,533,681,747,1180]
[0,42,136,312,487,533,681,747,810,960,1180]
[0,42,312,533,747,960,1180]
[0,312,487,533,747,1180]
[0,312,533,681,747,810,960,1180]
[0,312,681,747,960,1180]
[0,42,84,136,312,487,533,681,747,960,1180]
[0,42,312,533,681,747,810,960,1180]
