[0,438,813,1174,2189]
[0,438,813,1658,2189]
[0,813,1007,1658,2189]
[0,146,813,1859,2189]
[0,1219,2189]
[0,146,813,1219,1859,2189]
[0,146,813,2046,2189]
[0,146,438,1246,2046,2189]
[0,813,1007,2189]
[0,438,1243,2189]
[0,1243,2189]
[0,146,438,2189]
[0,146,813,1243,2046,2189]
[0,146,307,438,1246,2046,2189]
[0,146,438,813,1007,2189]
[0,146,813,1174,2189]
[0,146,438,813,1243,2046,2189]
[0,813,1658,2189]
[0,146,813,1007,2046,2189]
[0,146,813,1246,2046,2189]
[0,146,438,1174,1246,2046,2189]
[0,813,1219,1859,2189]
[0,146,438,813,1007,1246,2189]
[0,146,1174,1246,2046,2189]
[0,146,2189]
[0,438,1174,2189]
[0,1658,2189]
[0,813,1246,2189]
[0,146,307,438,1007,2046,2189]
[0,146,2046,2189]
[0,438,813,1243,2189]
[0,146,813,1007,1658,2189]
[0,146,1007,2189]
[0,146,438,813,1174,1658,2046,2189]
[0,813,1219,2189]
[0,421,2189]
[0,146,438,813,1174,1859,2189]
[0,146,307,438,813,1007,1246,2046,2189]
[0,146,438,813,1246,2046,2189]
[0,146,307,438,813,1243,2046,2189]
[0,438,813,1174,1658,2189]
[0,146,813,1243,2189]
[0,146,813,1219,2189]
[0,438,813,1007,2189]
[0,146,438,1007,2046,2189]
[0,438,1246,2189]
[0,1246,2189]
[0,146,1174,2189]
[0,146,813,2189]
[0,146,1174,1246,2189]
[0,813,1859,2189]
[0,146,438,813,1007,1246,2046,2189]
[0,146,1658,2189]
[0,146,307,438,1243,2046,2189]
[0,438,2189]
[0,146,307,438,1174,1246,2046,2189]
[0,146,438,1007,2189]
[0,146,438,813,1243,2189]
[0,813,1174,1859,2189]
[0,146,438,1658,2189]
[0,146,307,438,813,1246,2046,2189]
[0,146,438,813,1174,1658,2189]
[0,438,813,1246,2189]
[0,146,438,813,1007,2046,2189]
[0,146,1246,2189]
[0,813,1243,1859,2189]
[0,146,813,1243,1859,2189]
[0,813,1174,2189]
[0,146,813,1007,2189]
[0,146,438,1243,2046,2189]
[0,146,438,1246,2189]
[0,421,1246,2189]
[0,146,438,813,1007,1658,2189]
[0,146,1246,2046,2189]
[0,146,438,813,1243,1859,2189]
[0,438,1859,2189]
[0,1859,2189]
[0,146,438,813,1174,2189]
[0,438,1174,1859,2189]
[0,146,438,813,1658,2189]
[0,438,1007,2189]
[0,1007,2189]
[0,146,1219,2189]
[0,146,813,1658,2189]
[0,146,307,438,813,1007,2046,2189]
[0,1174,2189]
[0,813,2189]
[0,438,813,1007,1658,2189]
[0,146,813,1246,2189]
[0,146,307,438,813,1174,1246,2046,2189]
[0,438,813,1174,1859,2189]
[0,813,1243,2189]
[0,146,1243,2189]
[0,146,307,438,2046,2189]
[0,146,1859,2189]
[0,146,307,438,813,1007,1174,1246,2046,2189]
[0,438,1658,2189]
[0,146,438,813,1007,1658,2046,2189]
[0,146,813,1174,1859,2189]
[0,146,438,813,1246,2189]
[0,146,438,813,1174,2046,2189]
[0,438,813,1007,1246,2189]
[0,146,438,1243,2189]
[0,146,813,1174,2046,2189]
[0,438,813,1243,1859,2189]
[0,146,438,2046,2189]
