[0,987,1557,1968,2316,2759]
[0,984,2759]
[0,987,1932,2367,2759]
[0,984,1968,2316,2759]
[0,315,896,1149,1573,1932,2367,2759]
[0,315,896,1149,1932,2316,2636,2759]
[0,315,1149,1932,2316,2759]
[0,987,1968,2367,2759]
[0,896,1573,1932,2316,2759]
[0,315,896,1149,1573,1932,2316,2759]
[0,315,896,1149,1573,1932,2074,2316,2759]
[0,315,987,1573,1932,2367,2759]
[0,315,896,1149,1573,1932,2316,2636,2759]
[0,984,1573,1932,2316,2759]
[0,315,896,1149,1573,1932,2367,2636,2759]
[0,896,1932,2367,2759]
[0,987,1557,2759]
[0,315,987,1149,1573,1932,2367,2759]
[0,315,987,1968,2367,2759]
[0,987,1932,2316,2759]
[0,1149,2759]
[0,987,1573,2367,2759]
[0,315,987,1149,1573,1932,2367,2636,2759]
[0,315,987,1968,2316,2759]
[0,987,1573,1932,2367,2759]
[0,984,1932,2759]
[0,315,984,1149,1573,1932,2316,2636,2759]
[0,984,1573,2759]
[0,315,987,1573,2367,2759]
[0,987,1968,2316,2759]
[0,315,987,1932,2367,2759]
[0,896,1932,2759]
[0,896,1932,2316,2759]
[0,315,984,1573,1932,2316,2636,2759]
[0,315,984,1968,2316,2759]
[0,315,987,1573,1932,2367,2636,2759]
[0,315,984,1149,1573,1932,2074,2316,2636,2759]
[0,315,984,1149,1573,1932,2074,2316,2759]
[0,315,984,1149,1573,1968,2316,2759]
[0,1149,1932,2367,2759]
[0,315,987,1557,1968,2316,2636,2759]
[0,1093,2759]
[0,315,896,1573,1932,2367,2759]
[0,987,1968,2759]
[0,315,987,1573,2759]
[0,984,1573,2316,2759]
[0,987,1557,2316,2759]
[0,987,1557,1968,2367,2759]
[0,315,987,1932,2316,2759]
[0,1149,1932,2759]
[0,315,896,1573,1932,2316,2759]
[0,315,984,1932,2316,2759]
[0,987,1557,1968,2759]
[0,984,1932,2316,2759]
[0,315,987,1557,1968,2367,2759]
[0,315,1093,2759]
[0,987,1932,2759]
[0,896,1573,1932,2367,2759]
[0,1149,1932,2316,2759]
[0,315,984,1573,1932,2316,2759]
[0,315,987,1557,1968,2316,2759]
[0,315,896,1149,1932,2367,2759]
[0,987,2759]
[0,984,1968,2759]
[0,315,984,1573,1968,2316,2759]
[0,315,984,1573,1968,2316,2636,2759]
[0,315,896,1149,1932,2316,2759]
[0,315,896,1149,1932,2367,2636,2759]
[0,315,984,1149,1573,1932,2316,2759]
[0,987,1573,2759]
[0,984,1573,1968,2316,2759]
[0,315,1149,1932,2367,2759]
[0,315,896,1149,1573,1932,2074,2316,2636,2759]
[0,896,2759]
[0,315,984,1149,1573,1968,2316,2636,2759]
