[0,1086,1639,1737,2017]
[0,181,566,1086,1639,1737,2017]
[0,566,1431,2017]
[0,977,1639,2017]
[0,1737,2017]
[0,181,566,1027,1086,1431,1639,1737,2017]
[0,1431,2017]
[0,566,977,1639,2017]
[0,566,2017]
[0,1027,1339,2017]
[0,566,977,2017]
[0,181,566,1027,1737,2017]
[0,181,566,1296,1431,1737,2017]
[0,181,566,1737,2017]
[0,181,566,1027,1086,1639,1737,2017]
[0,181,566,1027,1339,1737,2017]
[0,977,1737,2017]
[0,566,1027,1339,1737,2017]
[0,566,1027,1086,1639,1737,2017]
[0,406,1339,2017]
[0,1639,1737,2017]
[0,1027,1339,1639,1737,2017]
[0,1027,1737,2017]
[0,566,1027,1339,2017]
[0,977,2017]
[0,181,566,1086,1737,2017]
[0,566,1296,2017]
[0,1296,1737,2017]
[0,181,566,1296,1737,2017]
[0,1339,1737,2017]
[0,181,566,1086,1431,1639,1737,2017]
[0,341,2017]
[0,341,1296,2017]
[0,566,1027,2017]
[0,1339,1639,1737,2017]
[0,566,977,1737,2017]
[0,1086,1737,2017]
[0,341,977,1639,2017]
[0,1027,1086,1639,1737,2017]
[0,1086,1431,2017]
[0,1296,2017]
[0,566,1027,1737,2017]
[0,566,1296,1737,2017]
[0,1639,2017]
[0,566,1431,1737,2017]
[0,566,1639,1737,2017]
[0,341,1639,2017]
[0,566,1027,1339,1639,1737,2017]
[0,181,566,1639,1737,2017]
[0,1027,2017]
[0,1027,1339,1737,2017]
[0,181,566,1086,1431,1737,2017]
[0,566,1086,2017]
[0,566,1086,1737,2017]
[0,181,1737,2017]
[0,181,566,1431,1639,1737,2017]
[0,566,1086,1431,2017]
[0,181,566,1431,1737,2017]
[0,566,1086,1431,1737,2017]
[0,566,977,1639,1737,2017]
[0,566,1086,1639,1737,2017]
[0,181,566,1296,1431,1639,1737,2017]
[0,566,1339,2017]
[0,341,977,1296,1639,2017]
[0,181,566,1027,1339,1639,1737,2017]
[0,1086,2017]
[0,1339,2017]
[0,566,1737,2017]
[0,1431,1737,2017]
