[0,550,722,1015,1178,1656,2211]
[0,1175,2211]
[0,129,562,1175,1652,2211]
[0,129,550,1015,1178,1656,2211]
[0,129,2211]
[0,129,550,1178,1656,2211]
[0,550,1015,1178,1310,1656,2211]
[0,129,1656,2211]
[0,129,562,1175,1656,2211]
[0,1656,2211]
[0,129,562,632,1015,1178,1656,2211]
[0,562,2211]
[0,129,1178,2211]
[0,550,1656,2211]
[0,129,562,1015,1178,1656,2211]
[0,562,1178,2211]
[0,1178,2211]
[0,129,550,643,1015,1178,1310,1656,2211]
[0,562,1178,1656,2211]
[0,129,550,1015,1178,1310,1656,2211]
[0,550,722,1015,1178,1310,1656,2211]
[0,562,1175,1652,2211]
[0,550,1175,1656,2211]
[0,129,550,643,1015,1178,1656,2211]
[0,129,562,643,1015,1178,1656,2211]
[0,550,722,1178,1656,2211]
[0,550,1178,1656,2211]
[0,550,2211]
[0,562,1015,1178,1656,2211]
[0,550,1015,1178,1656,2211]
[0,129,550,722,1015,1178,1310,1656,2211]
[0,129,550,722,1015,1178,1656,2211]
[0,562,1175,2211]
[0,129,562,1178,1656,2211]
[0,562,1175,1656,2211]
