[0,66,191,387,562,910,1249]
[0,139,933,1249]
[0,60,117,269,372,1249]
[0,60,139,269,387,976,1044,1249]
[0,60,117,1249]
[0,933,1249]
[0,66,562,622,910,1249]
[0,117,269,562,910,1044,1249]
[0,139,269,387,562,622,976,1044,1249]
[0,269,372,910,1249]
[0,139,562,910,1249]
[0,60,191,387,933,1249]
[0,139,910,1249]
[0,60,117,191,269,372,562,609,910,1249]
[0,139,976,1249]
[0,117,372,910,1249]
[0,117,372,976,1249]
[0,60,117,269,372,562,609,1249]
[0,60,269,372,910,1249]
[0,139,269,387,562,622,910,1044,1249]
[0,117,562,609,1249]
[0,60,387,1249]
[0,139,387,976,1044,1249]
[0,562,910,1044,1249]
[0,140,269,387,562,622,910,1044,1249]
[0,60,117,269,372,562,609,910,1249]
[0,60,139,269,387,562,622,910,1044,1249]
[0,60,139,191,387,976,1249]
[0,60,117,269,372,562,609,976,1249]
[0,60,139,191,387,910,1249]
[0,139,269,562,910,1249]
[0,139,269,562,976,1249]
[0,139,269,387,976,1044,1249]
[0,562,910,1249]
[0,387,910,1249]
[0,117,269,562,910,1249]
[0,117,269,562,1249]
[0,140,269,910,1249]
[0,60,269,372,562,609,1249]
[0,139,1249]
[0,117,269,372,562,1249]
[0,60,139,191,269,387,562,910,1249]
[0,60,562,1249]
[0,60,139,191,269,387,976,1044,1249]
[0,117,269,372,562,910,1249]
[0,117,269,372,1249]
[0,60,139,1249]
[0,117,269,372,562,976,1249]
[0,60,139,191,269,387,562,976,1044,1249]
[0,139,562,910,1044,1249]
[0,60,562,609,1249]
[0,117,269,372,562,976,1044,1249]
[0,117,191,269,372,562,910,1249]
[0,60,562,609,910,1249]
[0,60,269,562,1249]
[0,60,117,269,372,562,976,1044,1249]
[0,117,191,269,372,562,910,1044,1249]
[0,66,191,387,562,910,1044,1249]
[0,60,139,269,387,562,910,1249]
[0,117,269,372,562,910,1044,1249]
[0,60,269,372,562,1249]
[0,140,1249]
[0,269,562,1249]
[0,60,140,269,387,1249]
[0,60,139,387,910,1249]
[0,117,562,1249]
[0,910,1249]
[0,976,1249]
[0,140,269,387,1249]
[0,60,139,269,387,562,976,1044,1249]
[0,269,562,910,1249]
[0,269,562,976,1249]
[0,60,139,191,269,387,562,622,910,1044,1249]
[0,117,269,1249]
[0,117,269,372,910,1249]
[0,60,139,191,269,387,562,622,976,1044,1249]
[0,60,117,191,269,372,562,609,976,1044,1249]
[0,140,269,562,910,1044,1249]
[0,60,139,976,1044,1249]
[0,139,269,387,1249]
[0,269,372,562,910,1249]
[0,140,910,1249]
[0,191,562,910,1249]
[0,372,562,910,1249]
[0,191,387,910,1249]
[0,66,191,562,910,1249]
[0,66,191,387,910,1249]
[0,117,269,562,976,1249]
[0,372,562,1249]
[0,66,191,387,562,622,910,1044,1249]
[0,60,117,191,269,372,562,609,910,1044,1249]
[0,139,387,1249]
[0,60,117,191,269,372,562,910,1044,1249]
[0,139,269,910,1249]
[0,372,1249]
[0,139,269,976,1249]
[0,66,1249]
[0,139,269,387,562,976,1249]
[0,191,387,562,910,1044,1249]
[0,139,269,387,562,910,1249]
[0,387,1249]
[0,60,139,387,976,1044,1249]
[0,66,191,562,622,910,1249]
[0,387,933,1249]
[0,139,269,387,562,622,910,1249]
[0,139,269,562,1249]
[0,60,139,387,1249]
[0,140,562,910,1044,1249]
[0,60,139,191,1249]
[0,60,140,269,387,562,622,910,1249]
[0,117,191,269,372,562,976,1249]
[0,66,387,1249]
[0,66,191,387,562,622,910,1249]
[0,387,562,910,1249]
[0,269,372,562,1249]
[0,139,562,1249]
[0,60,140,269,387,910,1249]
[0,140,269,387,910,1249]
[0,117,269,562,609,1249]
[0,140,269,387,562,910,1044,1249]
[0,60,139,910,1249]
[0,60,139,976,1249]
[0,139,562,933,1249]
[0,60,117,269,372,562,910,1249]
[0,60,139,387,976,1249]
[0,60,117,269,372,976,1249]
[0,60,117,269,372,562,976,1249]
[0,562,1249]
[0,60,269,372,562,609,910,1249]
[0,139,269,1249]
[0,139,269,387,562,910,1044,1249]
[0,139,269,387,562,976,1044,1249]
[0,117,562,910,1249]
[0,60,117,269,372,910,1249]
[0,60,117,269,1249]
[0,66,562,1249]
[0,60,117,269,562,609,1249]
[0,60,139,269,387,976,1249]
[0,60,139,269,387,1249]
[0,60,139,191,387,1249]
[0,60,139,191,269,387,910,1249]
[0,60,117,269,562,1249]
[0,117,269,372,976,1249]
[0,140,562,1249]
[0,117,1249]
[0,60,117,269,372,976,1044,1249]
[0,139,269,562,910,1044,1249]
[0,140,562,910,1249]
[0,60,140,269,387,562,910,1249]
[0,139,191,1249]
[0,60,387,933,1249]
[0,140,269,1249]
[0,60,269,372,562,910,1249]
[0,60,140,269,387,562,622,910,1044,1249]
[0,140,269,562,1249]
[0,139,976,1044,1249]
[0,269,562,910,1044,1249]
[0,139,562,976,1249]
[0,139,387,910,1249]
[0,139,387,976,1249]
[0,562,933,1249]
[0,191,387,562,910,1249]
[0,60,139,191,269,387,562,622,910,1249]
[0,60,117,269,372,562,609,976,1044,1249]
[0,117,910,1249]
[0,191,387,933,1249]
[0,387,562,910,1044,1249]
[0,117,976,1249]
[0,60,372,1249]
[0,60,139,269,387,562,622,976,1044,1249]
[0,140,269,562,910,1249]
[0,60,562,910,1249]
[0,140,269,387,562,910,1249]
[0,60,269,562,609,1249]
[0,60,269,372,1249]
[0,191,562,1249]
[0,60,117,191,269,372,562,910,1249]
[0,140,269,387,562,622,910,1249]
[0,66,562,910,1249]
[0,66,387,910,1249]
[0,117,191,269,372,562,976,1044,1249]
[0,269,1249]
[0,562,976,1249]
[0,387,976,1249]
[0,117,269,372,976,1044,1249]
[0,60,139,191,387,976,1044,1249]
[0,269,372,1249]
[0,60,139,269,387,562,622,910,1249]
[0,372,910,1249]
[0,139,269,387,910,1249]
[0,60,117,269,372,562,1249]
[0,139,269,387,976,1249]
[0,372,976,1249]
[0,60,117,191,269,372,562,976,1044,1249]
[0,60,1249]
[0,60,139,269,387,910,1249]
