[0,116,548,814,1114,1558,2017]
[0,126,1114,1558,2017]
[0,548,1114,1558,2017]
[0,564,1558,2017]
[0,137,548,1558,2017]
[0,137,548,814,949,1114,1558,2017]
[0,949,2017]
[0,564,2017]
[0,137,548,1114,1558,1918,2017]
[0,1114,2017]
[0,548,1554,2017]
[0,548,1558,2017]
[0,126,548,814,1114,1558,2017]
[0,548,1494,2017]
[0,137,548,814,1114,1558,2017]
[0,548,814,2017]
[0,548,814,1114,1558,2017]
[0,564,1114,1558,2017]
[0,548,2017]
[0,1558,2017]
[0,116,548,814,949,1114,1558,2017]
[0,814,1114,2017]
[0,137,548,1114,1558,2017]
[0,814,1114,1558,2017]
[0,126,548,814,949,1114,1558,2017]
[0,137,548,814,949,1114,1558,1918,2017]
[0,126,548,1554,2017]
[0,137,548,2017]
[0,949,1558,2017]
[0,1114,1558,2017]
[0,259,949,1558,2017]
[0,126,564,1114,1558,2017]
[0,548,814,949,1114,1558,2017]
[0,548,814,1114,2017]
