[0,1951,2554]
[0,1669,2209,2554]
[0,298,1050,1723,2020,2209,2554]
[0,298,1286,1669,2020,2209,2554]
[0,99,298,1130,1286,1669,2020,2209,2554]
[0,298,1286,1669,2209,2287,2554]
[0,298,2554]
[0,99,298,1286,2209,2287,2554]
[0,298,1951,2554]
[0,1286,2554]
[0,298,2020,2209,2554]
[0,298,1130,1286,1669,2020,2209,2554]
[0,1050,2554]
[0,99,298,1286,2209,2554]
[0,1050,1723,2554]
[0,243,2209,2554]
[0,99,298,1286,1723,2209,2287,2554]
[0,1286,2209,2554]
[0,1050,2209,2554]
[0,298,1050,1723,2209,2554]
[0,99,298,1454,1669,2020,2209,2554]
[0,298,1286,1669,2209,2554]
[0,298,1669,2020,2209,2554]
[0,99,298,2209,2287,2554]
[0,99,298,1286,1669,2209,2287,2554]
[0,99,298,1050,1723,2020,2209,2554]
[0,1286,1723,2209,2554]
[0,99,298,1723,2020,2209,2554]
[0,298,1723,2209,2554]
[0,1723,2554]
[0,99,298,1286,1723,2209,2554]
[0,99,298,1286,1669,2020,2209,2554]
[0,99,298,1286,1669,2020,2209,2287,2554]
[0,1286,1669,2554]
[0,99,298,2209,2554]
[0,298,1723,2020,2209,2554]
[0,298,1286,1723,2209,2554]
[0,2209,2554]
[0,298,1454,1669,2020,2209,2554]
[0,99,298,2020,2209,2554]
[0,99,298,1286,1723,2020,2209,2287,2554]
[0,298,1669,2209,2554]
[0,99,298,1669,2020,2209,2554]
[0,1723,2209,2554]
[0,298,1454,1669,2209,2554]
[0,298,1286,2209,2287,2554]
[0,298,1286,2209,2554]
[0,298,1050,2209,2554]
[0,1286,1669,2209,2554]
[0,99,298,1286,1669,2209,2554]
[0,298,2209,2554]
[0,99,298,1286,1723,2020,2209,2554]
[0,298,2209,2287,2554]
[0,1050,1723,2209,2554]
[0,1286,1723,2554]
[0,1669,2554]
[0,298,1286,1723,2020,2209,2554]
[0,202,2209,2554]
