[0,68,153,248,385,453,612,760,847,922]
[0,153,248,453,612,710,922]
[0,248,612,922]
[0,153,248,385,453,612,760,847,922]
[0,168,453,612,922]
[0,168,453,922]
[0,68,453,612,922]
[0,248,327,453,612,760,847,922]
[0,453,612,922]
[0,153,453,612,922]
[0,248,329,453,612,760,922]
[0,153,248,453,612,760,922]
[0,153,248,385,453,612,710,847,922]
[0,153,248,385,612,710,847,922]
[0,153,248,385,453,612,710,922]
[0,68,248,327,453,612,760,922]
[0,68,248,327,453,612,760,847,922]
[0,248,710,922]
[0,248,453,612,922]
[0,453,612,760,922]
[0,153,453,612,760,922]
[0,153,248,329,453,612,693,760,847,922]
[0,248,612,760,922]
[0,153,248,327,385,453,612,693,760,847,922]
[0,168,453,612,760,922]
[0,68,922]
[0,248,327,453,612,710,922]
[0,153,248,385,453,612,693,760,847,922]
[0,153,248,329,453,612,760,847,922]
[0,248,453,612,760,847,922]
[0,248,327,453,612,760,922]
[0,68,453,612,760,922]
[0,153,248,453,612,760,847,922]
[0,248,385,612,922]
[0,168,922]
[0,248,385,612,710,922]
[0,153,248,385,612,710,922]
[0,248,385,922]
[0,153,248,327,453,612,710,922]
[0,248,453,612,710,922]
[0,612,922]
[0,153,453,612,710,922]
[0,153,248,385,612,760,847,922]
[0,153,248,329,453,612,760,922]
[0,68,248,453,612,760,922]
[0,248,453,922]
[0,248,385,612,760,922]
[0,453,922]
[0,153,248,327,453,612,760,922]
[0,153,248,385,612,760,922]
[0,248,453,612,760,922]
[0,68,453,922]
[0,68,248,453,612,760,847,922]
[0,153,453,922]
[0,248,922]
[0,248,760,922]
[0,153,922]
[0,68,153,248,329,453,612,760,847,922]
[0,153,248,327,453,612,760,847,922]
[0,68,153,248,385,453,612,693,760,847,922]
[0,68,153,248,329,453,612,693,760,847,922]
[0,68,153,248,327,385,453,612,693,760,847,922]
[0,153,248,327,453,612,710,847,922]
