[0,975,1153,1465]
[0,136,652,975,1230,1465]
[0,103,178,652,975,1024,1089,1153,1230,1279,1465]
[0,652,1153,1465]
[0,103,178,652,975,1089,1153,1230,1465]
[0,103,178,652,975,1089,1153,1230,1279,1405,1465]
[0,103,178,652,975,1090,1153,1230,1279,1405,1465]
[0,652,1465]
[0,103,178,652,975,1024,1089,1153,1230,1465]
[0,103,178,652,975,1024,1090,1153,1230,1279,1405,1465]
[0,103,178,652,975,1090,1153,1230,1405,1465]
[0,975,1230,1465]
[0,975,1465]
[0,136,652,975,1153,1230,1465]
[0,178,975,1230,1465]
[0,103,178,652,975,1090,1153,1230,1279,1465]
[0,975,1153,1230,1465]
[0,103,178,652,975,1024,1153,1230,1465]
[0,652,975,1230,1465]
[0,103,178,975,1230,1465]
[0,103,178,652,975,1024,1090,1153,1230,1465]
[0,652,975,1153,1230,1465]
[0,103,178,652,975,1024,1089,1153,1230,1279,1405,1465]
[0,103,178,652,975,1024,1153,1230,1279,1465]
[0,178,652,975,1153,1230,1465]
[0,1153,1465]
[0,103,178,652,975,1153,1230,1405,1465]
[0,178,1153,1465]
[0,178,652,975,1230,1465]
[0,103,178,652,975,1089,1153,1230,1405,1465]
[0,103,178,652,975,1153,1230,1279,1405,1465]
[0,178,975,1153,1230,1465]
[0,103,178,975,1153,1230,1465]
[0,103,178,652,975,1153,1230,1279,1465]
[0,652,975,1465]
[0,1020,1465]
[0,103,178,652,975,1024,1090,1153,1230,1279,1465]
[0,1020,1230,1465]
[0,103,178,652,975,1089,1153,1230,1279,1465]
[0,103,178,652,975,1153,1230,1465]
[0,103,178,652,975,1090,1153,1230,1465]
