[0,789,1094,1246,2017]
[0,789,1129,1246,1440,1546,1657,2017]
[0,689,789,1129,1246,1440,1546,1657,2017]
[0,689,789,1546,1657,2017]
[0,589,689,1246,1440,2017]
[0,1440,2017]
[0,689,789,1440,1546,1657,2017]
[0,789,1657,2017]
[0,789,1129,1246,1440,1657,1914,2017]
[0,1246,1657,2017]
[0,589,1246,1440,1657,2017]
[0,789,1246,1440,1546,1657,2017]
[0,589,1129,1246,1440,1657,2017]
[0,789,1129,1657,2017]
[0,589,785,1657,2017]
[0,785,1657,2017]
[0,1246,1657,1914,2017]
[0,589,1246,1657,2017]
[0,1246,2017]
[0,1129,1246,1440,1546,1657,2017]
[0,1129,1246,1440,2017]
[0,689,2017]
[0,789,1094,1246,1440,1540,1657,2017]
[0,1440,1540,1657,2017]
[0,1657,2017]
[0,689,1246,1440,1657,2017]
[0,1246,1440,2017]
[0,785,1094,1657,2017]
[0,1540,1657,2017]
[0,789,1129,1246,1657,1914,2017]
[0,689,1246,1440,1657,1914,2017]
[0,689,1291,2017]
[0,689,789,1094,1246,1440,1540,1657,2017]
[0,789,1546,1657,2017]
[0,1094,1246,1440,1540,1657,2017]
[0,1094,1246,1440,1657,2017]
[0,785,2017]
[0,789,1246,1657,2017]
[0,1129,1246,1657,2017]
[0,589,2017]
[0,789,1440,2017]
[0,1440,1546,1657,2017]
[0,151,1657,2017]
[0,589,785,1197,1657,1938,2017]
[0,789,1129,1246,1440,2017]
[0,789,1246,2017]
[0,789,1094,2017]
[0,785,1094,1246,1657,2017]
[0,689,1246,1440,2017]
[0,589,689,1129,1246,1440,1657,1914,2017]
[0,689,1246,2017]
[0,689,789,1129,1246,1440,1546,1657,1914,2017]
[0,1657,1914,2017]
[0,689,789,1246,1440,1546,1657,2017]
[0,589,689,1246,1440,1657,2017]
[0,789,1129,1246,1657,2017]
[0,785,1197,1657,2017]
[0,789,1246,1440,1657,2017]
[0,689,789,1129,1246,1657,2017]
[0,589,1129,1246,1440,1657,1914,2017]
[0,789,1129,1246,1440,1546,1657,1914,2017]
[0,689,1197,2017]
[0,689,1246,1657,2017]
[0,789,1094,1657,2017]
[0,1246,1440,1657,2017]
[0,589,689,1246,1440,1657,1914,2017]
[0,789,1246,1440,2017]
[0,785,1094,1246,1463,1657,2017]
[0,1246,1440,1657,1914,2017]
[0,1094,1246,1440,2017]
[0,1129,1246,1440,1657,2017]
[0,785,1197,2017]
[0,589,785,1197,1657,2017]
[0,1094,2017]
[0,1197,2017]
[0,785,1094,1463,1657,2017]
[0,689,789,1129,1246,1657,1914,2017]
[0,1129,1246,1440,1546,1657,1914,2017]
[0,689,1197,1513,2017]
[0,789,1094,1246,1440,2017]
[0,689,789,1094,1246,2017]
[0,1246,1440,1546,1657,1914,2017]
[0,689,789,1129,1246,1440,1657,1914,2017]
[0,1197,1513,2017]
[0,151,1197,2017]
[0,1094,1246,1657,2017]
[0,689,789,2017]
[0,1246,1440,1540,1657,2017]
[0,689,789,1094,2017]
[0,589,1246,2017]
[0,1129,1246,1657,1914,2017]
[0,789,1094,1246,1657,2017]
[0,1246,1440,1546,1657,2017]
[0,1291,2017]
[0,1129,1246,1440,1657,1914,2017]
[0,689,1440,2017]
[0,789,1129,1246,1440,1657,2017]
[0,1546,1657,2017]
[0,789,1440,1546,1657,2017]
[0,689,789,1094,1246,1657,2017]
[0,789,2017]
[0,689,789,1657,2017]
[0,789,1094,1246,1440,1657,2017]
[0,689,789,1129,1657,2017]
