[0,790,1281,2058,2189]
[0,146,738,1281,2189]
[0,1281,2189]
[0,105,146,738,1281,2058,2189]
[0,790,2189]
[0,146,790,2058,2189]
[0,98,146,738,1281,2058,2189]
[0,146,656,738,1281,2058,2189]
[0,146,434,656,790,1281,2058,2189]
[0,146,790,1281,2189]
[0,146,434,738,1281,2189]
[0,146,656,790,1281,2189]
[0,790,2058,2189]
[0,146,434,790,1281,2189]
[0,434,1281,2189]
[0,105,146,2058,2189]
[0,46,146,2189]
[0,146,738,2189]
[0,790,1281,2189]
[0,2058,2189]
[0,46,146,738,1281,2058,2189]
[0,46,146,656,738,1281,2058,2189]
[0,98,146,2189]
[0,146,1992,2189]
[0,46,105,146,434,656,790,1281,2058,2189]
[0,146,434,738,1281,2058,2189]
[0,46,146,434,656,738,1281,2058,2189]
[0,46,105,146,656,738,1281,2058,2189]
[0,98,146,656,738,1281,2058,2189]
[0,146,2058,2189]
[0,146,1281,2189]
[0,146,790,2189]
[0,105,146,656,738,1281,2058,2189]
[0,46,146,790,2058,2189]
[0,434,790,1281,2189]
[0,46,146,790,1281,2058,2189]
[0,46,146,656,790,1281,2058,2189]
[0,46,105,146,656,790,1281,2058,2189]
[0,146,790,1281,2058,2189]
[0,98,146,2058,2189]
[0,738,2058,2189]
[0,46,146,434,656,790,1281,2058,2189]
[0,738,1281,2189]
[0,738,2189]
[0,146,2189]
[0,98,146,738,2058,2189]
[0,738,1281,2058,2189]
[0,146,738,1281,2058,2189]
[0,146,434,656,738,1281,2058,2189]
[0,434,2189]
[0,46,146,738,2058,2189]
[0,146,434,656,790,1281,2189]
[0,434,738,1281,2189]
[0,105,146,738,2058,2189]
[0,146,656,790,1281,2058,2189]
[0,1992,2189]
[0,146,738,2058,2189]
[0,46,146,2058,2189]
[0,46,105,146,434,656,738,1281,2058,2189]
