[0,369,751,997]
[0,369,525,751,953,997]
[0,525,997]
[0,369,525,792,997]
[0,265,369,525,632,953,997]
[0,265,369,525,578,632,953,997]
[0,265,525,578,632,997]
[0,417,751,997]
[0,265,525,622,751,997]
[0,265,525,614,997]
[0,265,369,525,578,632,751,792,953,997]
[0,265,369,525,614,751,953,997]
[0,525,614,997]
[0,265,525,614,953,997]
[0,369,578,632,751,997]
[0,265,369,578,632,997]
[0,265,369,525,578,632,751,953,997]
[0,369,578,632,997]
[0,369,525,751,997]
[0,265,525,622,997]
[0,265,369,525,751,997]
[0,525,622,997]
[0,265,369,525,632,751,953,997]
[0,265,369,525,614,953,997]
[0,265,369,525,614,997]
[0,265,369,525,632,751,997]
[0,265,369,525,578,632,751,997]
[0,265,369,525,622,751,997]
[0,265,525,622,751,953,997]
[0,369,997]
[0,265,525,632,997]
[0,265,369,525,751,953,997]
[0,265,525,751,953,997]
[0,417,997]
[0,369,525,622,751,997]
[0,265,369,525,578,632,997]
[0,265,525,751,997]
[0,265,997]
[0,369,792,997]
[0,265,369,525,997]
[0,525,632,997]
[0,265,525,997]
[0,265,525,622,953,997]
[0,265,525,614,751,997]
[0,369,525,622,997]
[0,525,751,997]
[0,369,525,622,953,997]
[0,265,369,578,751,997]
[0,265,369,632,997]
[0,369,525,997]
[0,265,525,632,751,997]
[0,265,369,525,751,792,953,997]
[0,369,525,622,751,953,997]
[0,265,525,578,632,751,997]
[0,265,369,525,622,751,953,997]
[0,369,578,751,997]
[0,265,525,632,953,997]
[0,265,369,525,632,997]
[0,369,632,997]
[0,265,525,578,632,953,997]
[0,265,369,578,632,751,997]
[0,265,369,525,614,751,997]
