[0,705,2020]
[0,206,541,1510,2020]
[0,676,1510,2020]
[0,206,676,1487,2020]
[0,206,676,1510,1969,2020]
[0,206,1510,1969,2020]
[0,206,1510,2020]
[0,235,1969,2020]
[0,261,1921,2020]
[0,206,541,1615,1969,2020]
[0,206,1615,1969,2020]
[0,705,1487,2020]
[0,676,1450,2020]
[0,206,1487,1969,2020]
[0,206,1615,2020]
[0,206,1450,2020]
[0,676,2020]
[0,1510,2020]
[0,206,541,1615,2020]
[0,541,1615,2020]
[0,206,541,1487,1969,2020]
[0,206,676,1450,1969,2020]
[0,235,1450,1969,2020]
[0,206,1487,2020]
[0,206,705,1450,2020]
[0,206,1969,2020]
[0,206,676,1510,2020]
[0,541,1487,2020]
[0,206,541,1487,2020]
[0,541,2020]
[0,676,1487,2020]
[0,206,705,1487,2020]
[0,206,676,1450,2020]
[0,1615,2020]
[0,1450,2020]
[0,235,2020]
[0,206,705,1450,1969,2020]
[0,261,2020]
[0,206,541,1510,1969,2020]
[0,705,1450,2020]
[0,235,1450,2020]
[0,1487,2020]
[0,206,676,1487,1969,2020]
[0,206,2020]
[0,206,705,1487,1969,2020]
[0,206,1450,1969,2020]
[0,541,1510,2020]
