[0,1448,2135,2812]
[0,564,791,1112,1448,2135,2812]
[0,564,1112,1448,2135,2812]
[0,564,791,1524,2812]
[0,244,607,1340,1524,1664,2812]
[0,244,1340,1524,2812]
[0,1612,2812]
[0,564,1448,1524,2812]
[0,607,1524,2812]
[0,244,1340,1524,1664,1749,2812]
[0,244,607,1112,1524,1664,2812]
[0,1340,1524,2812]
[0,1112,2812]
[0,1448,1524,2812]
[0,196,564,1112,1524,2812]
[0,1524,2318,2812]
[0,564,1448,2812]
[0,564,791,1112,1448,1524,2812]
[0,564,1448,2135,2812]
[0,564,791,1112,1340,1524,1664,2812]
[0,244,1524,2318,2812]
[0,2135,2812]
[0,196,564,1112,1448,2135,2812]
[0,244,607,1112,1524,2812]
[0,244,2812]
[0,607,1448,1524,2812]
[0,196,564,791,1112,1448,2812]
[0,244,607,754,1112,1448,1524,2812]
[0,244,607,1448,1524,2812]
[0,564,1112,1448,2812]
[0,244,607,754,1112,1524,2812]
[0,607,2812]
[0,196,564,1112,1448,2812]
[0,564,1524,2812]
[0,564,1112,1524,2318,2812]
[0,244,607,1112,1448,1524,2812]
[0,564,791,1112,1340,1524,1664,1784,2812]
[0,564,791,1112,1340,1524,2812]
[0,244,1524,2812]
[0,244,1612,2812]
[0,564,1524,2318,2812]
[0,1524,2812]
[0,564,1340,1524,1664,2812]
[0,564,1340,1524,1664,1784,2812]
[0,564,791,1340,1524,1664,1784,2812]
[0,564,2135,2812]
[0,244,607,1340,1524,2812]
[0,1340,1524,1664,2812]
[0,564,791,1112,1448,2812]
[0,196,564,791,1112,1448,2135,2812]
[0,564,791,1340,1524,1664,2812]
[0,1112,1524,2812]
[0,564,2812]
[0,564,791,1340,1524,2812]
[0,244,607,1524,2812]
[0,564,1112,1524,2812]
[0,244,1112,1524,2812]
[0,244,1340,1524,1664,2812]
[0,564,1340,1524,2812]
[0,607,1112,1524,2812]
[0,244,1112,1524,1664,2812]
[0,244,607,1340,1524,1664,1749,2812]
[0,244,607,754,1112,1524,1664,2812]
[0,1448,2812]
[0,564,1112,1448,1524,2812]
[0,607,1524,2318,2812]
[0,564,791,1112,1524,2812]
[0,1112,1524,2318,2812]
