[0,361,840,1087,1783,2017]
[0,361,840,2017]
[0,777,1769,2017]
[0,361,840,1087,1468,1599,1783,2017]
[0,361,840,1599,1783,2017]
[0,361,763,840,2017]
[0,361,840,1769,2017]
[0,361,763,840,1468,1599,1783,2017]
[0,70,361,840,1011,1783,2017]
[0,70,361,763,840,1087,1783,2017]
[0,70,361,763,840,1011,1783,2017]
[0,361,1783,2017]
[0,840,2017]
[0,361,763,840,1011,1783,2017]
[0,361,763,840,1087,1783,2017]
[0,361,2017]
[0,361,840,1468,1599,1783,2017]
[0,361,840,1011,1783,2017]
[0,361,763,840,1087,1468,1599,1783,2017]
[0,70,361,1783,2017]
[0,361,840,1783,2017]
[0,777,2017]
[0,70,361,763,840,1087,1468,1599,1783,2017]
[0,840,1783,2017]
[0,361,763,840,1783,2017]
[0,361,840,1087,1599,1783,2017]
[0,361,840,1087,2017]
[0,361,1769,2017]
[0,361,763,840,1599,1783,2017]
