[0,271,513,997]
[0,118,300,462,513,658,825,886,997]
[0,300,658,825,997]
[0,271,658,997]
[0,118,300,513,658,825,886,997]
[0,118,300,997]
[0,300,658,886,997]
[0,252,513,858,997]
[0,118,252,300,513,658,825,886,997]
[0,300,513,658,997]
[0,252,997]
[0,118,252,300,462,513,658,825,886,997]
[0,118,300,513,658,997]
[0,118,271,513,997]
[0,118,300,462,513,658,825,945,997]
[0,300,997]
[0,271,513,858,997]
[0,118,271,997]
[0,118,300,513,658,825,945,997]
[0,252,513,997]
[0,118,271,513,858,997]
[0,118,271,513,658,825,886,997]
[0,118,252,300,462,513,658,825,945,997]
[0,271,513,658,825,997]
[0,271,997]
[0,118,300,513,658,825,997]
[0,300,513,997]
[0,513,997]
[0,271,513,886,997]
[0,118,271,513,658,825,997]
[0,118,271,658,825,997]
[0,300,513,886,997]
[0,118,252,300,513,658,825,997]
[0,118,271,513,886,997]
[0,118,300,513,658,886,997]
[0,271,658,825,997]
[0,118,252,300,658,825,997]
[0,118,300,513,886,997]
[0,658,997]
[0,252,858,997]
[0,118,271,658,825,886,997]
[0,300,513,658,825,997]
[0,300,658,997]
[0,118,300,513,997]
[0,118,300,658,825,997]
[0,118,300,658,997]
[0,118,252,300,462,513,658,825,997]
[0,118,300,462,513,658,825,997]
[0,118,300,658,886,997]
