[0,581,874,978,1332,2211]
[0,1076,1902,2211]
[0,581,978,1165,1332,2211]
[0,439,581,874,978,1165,1332,2211]
[0,581,874,978,1165,1332,1902,2211]
[0,439,581,874,1165,1332,1902,2211]
[0,581,681,1165,1332,1902,2129,2211]
[0,581,874,978,1165,1332,2211]
[0,581,681,978,1165,1332,1902,2211]
[0,439,1332,2211]
[0,581,1332,2129,2211]
[0,581,1332,1902,2211]
[0,581,874,1332,2211]
[0,439,1165,1332,2211]
[0,439,2129,2211]
[0,439,1902,2129,2211]
[0,581,681,874,978,1165,1332,2211]
[0,439,581,874,1165,1332,2211]
[0,439,1902,2211]
[0,439,2211]
[0,581,681,874,978,1165,1332,1902,2129,2211]
[0,581,1332,1902,2129,2211]
[0,439,581,681,874,978,1165,1332,1902,2211]
[0,581,978,1332,1902,2211]
[0,581,874,978,1332,1902,2129,2211]
[0,439,1165,1332,2129,2211]
[0,581,1165,1332,1902,2129,2211]
[0,439,581,1165,1332,1902,2211]
[0,439,581,1165,1332,1902,2129,2211]
[0,581,681,1165,1332,2211]
[0,581,874,978,1165,1332,1902,2129,2211]
[0,439,1165,1332,1902,2211]
[0,581,874,978,1332,2129,2211]
[0,581,874,978,1332,1902,2211]
[0,1165,2211]
[0,1902,2211]
[0,1332,2211]
[0,581,1165,1332,2211]
[0,581,978,1332,2211]
[0,581,681,978,1165,1332,2211]
[0,581,1165,1332,2129,2211]
[0,581,874,1165,1332,2211]
[0,439,581,681,874,978,1165,1332,1902,2129,2211]
[0,581,1902,2211]
[0,581,978,1165,1332,1902,2211]
[0,581,1165,1332,1902,2211]
[0,1165,1902,2211]
[0,581,681,978,1165,1332,1902,2129,2211]
[0,439,1332,1902,2211]
[0,581,681,1165,1332,2129,2211]
[0,439,581,874,978,1165,1332,1902,2211]
[0,581,1332,2211]
[0,581,2211]
[0,581,978,1332,1902,2129,2211]
[0,1076,2211]
[0,581,681,1165,1332,1902,2211]
[0,439,581,1165,1332,2211]
[0,581,874,1332,1902,2211]
[0,581,874,1165,1332,1902,2211]
[0,439,581,681,874,978,1165,1332,2211]
[0,439,581,874,978,1165,1332,1902,2129,2211]
[0,439,1165,1332,1902,2129,2211]
[0,581,681,874,978,1165,1332,1902,2211]
