[0,640,1299,1591,2211]
[0,640,933,1299,1591,2211]
[0,182,640,1341,1712,2211]
[0,640,2211]
[0,182,640,1341,1591,2211]
[0,182,640,944,1341,1712,2211]
[0,182,640,944,1341,1591,2211]
[0,182,640,1341,2211]
[0,640,938,1299,1591,1832,2022,2211]
[0,182,640,1304,1712,2211]
[0,640,1591,2211]
[0,640,938,1299,1591,2022,2211]
[0,640,944,1341,2211]
[0,1304,2211]
[0,640,933,1299,2211]
[0,182,640,1299,1591,2211]
[0,640,944,1299,2211]
[0,182,640,933,1299,1591,2022,2211]
[0,640,944,1341,1591,2211]
[0,640,944,1341,1712,2211]
[0,640,938,1299,1591,2211]
[0,640,1304,1712,2211]
[0,182,640,1591,2211]
[0,182,640,938,1299,1591,1832,2022,2211]
[0,182,640,933,1299,1591,2211]
[0,182,640,770,1433,1591,2211]
[0,1341,2211]
[0,1299,2211]
[0,182,640,933,1299,1591,1843,2022,2211]
[0,182,640,1433,1591,2211]
[0,640,1341,1591,2211]
[0,640,1341,1712,2211]
[0,182,640,944,1299,1591,2211]
[0,640,938,1299,2211]
[0,640,1304,2211]
[0,640,938,1299,1591,1832,2211]
[0,182,640,1304,2211]
[0,640,944,1299,1591,2211]
[0,182,640,938,1299,1591,2022,2211]
[0,182,640,2211]
[0,182,640,938,1299,1591,2211]
[0,640,1341,2211]
[0,640,933,1299,1591,2022,2211]
[0,640,1299,2211]
