[0,1053,1534,3277,3353]
[0,979,2012,3277,3353]
[0,1053,3353]
[0,979,1053,2012,3353]
[0,973,2012,3353]
[0,666,1052,2012,2989,3353]
[0,666,2012,2580,3277,3353]
[0,666,1052,1534,3277,3353]
[0,666,2012,2989,3277,3353]
[0,979,1053,2012,3277,3353]
[0,666,1052,1300,2012,2989,3353]
[0,666,1052,2012,3353]
[0,979,1534,3277,3353]
[0,2012,3353]
[0,666,3277,3353]
[0,666,1534,3353]
[0,973,1053,2012,2989,3353]
[0,973,1053,2012,3277,3353]
[0,666,1052,1534,3353]
[0,666,1052,2012,2580,3277,3353]
[0,666,1052,2012,2989,3277,3353]
[0,666,2012,2580,3353]
[0,666,1053,1534,3353]
[0,666,1053,1300,2012,2580,3277,3353]
[0,666,1534,3277,3353]
[0,973,3353]
[0,1534,3353]
[0,979,1053,3353]
[0,1052,3353]
[0,1053,3277,3353]
[0,973,1053,2012,3353]
[0,979,3353]
[0,1053,1534,3353]
[0,979,2012,2989,3277,3353]
[0,666,2012,2989,3353]
[0,973,2012,2989,3353]
[0,973,1053,3353]
[0,666,1053,2012,2580,3277,3353]
[0,1052,1534,3277,3353]
[0,979,2012,3353]
[0,666,1052,1300,2012,3353]
[0,666,1053,2012,2580,3353]
[0,666,2012,3277,3353]
[0,666,3353]
[0,1052,1534,3353]
[0,666,1053,1300,2012,2580,3353]
[0,666,1052,2012,2580,3353]
[0,666,1053,1534,3277,3353]
[0,973,1053,2012,2989,3277,3353]
[0,666,2012,3353]
[0,666,1052,1300,2012,2580,3277,3353]
[0,666,1052,1300,2012,2989,3277,3353]
[0,1052,3277,3353]
[0,979,1534,3353]
[0,979,2012,2989,3353]
[0,666,1052,1300,2012,2580,3353]
[0,979,1053,2012,2989,3277,3353]
[0,1053,3274,3353]
