[0,47,480,568,624,719,922]
[0,426,480,576,719,829,922]
[0,480,719,829,922]
[0,480,719,922]
[0,47,922]
[0,480,576,922]
[0,47,426,480,568,624,719,922]
[0,47,426,480,568,719,922]
[0,47,480,568,922]
[0,480,922]
[0,186,568,719,829,922]
[0,480,568,719,829,922]
[0,47,480,576,719,922]
[0,426,480,568,719,922]
[0,186,480,568,624,719,829,922]
[0,480,568,719,922]
[0,47,186,426,480,568,624,719,829,922]
[0,186,480,568,719,829,922]
[0,480,568,624,719,922]
[0,426,480,576,719,922]
[0,47,426,480,568,624,719,829,922]
[0,186,426,480,568,624,719,829,922]
[0,186,568,719,922]
[0,47,480,568,719,829,922]
[0,47,480,576,719,829,922]
[0,47,426,480,568,719,829,922]
[0,480,576,719,922]
[0,186,480,568,719,922]
[0,480,568,922]
[0,719,922]
[0,480,576,719,829,922]
[0,186,922]
[0,480,568,624,719,829,922]
[0,426,480,568,624,719,922]
[0,47,480,922]
[0,426,480,568,624,719,829,922]
[0,186,480,568,624,719,922]
[0,47,480,568,719,922]
[0,426,480,568,719,829,922]
[0,47,426,480,576,719,829,922]
[0,47,426,480,576,719,922]
[0,480,829,922]
[0,186,719,922]
