[0,278,2017]
[0,278,362,717,2017]
[0,279,391,717,1073,1257,2017]
[0,362,717,2017]
[0,278,476,717,1073,1257,1329,2017]
[0,362,1073,2017]
[0,425,2017]
[0,279,391,717,1073,1257,1336,2017]
[0,425,1257,2017]
[0,425,717,1073,2017]
[0,1257,2017]
[0,278,717,1073,2017]
[0,278,476,717,1073,1257,2017]
[0,278,717,2017]
[0,278,476,717,2017]
[0,425,717,2017]
[0,717,1073,2017]
[0,362,1257,2017]
[0,717,2017]
[0,391,717,2017]
[0,278,362,717,1073,1257,2017]
[0,279,425,717,1073,1257,2017]
[0,425,717,1073,1257,2017]
[0,278,425,717,1073,1257,2017]
[0,391,2017]
[0,391,1073,2017]
[0,459,1257,2017]
[0,278,476,717,1073,2017]
[0,278,425,717,2017]
[0,391,717,1073,1257,2017]
[0,425,1073,2017]
[0,459,2017]
[0,1073,2017]
[0,362,717,1073,2017]
[0,362,2017]
[0,362,717,1073,1257,2017]
[0,391,717,1073,2017]
