[0,589,1586,1911]
[0,437,1586,1631,1911]
[0,78,496,1202,1495,1631,1781,1911]
[0,490,1586,1911]
[0,496,1202,1911]
[0,496,1495,1586,1911]
[0,496,1495,1586,1781,1911]
[0,496,1202,1495,1631,1781,1911]
[0,437,1202,1495,1586,1781,1911]
[0,437,1495,1781,1911]
[0,490,1586,1781,1911]
[0,490,1586,1631,1911]
[0,496,1202,1495,1586,1911]
[0,490,1495,1586,1781,1911]
[0,78,490,1202,1495,1586,1781,1911]
[0,78,496,699,1495,1631,1781,1911]
[0,1586,1911]
[0,496,1495,1781,1911]
[0,78,437,1202,1495,1586,1631,1781,1911]
[0,490,1495,1911]
[0,78,490,1202,1495,1586,1631,1781,1911]
[0,490,1586,1631,1781,1911]
[0,78,496,1202,1495,1586,1781,1911]
[0,496,1495,1631,1781,1911]
[0,437,1202,1495,1586,1631,1781,1911]
[0,496,1495,1586,1631,1781,1911]
[0,490,1202,1495,1586,1631,1781,1911]
[0,496,1202,1495,1781,1911]
[0,490,1202,1911]
[0,496,1495,1631,1911]
[0,496,1586,1631,1911]
[0,496,1911]
[0,78,437,1202,1495,1586,1781,1911]
[0,490,1202,1495,1586,1911]
[0,490,1495,1586,1631,1781,1911]
[0,78,490,1202,1495,1781,1911]
[0,78,496,1495,1631,1781,1911]
[0,78,496,1202,1495,1586,1911]
[0,437,1586,1631,1781,1911]
[0,496,1202,1495,1586,1631,1781,1911]
[0,437,1202,1586,1911]
[0,496,699,1495,1631,1911]
[0,1495,1911]
[0,496,1202,1495,1631,1911]
[0,490,1202,1495,1781,1911]
[0,78,496,1202,1495,1781,1911]
[0,699,1495,1631,1781,1911]
[0,437,1495,1586,1631,1781,1911]
[0,496,1495,1911]
[0,1586,1631,1911]
[0,490,1495,1781,1911]
[0,78,496,1495,1781,1911]
[0,78,490,1495,1781,1911]
[0,437,1202,1495,1911]
[0,437,1495,1586,1781,1911]
[0,490,1202,1495,1911]
[0,78,490,1202,1495,1586,1911]
[0,496,699,1495,1631,1781,1911]
[0,589,1911]
[0,699,1911]
[0,437,1911]
[0,437,1202,1495,1586,1911]
[0,490,1911]
[0,496,699,1495,1911]
[0,496,1586,1781,1911]
[0,437,1586,1911]
[0,496,1202,1495,1586,1781,1911]
[0,699,1495,1781,1911]
[0,78,437,1202,1495,1586,1911]
[0,699,1495,1631,1911]
[0,437,1586,1781,1911]
[0,437,1495,1911]
[0,490,1202,1495,1586,1781,1911]
[0,78,496,1202,1495,1586,1631,1781,1911]
[0,437,1202,1495,1781,1911]
[0,496,1202,1586,1911]
[0,496,1586,1911]
[0,490,1202,1586,1911]
[0,490,1495,1586,1911]
[0,496,1586,1631,1781,1911]
[0,699,1495,1911]
[0,1202,1911]
[0,496,1202,1495,1911]
[0,437,1495,1586,1911]
[0,437,1202,1911]
