[0,121,260,405,480,664,714,922]
[0,121,260,405,664,714,922]
[0,121,405,480,573,664,714,922]
[0,357,922]
[0,260,405,573,922]
[0,169,405,922]
[0,121,260,405,664,922]
[0,357,405,922]
[0,121,218,260,357,405,480,664,714,922]
[0,405,664,922]
[0,121,357,405,480,573,922]
[0,405,922]
[0,121,922]
[0,121,357,405,664,714,922]
[0,121,357,405,573,922]
[0,121,260,357,405,664,714,922]
[0,121,260,405,480,573,714,922]
[0,405,664,714,922]
[0,121,405,480,664,922]
[0,121,405,664,922]
[0,121,260,405,573,714,922]
[0,121,260,405,480,664,922]
[0,121,405,480,573,714,922]
[0,121,405,480,573,922]
[0,121,357,405,480,664,714,922]
[0,357,405,664,922]
[0,260,405,922]
[0,357,405,664,714,922]
[0,260,405,664,922]
[0,121,218,260,357,405,480,573,664,714,922]
[0,405,573,922]
[0,121,260,357,405,480,664,714,922]
[0,121,405,573,922]
[0,121,357,405,922]
[0,121,260,357,405,480,573,664,714,922]
[0,121,405,664,714,922]
[0,121,357,922]
[0,405,573,714,922]
[0,121,405,922]
[0,121,405,573,714,922]
[0,260,405,573,714,922]
[0,121,218,260,357,405,664,714,922]
[0,121,357,405,480,573,664,714,922]
[0,121,260,405,480,573,664,714,922]
[0,121,405,480,664,714,922]
