[0,266,672,883,1278,1651]
[0,266,1288,1651]
[0,151,266,1288,1651]
[0,151,266,1343,1651]
[0,174,266,1288,1651]
[0,151,201,266,672,883,1343,1651]
[0,672,1651]
[0,266,672,894,1283,1651]
[0,151,266,672,883,1278,1651]
[0,1288,1651]
[0,174,266,672,1278,1651]
[0,1343,1651]
[0,266,1343,1651]
[0,151,266,672,894,1288,1651]
[0,151,266,672,1278,1651]
[0,266,672,1278,1651]
[0,151,266,672,894,1343,1651]
[0,151,266,672,888,1343,1651]
[0,266,672,888,1343,1651]
[0,266,1283,1651]
[0,672,1343,1651]
[0,266,672,883,1343,1651]
[0,174,266,672,894,1288,1651]
[0,266,672,894,1278,1651]
[0,1283,1651]
[0,266,1651]
[0,672,1288,1651]
[0,151,201,266,672,894,1343,1651]
[0,151,201,266,672,894,1288,1651]
[0,174,266,1283,1651]
[0,266,1278,1651]
[0,266,672,1288,1651]
[0,151,266,1278,1651]
[0,672,1283,1651]
[0,174,266,672,894,1283,1651]
[0,151,266,1651]
[0,174,266,672,1288,1651]
[0,151,266,672,1343,1651]
[0,1278,1651]
[0,151,266,672,1288,1651]
[0,266,672,1343,1651]
[0,266,672,894,1288,1651]
[0,266,672,894,1343,1651]
[0,151,201,266,672,883,1278,1651]
[0,151,266,672,883,1343,1651]
[0,174,266,1278,1651]
[0,266,672,1283,1651]
[0,672,1278,1651]
[0,174,266,672,894,1278,1651]
[0,174,266,672,1283,1651]
[0,151,201,266,672,888,1343,1651]
