[0,372,704,1046]
[0,61,169,426,603,646,728,879,986,1046]
[0,163,426,728,879,1046]
[0,169,426,728,1046]
[0,426,603,646,728,879,986,1046]
[0,372,704,879,1046]
[0,426,1046]
[0,879,986,1046]
[0,163,426,646,728,879,1046]
[0,426,646,728,879,1046]
[0,426,879,1046]
[0,879,1046]
[0,169,426,728,879,1046]
[0,61,163,426,646,728,879,986,1046]
[0,61,163,426,728,879,1046]
[0,387,879,1046]
[0,61,426,646,728,879,1046]
[0,61,169,426,646,728,879,986,1046]
[0,61,426,728,879,1046]
[0,61,163,426,646,728,879,1046]
[0,61,163,426,603,646,728,879,986,1046]
[0,61,169,426,728,879,1046]
[0,426,704,879,986,1046]
[0,426,704,879,1046]
[0,169,426,646,728,879,1046]
[0,61,169,426,728,879,986,1046]
[0,426,728,879,1046]
[0,61,426,603,646,728,879,986,1046]
[0,61,426,728,879,986,1046]
[0,61,169,426,646,728,879,1046]
[0,61,163,426,728,879,986,1046]
[0,372,1046]
[0,387,1046]
[0,61,426,704,879,1046]
[0,61,426,646,728,879,986,1046]
[0,426,728,1046]
[0,426,704,1046]
[0,426,646,728,879,986,1046]
[0,163,426,728,1046]
[0,426,879,986,1046]
[0,426,728,879,986,1046]
