[0,131,821,922,1058,1159,1294,1348,1419]
[0,131,821,922,1159,1294,1348,1419]
[0,131,922,1058,1294,1348,1419]
[0,131,228,846,922,1058,1294,1348,1419]
[0,131,846,922,1058,1294,1348,1419]
[0,131,821,922,1159,1419]
[0,131,846,922,1058,1159,1294,1348,1419]
[0,131,821,922,1159,1294,1419]
[0,131,922,1058,1419]
[0,1090,1419]
[0,131,228,821,922,1058,1159,1294,1419]
[0,131,530,794,1090,1419]
[0,131,922,1159,1294,1348,1419]
[0,131,1058,1419]
[0,131,922,1159,1419]
[0,821,1419]
[0,131,228,846,922,1058,1419]
[0,131,794,922,1090,1419]
[0,131,922,1159,1294,1419]
[0,131,846,1159,1294,1348,1419]
[0,794,1090,1419]
[0,131,821,1252,1419]
[0,131,922,1058,1348,1419]
[0,131,228,922,1058,1419]
[0,131,846,1058,1419]
[0,131,530,794,922,1090,1419]
[0,131,530,617,794,922,1090,1419]
[0,922,1419]
[0,131,846,922,1058,1159,1294,1419]
[0,131,846,1159,1294,1419]
[0,131,228,922,1159,1419]
[0,131,846,1159,1419]
[0,131,530,617,794,922,1090,1294,1348,1419]
[0,821,1252,1419]
[0,131,922,1090,1419]
[0,131,530,617,794,1090,1419]
[0,131,530,922,1090,1419]
[0,530,922,1090,1419]
[0,131,228,846,922,1058,1159,1294,1348,1419]
[0,131,228,846,922,1058,1159,1294,1419]
[0,131,530,617,794,922,1090,1348,1419]
[0,131,922,1058,1159,1294,1419]
[0,131,228,922,1058,1159,1294,1419]
[0,922,1058,1419]
[0,530,1419]
[0,922,1159,1419]
[0,794,1419]
[0,1058,1419]
[0,1159,1419]
[0,530,794,1090,1419]
[0,846,1058,1419]
[0,131,922,1294,1419]
[0,131,846,922,1058,1419]
[0,131,846,922,1159,1419]
[0,131,846,922,1159,1294,1419]
[0,131,228,846,922,1058,1348,1419]
[0,131,846,922,1159,1294,1348,1419]
[0,530,1090,1419]
[0,131,794,1090,1419]
[0,131,846,922,1058,1348,1419]
[0,131,228,821,922,1058,1159,1294,1348,1419]
[0,131,821,922,1058,1159,1294,1419]
[0,131,1419]
[0,846,1159,1419]
[0,846,1419]
[0,922,1090,1419]
[0,131,228,922,1159,1294,1419]
[0,131,922,1419]
