[0,520,2017]
[0,517,1107,2017]
[0,499,850,1107,1320,1649,1888,2017]
[0,520,1107,1888,2017]
[0,789,1888,2017]
[0,569,850,1107,2017]
[0,499,850,1015,1107,1649,1888,2017]
[0,499,840,1107,1888,2017]
[0,520,840,1107,2017]
[0,499,850,1107,1649,2017]
[0,499,569,850,1015,1107,1649,1888,2017]
[0,520,840,1107,1888,2017]
[0,569,850,1015,1107,1888,2017]
[0,517,850,1107,1888,2017]
[0,569,766,850,1107,1888,2017]
[0,569,1107,1888,2017]
[0,569,766,850,1015,1107,1888,2017]
[0,499,569,850,1015,1107,1888,2017]
[0,499,1107,2017]
[0,1107,2017]
[0,537,2017]
[0,517,2017]
[0,499,569,850,1015,1107,1320,1649,1888,2017]
[0,569,850,1107,1649,1888,2017]
[0,569,850,1107,1649,2017]
[0,499,2017]
[0,499,850,1107,2017]
[0,499,840,1107,2017]
[0,499,569,766,850,1107,1888,2017]
[0,499,850,1107,1649,1888,2017]
[0,499,850,1107,1888,2017]
[0,499,850,1107,1320,1649,2017]
[0,499,569,850,1107,1888,2017]
[0,499,569,766,850,1015,1107,1888,2017]
[0,499,850,1015,1107,1888,2017]
[0,499,850,1107,1320,2017]
[0,569,1107,2017]
[0,569,850,1015,1107,1649,1888,2017]
[0,517,850,1107,2017]
[0,520,1107,2017]
[0,569,850,1107,1888,2017]
[0,499,850,1015,1107,1320,1649,1888,2017]
[0,569,1107,1649,2017]
[0,789,2017]
[0,569,2017]
[0,499,1107,1649,2017]
[0,569,766,850,1015,1107,1649,1888,2017]
[0,499,569,766,850,1015,1107,1649,1888,2017]
