[0,190,472,653,1326,1535,2017]
[0,472,1326,2017]
[0,108,190,691,877,1326,1937,2017]
[0,409,691,877,1149,1326,1630,1905,2017]
[0,108,691,877,1199,1618,1905,2017]
[0,835,1618,2017]
[0,190,877,1326,2017]
[0,190,691,877,1149,1326,2017]
[0,190,472,2017]
[0,108,190,691,877,1149,1326,1575,1937,2017]
[0,877,1905,2017]
[0,108,190,877,1937,2017]
[0,835,1618,1905,2017]
[0,108,877,1326,1575,1937,2017]
[0,691,877,1326,2017]
[0,877,1326,2017]
[0,691,877,1149,1326,2017]
[0,190,472,653,835,1149,2017]
[0,1149,1905,2017]
[0,877,1199,1618,1905,2017]
[0,108,877,1326,1575,2017]
[0,190,835,2017]
[0,409,877,1618,2017]
[0,877,1149,1326,2017]
[0,877,1326,1630,2017]
[0,190,472,1149,2017]
[0,108,877,1149,1326,1630,1905,2017]
[0,108,190,472,653,1326,1905,2017]
[0,108,835,1618,1905,2017]
[0,190,472,653,1326,1535,1905,2017]
[0,108,190,691,877,1149,2017]
[0,190,472,653,1326,2017]
[0,108,190,472,2017]
[0,108,190,877,1326,1937,2017]
[0,877,1326,1905,2017]
[0,108,190,472,1905,2017]
[0,190,472,653,1149,1535,2017]
[0,409,691,877,1326,1575,2017]
[0,108,835,2017]
[0,190,877,1149,2017]
[0,472,1149,1535,2017]
[0,190,691,877,1149,2017]
[0,691,877,1149,1326,1575,2017]
[0,190,472,653,1149,1535,1905,2017]
[0,877,1326,1575,1937,2017]
[0,409,691,877,1326,1630,2017]
[0,691,877,1149,1326,1630,2017]
[0,190,472,835,1149,2017]
[0,108,190,691,877,1326,1575,1937,2017]
[0,108,190,691,877,1149,1326,1575,2017]
[0,108,190,472,653,1905,2017]
[0,877,1618,2017]
[0,108,409,691,877,1149,1326,1575,1937,2017]
[0,190,691,877,1326,1575,2017]
[0,691,877,1149,2017]
[0,877,1149,1326,1630,2017]
[0,108,190,877,1326,2017]
[0,409,691,877,1149,1326,1575,2017]
[0,409,691,877,1149,1326,1630,2017]
[0,190,472,1905,2017]
[0,1905,2017]
[0,1326,2017]
[0,409,877,1326,1575,2017]
[0,409,877,1326,1630,2017]
[0,190,835,1905,2017]
[0,877,1149,1326,1630,1905,2017]
[0,108,409,691,877,1149,1326,1575,2017]
[0,190,472,653,1326,1905,2017]
[0,835,2017]
[0,691,877,1149,1326,1630,1905,2017]
[0,108,409,691,877,1149,1326,1630,1905,2017]
[0,691,877,1199,2017]
[0,409,877,1326,2017]
[0,108,877,1149,1326,2017]
[0,108,691,877,1149,1326,1630,1905,2017]
[0,190,472,653,835,1149,1535,1905,2017]
[0,472,835,1149,2017]
[0,190,472,1326,1535,2017]
[0,190,877,2017]
[0,472,1326,1535,2017]
[0,190,472,1149,1535,2017]
[0,691,877,1326,1630,2017]
[0,409,691,877,1199,1618,2017]
[0,108,835,1905,2017]
[0,691,877,1199,1618,1905,2017]
[0,877,1199,1905,2017]
[0,190,691,877,1326,2017]
[0,190,472,653,1905,2017]
[0,108,877,1149,1326,1575,2017]
[0,108,190,877,1149,2017]
[0,108,190,472,653,1326,1535,1905,2017]
[0,190,472,653,1149,1905,2017]
[0,691,877,1326,1575,2017]
[0,108,409,691,877,1199,1618,1905,2017]
[0,190,472,653,835,1149,1535,2017]
[0,472,1149,2017]
[0,108,190,877,2017]
[0,190,877,1326,1575,2017]
[0,1149,2017]
[0,877,1199,1618,2017]
[0,190,472,835,1149,1535,2017]
[0,190,691,877,1149,1326,1575,2017]
[0,108,877,1326,1630,1905,2017]
[0,877,1326,1575,2017]
[0,108,691,877,1149,1326,1575,2017]
[0,108,877,1149,1326,1575,1937,2017]
[0,108,190,691,877,1326,1575,2017]
[0,190,472,653,2017]
[0,108,190,691,877,1149,1326,2017]
[0,691,877,1199,1618,2017]
[0,835,1905,2017]
[0,1023,2017]
[0,409,877,1199,1618,2017]
[0,877,1149,2017]
[0,108,877,1326,2017]
[0,108,877,1199,1618,1905,2017]
[0,877,1937,2017]
[0,190,472,653,1149,2017]
[0,877,1149,1326,1575,2017]
[0,472,835,1149,1535,2017]
[0,190,1023,2017]
[0,108,691,877,1149,1326,1575,1937,2017]
[0,190,472,1326,2017]
[0,108,190,691,877,1326,2017]
[0,409,877,2017]
[0,409,691,877,1199,1618,1905,2017]
[0,877,1326,1630,1905,2017]
[0,472,2017]
[0,877,2017]
[0,877,1199,2017]
[0,877,1326,1937,2017]
[0,108,877,1149,2017]
