[0,1056,1427]
[0,935,1427]
[0,655,935,1092,1307,1427]
[0,1058,1427]
[0,655,1058,1307,1427]
[0,1092,1427]
[0,655,1092,1307,1427]
[0,1093,1427]
[0,655,1427]
[0,655,935,1093,1307,1427]
[0,655,935,1093,1427]
[0,655,1093,1307,1427]
[0,1092,1307,1427]
[0,655,910,1058,1307,1427]
[0,655,910,1058,1427]
[0,655,935,1427]
[0,655,1307,1427]
[0,655,935,1092,1427]
[0,655,1100,1427]
[0,1058,1307,1427]
[0,655,1093,1427]
[0,1093,1307,1427]
[0,1100,1427]
[0,655,1092,1427]
[0,1056,1307,1427]
[0,1307,1427]
[0,655,1058,1427]
