[0,277,560,1068,1406,1899,2020]
[0,277,1068,1406,1899,2020]
[0,553,2020]
[0,277,560,1068,1274,2020]
[0,277,560,1068,1406,2020]
[0,277,1274,1410,1545,2020]
[0,560,1068,1274,1410,1545,1910,2020]
[0,1244,2020]
[0,277,553,1244,1410,1551,2020]
[0,277,1018,1068,1274,1410,2020]
[0,560,1068,1274,2020]
[0,560,1068,1274,1410,2020]
[0,277,1244,1410,1551,1910,2020]
[0,553,1247,1410,2020]
[0,560,1068,1406,2020]
[0,277,1244,1410,2020]
[0,277,560,1068,1274,1410,1545,1910,2020]
[0,277,1274,1410,1551,2020]
[0,1247,1410,2020]
[0,119,277,560,1068,1274,1410,1545,2020]
[0,277,553,1244,1410,1557,1910,2020]
[0,277,1068,1410,2020]
[0,1406,2020]
[0,119,277,1244,1410,1551,1910,2020]
[0,560,1274,2020]
[0,277,1018,1274,1410,1910,2020]
[0,560,1406,2020]
[0,277,553,1244,1410,1557,2020]
[0,1244,1410,2020]
[0,277,1244,1410,1910,2020]
[0,277,1018,1068,1274,1410,1551,1910,2020]
[0,1274,2020]
[0,277,1018,1410,2020]
[0,277,560,1068,1274,1410,2020]
[0,277,2020]
[0,1068,1545,2020]
[0,1410,2020]
[0,277,1244,1410,1551,2020]
[0,277,1018,2020]
[0,277,1274,1410,1551,1910,2020]
[0,277,1068,1410,1910,2020]
[0,560,1274,1410,1545,2020]
[0,277,1018,1068,1274,1410,1910,2020]
[0,1018,2020]
[0,277,560,1410,2020]
[0,553,1068,1247,2020]
[0,333,1068,1545,2020]
[0,560,1410,1910,2020]
[0,560,2020]
[0,560,1274,1410,1910,2020]
[0,1068,1410,2020]
[0,333,2020]
[0,277,1068,2020]
[0,333,1153,2020]
[0,1274,1410,2020]
[0,277,1274,1551,2020]
[0,277,1274,1410,2020]
[0,560,1406,1899,2020]
[0,277,1244,2020]
[0,277,1018,1274,1410,1551,1910,2020]
[0,1018,1068,1274,1410,2020]
[0,1274,1551,2020]
[0,277,1018,1068,1274,1410,1545,1910,2020]
[0,1068,2020]
[0,277,1068,1406,2020]
[0,277,560,1410,1910,2020]
[0,119,277,1244,1410,1551,2020]
[0,277,560,1068,1410,2020]
[0,277,553,1244,1410,2020]
[0,277,1274,1410,1910,2020]
[0,277,1274,2020]
[0,277,1018,1274,1410,1545,1910,2020]
[0,119,277,560,1068,1274,1410,1545,1910,2020]
[0,277,560,1406,1899,2020]
[0,277,1018,1274,1410,1545,2020]
[0,560,1899,2020]
[0,560,1910,2020]
[0,560,1068,1410,2020]
[0,553,1068,1247,1410,2020]
[0,119,277,553,1244,1410,1551,2020]
[0,560,1274,1410,2020]
[0,333,1068,2020]
[0,1018,1274,1410,2020]
[0,277,1274,1410,1545,1910,2020]
[0,553,1247,2020]
[0,1153,2020]
[0,560,1068,1274,1410,1545,2020]
[0,277,560,1406,2020]
[0,277,1018,1274,1410,1551,2020]
[0,560,1410,2020]
[0,1247,2020]
[0,277,560,2020]
[0,1068,1406,2020]
[0,119,277,553,1244,1410,1551,1910,2020]
[0,277,1018,1274,1410,2020]
[0,560,1068,1274,1410,1910,2020]
[0,277,553,1244,2020]
[0,277,560,1068,1274,1410,1545,2020]
[0,277,560,1274,2020]
[0,560,1274,1410,1545,1910,2020]
[0,277,560,1068,1410,1910,2020]
[0,277,1244,1410,1557,2020]
[0,1018,1410,2020]
[0,277,1018,1274,1551,2020]
[0,277,560,1068,1274,1410,1910,2020]
[0,277,1244,1410,1557,1910,2020]
[0,553,1068,1247,1410,1910,2020]
