[0,1342,2019,2824]
[0,1369,2066,2824]
[0,999,1342,1611,2067,2419,2591,2824]
[0,1369,2066,2281,2824]
[0,755,1611,2067,2824]
[0,1342,2067,2293,2672,2824]
[0,755,1611,2066,2281,2824]
[0,1342,1611,2281,2824]
[0,2066,2824]
[0,1342,2067,2281,2824]
[0,1342,2067,2824]
[0,755,1611,2066,2281,2672,2824]
[0,999,1369,2067,2824]
[0,1369,2067,2281,2672,2824]
[0,999,1369,2067,2419,2824]
[0,755,2067,2824]
[0,1369,2067,2281,2824]
[0,1342,2067,2281,2591,2824]
[0,1369,1611,2067,2281,2419,2672,2824]
[0,1342,1611,2824]
[0,755,1611,2824]
[0,999,1342,1611,2067,2281,2591,2824]
[0,1342,1611,2067,2281,2419,2591,2824]
[0,1342,1611,2067,2419,2591,2824]
[0,1342,1611,2067,2824]
[0,1342,2067,2591,2824]
[0,1369,2067,2824]
[0,1611,2066,2824]
[0,2019,2824]
[0,999,1342,1611,2067,2281,2419,2591,2824]
[0,1342,2067,2419,2591,2824]
[0,999,1342,1611,2067,2591,2824]
[0,1369,2066,2672,2824]
[0,1369,2066,2281,2672,2824]
[0,1342,1611,2067,2591,2824]
[0,999,1342,1611,2067,2419,2824]
[0,999,1369,1611,2067,2419,2824]
[0,1369,2067,2419,2824]
[0,1611,2066,2281,2824]
[0,999,1342,2067,2824]
[0,1369,2067,2281,2419,2672,2824]
[0,1369,1611,2067,2419,2824]
[0,755,1611,2066,2824]
[0,1611,2066,2281,2672,2824]
[0,1369,2067,2672,2824]
[0,999,1369,1611,2067,2281,2419,2672,2824]
[0,755,2066,2824]
[0,1342,2067,2419,2824]
[0,1342,2067,2672,2824]
[0,2067,2824]
[0,1611,2281,2824]
[0,1611,2591,2824]
[0,1342,1611,2067,2419,2824]
[0,755,1611,2067,2281,2824]
[0,1342,1611,2067,2281,2591,2824]
[0,999,1369,1611,2067,2419,2672,2824]
[0,999,1342,2067,2419,2824]
[0,1369,2824]
[0,1611,2824]
[0,1342,2067,2293,2824]
[0,1611,2067,2824]
[0,1369,2067,2419,2672,2824]
[0,1424,2824]
[0,755,1611,2591,2824]
[0,755,1611,2067,2591,2824]
[0,1369,1611,2067,2419,2672,2824]
[0,999,1342,1611,2067,2824]
[0,1611,2066,2672,2824]
[0,755,1611,2067,2281,2591,2824]
