[0,363,1279,1869,3514,4320,4758]
[0,466,1279,1869,3514,4758]
[0,1279,1869,3514,4320,4758]
[0,4320,4758]
[0,1279,3589,4758]
[0,363,4320,4758]
[0,551,1869,3514,4343,4758]
[0,1279,1869,4343,4758]
[0,224,466,1279,1869,3514,4343,4758]
[0,224,466,3514,4343,4758]
[0,224,466,4343,4758]
[0,3589,4758]
[0,363,3514,4343,4758]
[0,1869,4343,4758]
[0,3514,4758]
[0,466,3514,4343,4758]
[0,1279,1869,3003,3514,4343,4758]
[0,466,4758]
[0,1279,1869,3003,3514,4758]
[0,363,1279,1869,4758]
[0,551,1279,1869,3514,4343,4758]
[0,551,4343,4758]
[0,363,3589,4758]
[0,363,1869,3514,4343,4758]
[0,224,551,4343,4758]
[0,466,3514,4758]
[0,1869,3514,4343,4758]
[0,224,551,1869,3514,4343,4758]
[0,1869,3514,4320,4758]
[0,224,466,4758]
[0,224,1279,1869,4343,4758]
[0,3514,4320,4758]
[0,224,551,1279,1869,3514,4343,4758]
[0,1279,1869,3514,4343,4758]
[0,551,1279,4758]
[0,224,466,1869,3514,4343,4758]
[0,466,1279,1869,4758]
[0,224,551,3514,4343,4758]
[0,363,3514,4320,4758]
[0,363,1279,1869,3514,4343,4758]
[0,551,4758]
[0,551,1279,1869,3514,4758]
[0,466,1279,1869,3514,4343,4758]
[0,1869,3589,4758]
[0,551,1869,3514,4758]
[0,4343,4758]
[0,1279,1869,4758]
[0,363,4343,4758]
[0,1279,1869,3589,4758]
[0,1279,1869,3514,4758]
[0,466,1869,3514,4758]
[0,1279,1869,3003,3514,4022,4343,4758]
[0,363,1279,1869,3589,4758]
[0,1869,4758]
[0,1869,3514,4758]
[0,466,4343,4758]
[0,363,1869,4758]
[0,363,1869,3514,4320,4758]
[0,551,3514,4343,4758]
[0,224,551,4758]
[0,466,1279,4758]
[0,1279,4758]
[0,551,1279,1869,4758]
[0,551,3514,4758]
[0,3514,4343,4758]
[0,466,1869,3514,4343,4758]
[0,363,4758]
