[0,552,951,1327]
[0,208,552,1200,1327]
[0,208,1200,1327]
[0,208,483,552,1098,1327]
[0,208,833,1098,1327]
[0,483,1098,1327]
[0,208,552,833,1200,1327]
[0,208,552,951,1327]
[0,208,470,552,833,951,1098,1327]
[0,208,552,624,833,951,1327]
[0,208,470,552,624,833,1098,1327]
[0,951,1327]
[0,208,552,624,833,951,1098,1327]
[0,208,470,833,951,1098,1327]
[0,208,552,833,951,1327]
[0,208,470,552,833,951,1098,1200,1327]
[0,1098,1327]
[0,208,483,552,624,833,951,1098,1327]
[0,208,552,624,1098,1327]
[0,208,483,552,624,833,951,1098,1200,1327]
[0,208,552,951,1200,1327]
[0,208,552,833,951,1098,1327]
[0,208,833,1327]
[0,483,552,1098,1327]
[0,208,470,833,951,1098,1200,1327]
[0,208,470,552,624,833,951,1098,1200,1249,1327]
[0,208,483,552,624,833,1098,1327]
[0,470,1327]
[0,208,552,833,1327]
[0,208,483,552,624,1098,1327]
[0,208,833,951,1098,1327]
[0,208,552,833,951,1098,1200,1327]
[0,208,552,624,833,951,1200,1327]
[0,208,833,951,1327]
[0,483,1327]
[0,470,1098,1327]
[0,844,1327]
[0,208,1327]
[0,208,951,1327]
[0,208,470,552,833,1098,1327]
[0,552,833,1098,1327]
[0,208,470,552,624,833,951,1098,1327]
[0,208,470,552,624,1098,1327]
[0,470,833,1098,1327]
[0,208,552,624,833,1200,1327]
[0,552,1098,1327]
[0,208,483,552,624,833,951,1098,1200,1249,1327]
[0,208,1098,1327]
[0,208,552,624,1200,1327]
[0,208,552,624,833,1098,1327]
[0,208,552,833,951,1200,1327]
[0,208,552,1327]
[0,208,552,624,833,951,1098,1200,1327]
[0,470,833,1327]
[0,208,470,833,1098,1327]
[0,208,552,1098,1327]
[0,833,1098,1327]
[0,208,552,624,844,1200,1327]
[0,208,833,951,1200,1327]
[0,208,470,552,624,833,951,1098,1200,1327]
[0,208,470,552,1098,1327]
[0,208,552,844,1200,1327]
[0,552,833,1327]
[0,552,844,1327]
[0,552,1327]
[0,208,552,833,1098,1327]
[0,208,552,844,1327]
[0,470,552,1098,1327]
[0,833,1327]
[0,208,833,1200,1327]
