[0,119,301,569,709,845,932,984,1046]
[0,569,620,1046]
[0,119,569,1046]
[0,119,569,620,709,845,932,998,1046]
[0,119,569,709,932,1046]
[0,301,569,1046]
[0,119,301,569,709,845,1046]
[0,119,569,620,845,1046]
[0,119,301,569,620,709,845,932,984,1046]
[0,119,932,1046]
[0,569,1046]
[0,119,569,709,845,984,1046]
[0,119,301,569,620,709,845,984,1046]
[0,119,569,620,709,845,984,1046]
[0,119,932,984,1046]
[0,932,984,1046]
[0,119,569,709,845,932,984,1046]
[0,119,709,1046]
[0,119,569,709,1046]
[0,119,709,845,1046]
[0,119,569,620,709,845,932,984,1046]
[0,119,569,984,1046]
[0,119,569,620,709,845,1046]
[0,119,569,709,845,1046]
[0,709,1046]
[0,119,569,620,709,932,984,1046]
[0,984,1046]
[0,119,1046]
[0,119,301,569,709,845,932,1046]
[0,119,569,845,1046]
[0,119,709,845,984,1046]
[0,119,301,569,620,709,845,1046]
[0,301,569,709,1046]
[0,301,569,709,845,1046]
[0,119,569,620,932,1046]
[0,119,569,620,932,984,1046]
[0,119,569,932,984,1046]
[0,569,709,1046]
[0,709,845,1046]
[0,119,301,569,620,709,845,932,998,1046]
[0,119,569,709,845,932,1046]
[0,119,569,620,709,845,932,1046]
[0,119,569,620,1046]
[0,119,569,709,932,984,1046]
[0,569,709,845,1046]
[0,119,709,932,1046]
[0,119,301,569,620,709,845,932,1046]
[0,119,569,932,1046]
[0,569,845,1046]
[0,119,569,620,709,845,998,1046]
[0,301,1046]
[0,119,301,569,709,845,984,1046]
