[0,408,946,2310,2759]
[0,946,1351,1956,2310,2759]
[0,224,946,1366,1956,2310,2759]
[0,946,1358,1956,2310,2759]
[0,406,1351,2310,2759]
[0,1358,2759]
[0,224,946,1358,1956,2310,2759]
[0,406,946,1351,1956,2310,2759]
[0,946,2759]
[0,1351,2759]
[0,946,1366,2310,2759]
[0,1095,2310,2759]
[0,406,946,1358,1956,2310,2759]
[0,946,1956,2310,2759]
[0,1366,2310,2759]
[0,946,1956,2759]
[0,406,946,1358,2310,2759]
[0,408,946,1366,2310,2759]
[0,946,1351,2310,2759]
[0,946,2310,2759]
[0,1358,2310,2759]
[0,1366,2759]
[0,1095,2759]
[0,408,946,1366,1956,2310,2759]
[0,408,946,1956,2310,2759]
[0,1095,1956,2310,2759]
[0,408,946,2759]
[0,946,1358,2310,2759]
[0,406,1095,2759]
[0,224,946,1956,2310,2759]
[0,1351,2310,2759]
[0,406,1095,1956,2310,2759]
[0,946,1366,1956,2310,2759]
[0,406,1095,2310,2759]
[0,408,946,1956,2759]
[0,406,946,1351,2310,2759]
