[0,1124,2022,2320,2759]
[0,440,1124,1507,2317,2759]
[0,1507,2320,2759]
[0,1124,1877,2759]
[0,440,1507,2759]
[0,1124,2317,2759]
[0,835,2022,2759]
[0,440,1124,1507,2022,2320,2759]
[0,440,1507,2317,2759]
[0,440,1124,2759]
[0,1281,2759]
[0,1281,2223,2759]
[0,440,1507,2320,2759]
[0,440,1124,1566,2317,2759]
[0,440,1124,1507,2320,2759]
[0,1124,1507,2317,2759]
[0,835,2759]
[0,440,1124,1877,2759]
[0,440,2022,2759]
[0,1124,1507,2022,2317,2759]
[0,1124,1507,2320,2759]
[0,1124,2320,2759]
[0,1124,2022,2317,2759]
[0,440,1281,2759]
[0,1124,1507,2022,2320,2759]
[0,440,2759]
[0,1124,1566,2317,2759]
[0,440,1281,2223,2759]
[0,2022,2759]
[0,1507,2759]
[0,440,1124,1507,2022,2317,2759]
[0,1124,2759]
[0,1507,2317,2759]
