[0,1104,3277,3353]
[0,822,1104,1450,3277,3353]
[0,822,1039,1104,1450,2138,2787,3277,3353]
[0,822,1104,1450,2138,3353]
[0,596,1104,3353]
[0,822,1104,1450,2138,3277,3353]
[0,1039,1104,1450,3277,3353]
[0,596,1104,1450,3353]
[0,1104,1450,3277,3353]
[0,1104,1450,2138,3353]
[0,822,1104,1450,2138,2787,3353]
[0,1104,1775,3277,3353]
[0,596,1104,1450,3277,3353]
[0,596,1104,2138,3277,3353]
[0,1104,1450,2138,2787,3353]
[0,822,1104,1450,3353]
[0,822,1039,1104,1450,2138,3277,3353]
[0,1039,3353]
[0,1104,2138,3277,3353]
[0,822,1039,1104,1450,3277,3353]
[0,1039,3277,3353]
[0,1104,1775,3353]
[0,1104,2138,2787,3353]
[0,596,1104,2138,3353]
[0,1104,2138,3353]
[0,822,1104,1450,2138,2787,3277,3353]
[0,1104,3353]
[0,1104,1450,3353]
