[0,67,350,565,1264]
[0,355,710,926,1040,1264]
[0,67,355,710,870,926,1040,1159,1264]
[0,67,200,355,565,710,870,1159,1264]
[0,355,926,1264]
[0,200,355,710,1264]
[0,200,355,710,870,1159,1264]
[0,350,1264]
[0,350,710,1040,1264]
[0,200,355,565,710,870,1159,1264]
[0,710,926,1040,1159,1264]
[0,926,1040,1264]
[0,200,355,565,710,870,1264]
[0,350,710,926,1040,1264]
[0,67,926,1264]
[0,200,350,565,710,926,1264]
[0,67,355,926,1040,1159,1264]
[0,67,350,710,926,1040,1159,1264]
[0,200,710,926,1159,1264]
[0,355,926,1040,1159,1264]
[0,67,200,710,870,926,1264]
[0,200,710,1159,1264]
[0,355,710,1159,1264]
[0,67,200,350,710,1264]
[0,67,200,350,565,710,926,1264]
[0,710,1264]
[0,350,565,926,1264]
[0,355,710,1040,1264]
[0,67,355,710,926,1264]
[0,350,926,1264]
[0,350,565,1264]
[0,67,350,710,926,1264]
[0,67,1264]
[0,67,200,355,710,926,1264]
[0,200,350,710,1264]
[0,67,200,355,710,870,926,1159,1264]
[0,67,200,350,710,926,1264]
[0,67,355,710,870,926,1264]
[0,350,926,1040,1159,1264]
[0,355,565,710,870,1159,1264]
[0,200,355,710,870,1264]
[0,67,355,710,926,1040,1159,1264]
[0,67,200,710,1264]
[0,67,200,355,710,1159,1264]
[0,67,355,710,1264]
[0,350,710,926,1264]
[0,67,200,350,565,710,870,926,1264]
[0,355,565,710,870,1264]
[0,67,350,565,926,1264]
[0,350,926,1040,1264]
[0,350,565,710,926,1264]
[0,67,200,355,710,1264]
[0,67,350,710,1264]
[0,67,926,1040,1159,1264]
[0,67,350,710,870,926,1040,1159,1264]
[0,355,710,1264]
[0,67,565,1264]
[0,67,200,355,565,710,870,926,1159,1264]
[0,67,350,926,1040,1159,1264]
[0,355,565,710,1264]
[0,67,200,710,926,1264]
[0,200,710,926,1264]
[0,355,710,870,1159,1264]
[0,67,200,710,1159,1264]
[0,200,355,710,926,1264]
[0,67,710,1264]
[0,200,926,1264]
[0,355,710,926,1264]
[0,926,1264]
[0,200,710,926,1139,1264]
[0,200,355,710,1159,1264]
[0,565,1264]
[0,710,926,1264]
[0,67,200,355,710,870,926,1264]
[0,355,926,1040,1264]
[0,926,1040,1159,1264]
[0,200,350,565,926,1264]
[0,67,200,350,565,926,1264]
[0,67,200,355,710,870,1159,1264]
[0,710,1159,1264]
[0,710,1040,1264]
[0,200,710,1264]
[0,67,350,710,870,926,1264]
[0,67,200,870,926,1264]
[0,355,710,926,1040,1159,1264]
[0,355,710,870,1264]
[0,350,710,926,1040,1159,1264]
[0,350,710,1264]
[0,710,926,1040,1264]
[0,67,200,926,1264]
[0,67,200,350,710,870,926,1264]
[0,67,355,710,1159,1264]
[0,200,350,710,926,1264]
[0,355,1264]
