[0,347,1046]
[0,121,213,332,382,515,673,855,899,1046]
[0,121,213,332,515,673,855,1046]
[0,121,213,332,382,515,673,1046]
[0,213,332,410,515,673,1046]
[0,121,213,332,515,771,855,1046]
[0,121,213,332,515,673,1046]
[0,213,332,515,673,1046]
[0,107,213,332,515,1046]
[0,213,332,382,515,1046]
[0,515,803,1046]
[0,213,332,410,515,673,855,1046]
[0,213,332,382,515,673,1046]
[0,213,515,673,1046]
[0,213,515,673,855,1046]
[0,213,332,410,515,673,855,899,1046]
[0,213,515,855,1046]
[0,213,332,515,1046]
[0,169,332,515,1046]
[0,121,213,332,382,515,673,855,1046]
[0,169,515,1046]
[0,121,213,332,382,515,771,855,1046]
[0,515,1046]
[0,213,332,410,515,1046]
[0,121,213,332,382,515,1046]
[0,332,410,515,1046]
[0,410,515,1046]
[0,121,213,332,382,515,771,1046]
[0,332,1046]
[0,213,332,382,515,673,855,899,1046]
[0,213,515,771,1046]
[0,169,332,515,803,1046]
[0,213,332,515,673,855,1046]
[0,213,332,515,771,855,1046]
[0,213,332,515,771,1046]
[0,169,515,803,1046]
[0,121,213,332,515,771,1046]
[0,213,332,382,515,673,855,1046]
[0,515,771,1046]
[0,213,515,1046]
[0,121,213,332,515,1046]
[0,213,332,1046]
[0,169,382,1046]
[0,382,1046]
