[0,174,275,644,802,896,1002,1180]
[0,174,447,644,802,896,1180]
[0,174,896,1180]
[0,174,447,802,896,1180]
[0,84,1094,1180]
[0,896,1002,1094,1180]
[0,1002,1094,1180]
[0,174,802,896,1180]
[0,174,275,532,644,802,896,1002,1180]
[0,174,447,802,896,1002,1180]
[0,84,298,644,1094,1180]
[0,174,298,644,896,1002,1094,1180]
[0,644,1180]
[0,84,644,896,1094,1180]
[0,174,275,447,558,896,1180]
[0,174,298,532,644,896,1094,1180]
[0,174,447,644,896,1002,1094,1180]
[0,298,896,1094,1180]
[0,174,298,1002,1180]
[0,174,275,447,532,644,802,896,1002,1094,1180]
[0,174,532,644,896,1002,1180]
[0,84,298,644,896,1180]
[0,174,275,532,644,896,1180]
[0,174,447,532,644,896,1094,1180]
[0,802,896,1002,1180]
[0,174,275,644,896,1002,1094,1180]
[0,174,447,644,896,1094,1180]
[0,84,447,558,805,1094,1180]
[0,174,298,896,1002,1094,1180]
[0,174,644,896,1002,1180]
[0,174,275,532,644,802,896,1002,1094,1180]
[0,174,275,447,558,802,896,1180]
[0,174,298,644,896,1180]
[0,174,447,558,896,1180]
[0,174,298,644,896,1002,1180]
[0,644,802,896,1180]
[0,154,1094,1180]
[0,84,298,1094,1180]
[0,174,298,532,644,896,1180]
[0,84,644,896,1180]
[0,84,447,1094,1180]
[0,174,298,1002,1094,1180]
[0,84,644,802,896,1094,1180]
[0,447,644,896,1180]
[0,174,447,644,802,896,1002,1180]
[0,174,275,532,644,896,1002,1180]
[0,174,447,644,896,1180]
[0,174,275,644,896,1002,1180]
[0,154,1180]
[0,174,447,802,896,1002,1094,1180]
[0,447,558,805,1094,1180]
[0,644,896,1094,1180]
[0,174,275,447,802,896,1180]
[0,174,275,644,896,1094,1180]
[0,174,644,896,1002,1094,1180]
[0,174,447,896,1002,1180]
[0,154,805,1180]
[0,174,802,896,1002,1180]
[0,84,447,558,1094,1180]
[0,644,896,1180]
[0,174,447,644,802,896,1094,1180]
[0,447,1094,1180]
[0,174,275,644,802,896,1002,1094,1180]
[0,84,174,275,447,532,644,802,896,1094,1180]
[0,174,275,447,896,1180]
[0,802,896,1180]
[0,447,896,1094,1180]
[0,479,1180]
[0,174,298,896,1002,1180]
[0,174,896,1002,1180]
[0,802,896,1002,1094,1180]
[0,174,275,644,802,896,1180]
[0,298,644,896,1094,1180]
[0,174,447,644,896,1002,1180]
[0,174,447,532,644,896,1002,1094,1180]
[0,644,896,1002,1094,1180]
[0,174,275,644,802,896,1094,1180]
[0,174,802,896,1002,1094,1180]
[0,84,174,275,447,558,802,896,1094,1180]
[0,298,644,1180]
[0,447,805,1180]
[0,174,275,644,896,1180]
[0,174,447,644,802,896,1002,1094,1180]
[0,174,275,532,644,802,896,1094,1180]
[0,174,447,802,896,1094,1180]
[0,479,896,1180]
[0,644,802,896,1094,1180]
[0,298,1180]
[0,84,298,644,896,1094,1180]
[0,298,644,1094,1180]
[0,896,1002,1180]
[0,174,298,1094,1180]
[0,1002,1180]
[0,174,447,532,644,802,896,1002,1094,1180]
[0,447,558,1094,1180]
[0,174,275,447,802,896,1094,1180]
[0,896,1180]
[0,174,1180]
[0,644,896,1002,1180]
[0,174,275,532,644,802,896,1180]
[0,84,1180]
[0,154,896,1180]
[0,447,558,1180]
[0,298,644,896,1180]
[0,174,298,1180]
[0,174,298,896,1180]
[0,84,298,896,1094,1180]
[0,174,532,644,896,1180]
[0,174,447,896,1180]
[0,1094,1180]
[0,174,644,896,1180]
[0,174,1002,1180]
[0,174,644,896,1094,1180]
[0,447,1180]
[0,174,275,447,532,644,802,896,1094,1180]
[0,298,1094,1180]
[0,154,479,896,1180]
[0,84,298,1180]
[0,447,558,805,1180]
[0,154,805,1094,1180]
[0,174,298,644,896,1094,1180]
[0,174,275,447,558,802,896,1094,1180]
[0,174,447,532,644,802,896,1094,1180]
[0,84,447,896,1094,1180]
[0,644,1094,1180]
[0,298,896,1180]
[0,174,447,1180]
[0,447,896,1180]
[0,805,1180]
