[0,86,531,1095,2017]
[0,531,895,2017]
[0,531,895,1398,2017]
[0,531,704,895,1398,2017]
[0,336,531,992,1398,2017]
[0,531,895,1095,1398,2017]
[0,86,895,1461,2017]
[0,531,870,992,1387,2017]
[0,86,749,983,1484,2017]
[0,531,704,895,1095,1398,2017]
[0,86,704,949,2017]
[0,86,531,2017]
[0,336,531,992,2017]
[0,531,704,949,1398,2017]
[0,749,1484,2017]
[0,86,531,704,895,1398,2017]
[0,336,531,870,992,1398,2017]
[0,86,949,2017]
[0,531,949,1398,2017]
[0,531,704,1095,1398,2017]
[0,86,531,870,992,1387,2017]
[0,336,531,870,992,2017]
[0,714,2017]
[0,531,704,2017]
[0,846,2017]
[0,86,531,704,895,2017]
[0,336,531,704,895,1095,1398,2017]
[0,86,714,968,1760,2017]
[0,336,531,895,1095,1398,2017]
[0,714,968,2017]
[0,749,2017]
[0,531,2017]
[0,949,2017]
[0,1398,2017]
[0,531,1095,2017]
[0,531,992,1387,2017]
[0,531,992,1398,2017]
[0,86,531,1095,1398,2017]
[0,86,531,704,1095,1398,2017]
[0,714,1760,2017]
[0,86,531,704,895,949,1095,1398,2017]
[0,531,1095,1398,2017]
[0,531,704,895,2017]
[0,749,983,1484,2017]
[0,714,968,1760,2017]
[0,531,870,992,1398,2017]
[0,749,983,2017]
[0,86,336,531,704,1095,1398,2017]
[0,86,531,704,949,2017]
[0,895,1461,2017]
[0,86,531,704,949,1398,2017]
[0,704,2017]
[0,86,714,2017]
[0,336,531,1095,1398,2017]
[0,531,949,2017]
[0,949,1398,2017]
[0,86,336,531,870,992,1398,2017]
[0,86,531,870,992,2017]
[0,336,531,704,1095,1398,2017]
[0,531,1398,2017]
[0,336,531,2017]
[0,86,336,531,704,895,949,1095,1398,2017]
[0,531,870,992,2017]
[0,86,531,870,992,1398,2017]
[0,531,704,949,2017]
[0,86,531,704,2017]
[0,704,949,2017]
[0,86,949,1398,2017]
[0,86,531,704,895,1095,1398,2017]
[0,86,336,531,704,895,1095,1398,2017]
[0,895,2017]
[0,1095,2017]
[0,86,714,968,2017]
[0,531,992,2017]
[0,336,531,1095,2017]
[0,86,704,2017]
