[0,106,216,417,458,578,1017,1280,1327]
[0,363,458,1017,1327]
[0,417,1327]
[0,363,417,1327]
[0,417,1017,1327]
[0,363,458,1017,1280,1327]
[0,363,417,1017,1280,1327]
[0,458,578,1017,1280,1327]
[0,106,216,417,616,1017,1327]
[0,458,537,1017,1280,1327]
[0,458,537,1017,1327]
[0,458,1017,1280,1327]
[0,363,417,1017,1327]
[0,216,417,1017,1327]
[0,106,216,417,578,1017,1327]
[0,216,417,616,1017,1327]
[0,216,458,1017,1327]
[0,106,216,417,1017,1327]
[0,130,458,1017,1280,1327]
[0,106,216,363,458,1017,1327]
[0,106,216,417,578,1017,1280,1327]
[0,106,216,363,417,537,1017,1280,1327]
[0,458,1327]
[0,363,458,1327]
[0,458,578,1017,1327]
[0,106,216,363,417,1017,1280,1327]
[0,106,417,1017,1327]
[0,216,417,578,1017,1327]
[0,106,216,363,417,458,537,1017,1280,1327]
[0,106,216,458,1017,1280,1327]
[0,106,363,458,1017,1327]
[0,106,216,417,1017,1280,1327]
[0,106,458,1017,1327]
[0,106,363,458,1017,1280,1327]
[0,106,216,417,537,1017,1327]
[0,106,216,417,458,616,1017,1280,1327]
[0,106,216,417,458,1017,1280,1327]
[0,130,458,1017,1327]
[0,106,216,363,417,458,1017,1280,1327]
[0,106,216,458,537,1017,1327]
[0,130,458,578,1017,1327]
[0,106,216,363,458,1017,1280,1327]
[0,106,216,363,458,537,1017,1327]
[0,106,216,363,417,537,1017,1327]
[0,216,417,537,1017,1327]
[0,106,363,417,1017,1327]
[0,106,216,363,417,1017,1327]
[0,458,1017,1327]
[0,130,458,578,1017,1280,1327]
[0,106,216,417,458,537,1017,1280,1327]
[0,106,216,458,1017,1327]
[0,106,216,417,616,1017,1280,1327]
[0,106,363,417,1017,1280,1327]
[0,106,216,458,537,1017,1280,1327]
[0,106,216,363,458,537,1017,1280,1327]
