[0,44,100,236,406,468,532,767,864,969]
[0,532,969]
[0,44,406,468,969]
[0,44,468,969]
[0,236,468,767,864,969]
[0,100,236,406,468,532,767,864,969]
[0,406,468,532,767,969]
[0,468,532,743,969]
[0,468,969]
[0,743,969]
[0,468,532,767,969]
[0,100,468,767,864,969]
[0,44,529,969]
[0,767,969]
[0,100,468,897,969]
[0,529,969]
[0,100,236,468,532,767,864,969]
[0,468,532,969]
[0,44,468,532,969]
[0,236,468,969]
[0,100,468,767,969]
[0,100,468,969]
[0,44,406,468,532,767,864,969]
[0,406,468,969]
[0,406,468,532,969]
[0,468,743,969]
[0,236,468,767,969]
[0,468,864,969]
[0,468,767,969]
[0,100,468,532,767,864,969]
[0,44,969]
[0,406,468,532,767,864,969]
[0,236,468,532,767,864,969]
[0,468,532,767,864,969]
[0,468,767,864,969]
[0,44,100,406,468,532,767,864,969]
[0,100,406,468,532,767,864,969]
[0,44,406,468,532,969]
[0,100,236,468,767,864,969]
[0,236,406,468,532,767,864,969]
[0,44,406,468,532,767,969]
[0,44,468,532,743,969]
[0,100,236,468,767,969]
