[0,909,1534,1991,2725,3104,3353]
[0,909,1534,2069,2725,3353]
[0,909,1534,2194,2725,3353]
[0,909,1022,1408,1534,2725,3353]
[0,909,1534,2725,3353]
[0,909,1534,1991,2725,3353]
[0,909,1408,1534,2725,3104,3353]
[0,909,1022,1408,1534,1967,2069,2725,3104,3353]
[0,909,1022,1408,1534,2069,2725,3353]
[0,909,1022,1534,1967,2194,2725,3104,3353]
[0,909,1408,1534,1967,2194,3353]
[0,1534,2725,3353]
[0,909,1534,1967,2194,3353]
[0,909,1408,1534,2725,3353]
[0,909,1408,1534,2069,2725,3353]
[0,909,1022,1408,1534,1967,2194,2725,3353]
[0,909,1022,1408,1534,1967,2069,3353]
[0,1408,1534,1967,2069,3353]
[0,909,1022,1408,1534,1967,2194,3353]
[0,1534,1967,2194,3353]
[0,1534,3353]
[0,909,1534,1967,2194,2725,3104,3353]
[0,909,1022,1408,1534,3353]
[0,909,1022,1408,1534,2069,2725,3104,3353]
[0,909,2725,3353]
[0,909,3353]
[0,909,1534,2194,2725,3104,3353]
[0,2194,3353]
[0,909,1022,1408,1534,1967,3353]
[0,1408,1534,1967,2194,3353]
[0,909,1534,3353]
[0,909,1534,1967,3353]
[0,909,1408,1534,1967,3353]
[0,909,1408,1534,3353]
[0,1534,1967,3353]
[0,909,1534,2725,3104,3353]
[0,909,1408,1534,1967,2069,3353]
[0,1408,2725,3353]
[0,909,1408,1534,1967,2194,2725,3353]
[0,1408,3353]
[0,1967,2194,3353]
[0,909,1022,1408,1534,1967,2194,2725,3104,3353]
[0,909,1022,1408,1534,1967,2069,2725,3353]
[0,909,1534,1967,2194,2725,3353]
[0,1408,1534,3353]
[0,909,1534,2069,2725,3104,3353]
[0,909,1022,1408,1534,2725,3104,3353]
[0,909,1408,1534,1967,2194,2725,3104,3353]
[0,909,1408,1534,2069,2725,3104,3353]
[0,1408,1534,1967,3353]
