[0,146,612,662,838,1058,1133,1201,1415,1465]
[0,662,838,1058,1201,1465]
[0,662,925,1465]
[0,662,925,1201,1465]
[0,838,1058,1133,1201,1465]
[0,662,838,1058,1133,1201,1415,1465]
[0,249,662,925,1465]
[0,249,1465]
[0,662,838,1415,1465]
[0,249,662,838,925,1155,1465]
[0,146,662,838,1415,1465]
[0,249,838,1058,1465]
[0,249,662,838,1058,1133,1465]
[0,249,925,1415,1465]
[0,146,662,838,925,1058,1133,1201,1465]
[0,662,838,1058,1465]
[0,925,1201,1465]
[0,249,662,838,1415,1465]
[0,662,838,1201,1465]
[0,146,662,838,1058,1465]
[0,838,1155,1415,1465]
[0,249,925,1465]
[0,249,925,1201,1465]
[0,249,662,838,1155,1465]
[0,146,662,838,925,1155,1415,1465]
[0,612,662,838,1058,1133,1201,1415,1465]
[0,838,1058,1133,1201,1415,1465]
[0,146,662,838,925,1058,1465]
[0,1201,1465]
[0,146,662,838,1058,1133,1201,1415,1465]
[0,146,662,838,925,1058,1133,1465]
[0,146,662,838,1058,1201,1465]
[0,612,1058,1465]
[0,146,612,662,838,925,1058,1133,1201,1415,1465]
[0,249,662,838,1155,1415,1465]
[0,146,662,838,1058,1133,1415,1465]
[0,146,662,838,1133,1201,1415,1465]
[0,838,1133,1201,1415,1465]
[0,249,662,838,925,1058,1133,1415,1465]
[0,146,662,838,1465]
[0,249,662,838,925,1058,1133,1465]
[0,146,662,838,925,1058,1201,1465]
[0,249,1415,1465]
[0,925,1465]
[0,249,838,1465]
[0,662,838,1155,1415,1465]
[0,612,662,838,1133,1201,1415,1465]
[0,612,1465]
[0,1133,1201,1465]
[0,249,838,1155,1465]
[0,249,662,838,925,1058,1465]
[0,662,838,1155,1465]
[0,838,1415,1465]
[0,838,1155,1465]
[0,662,838,1133,1201,1415,1465]
[0,146,662,838,1155,1465]
[0,146,662,838,925,1058,1133,1201,1415,1465]
[0,1415,1465]
[0,838,1058,1465]
[0,662,838,1465]
[0,838,1201,1465]
[0,146,662,838,1201,1465]
[0,838,1133,1201,1465]
[0,249,662,838,1058,1465]
[0,146,662,838,925,1155,1465]
[0,146,662,838,925,1201,1465]
[0,249,662,925,1415,1465]
[0,838,1465]
[0,146,662,838,1058,1415,1465]
[0,838,1058,1201,1465]
[0,662,838,1058,1133,1201,1465]
[0,146,662,838,1155,1415,1465]
[0,249,662,838,1465]
[0,249,662,925,1201,1465]
[0,662,838,1133,1201,1465]
[0,612,662,838,1133,1201,1465]
[0,249,662,838,1058,1415,1465]
[0,249,662,838,925,1155,1415,1465]
[0,146,662,838,1058,1133,1465]
[0,249,662,838,1058,1133,1415,1465]
[0,146,662,838,925,1058,1133,1415,1465]
[0,925,1415,1465]
[0,146,662,838,1133,1201,1465]
[0,146,662,838,1058,1133,1201,1465]
[0,1133,1201,1415,1465]
