[0,696,1179,1343,1745,2017]
[0,696,1179,1343,1670,2017]
[0,696,1179,1427,1745,2017]
[0,770,1179,1427,2017]
[0,1343,1680,2017]
[0,696,1343,1670,2017]
[0,696,2017]
[0,1343,2017]
[0,696,1179,1343,1466,1680,2017]
[0,1179,1343,2017]
[0,696,1427,2017]
[0,1466,1745,2017]
[0,696,1179,1427,2017]
[0,1466,2017]
[0,696,1343,1680,2017]
[0,576,696,1179,1343,1466,1670,2017]
[0,770,1415,1745,2017]
[0,770,1427,2017]
[0,696,1343,2017]
[0,770,2017]
[0,696,1179,1343,1466,1745,2017]
[0,1343,1745,2017]
[0,696,1179,1343,2017]
[0,770,1427,1745,2017]
[0,1343,1670,2017]
[0,696,1179,1343,1680,2017]
[0,696,1466,2017]
[0,696,1466,1745,2017]
[0,1474,2017]
[0,696,1179,1343,1466,1670,2017]
[0,696,1415,2017]
[0,696,1179,1466,2017]
[0,696,1415,1745,2017]
[0,770,1179,1427,1745,2017]
[0,696,1343,1745,2017]
[0,770,1415,2017]
[0,696,1179,1466,1745,2017]
[0,576,696,1179,1343,1466,1680,2017]
[0,696,1427,1745,2017]
