[0,1279,2020,2824]
[0,1342,1716,2067,2824]
[0,1285,2067,2547,2641,2824]
[0,1342,2067,2547,2641,2824]
[0,1004,1342,1716,2067,2641,2824]
[0,1184,1716,2824]
[0,1342,2824]
[0,1716,2591,2824]
[0,1430,2824]
[0,1285,1716,2067,2641,2824]
[0,1716,2824]
[0,1285,2067,2824]
[0,1342,1716,2067,2547,2641,2824]
[0,1342,2067,2824]
[0,1342,1716,2067,2641,2824]
[0,1184,1716,2189,2591,2824]
[0,1285,1716,2067,2824]
[0,1285,1716,2591,2824]
[0,1184,2189,2824]
[0,1004,1285,1716,2067,2824]
[0,1285,1716,2067,2547,2641,2824]
[0,1004,1285,1716,2067,2641,2824]
[0,1184,1716,2189,2824]
[0,1004,1342,1716,2067,2547,2641,2824]
[0,1285,2067,2591,2824]
[0,1285,2189,2591,2824]
[0,1342,2067,2641,2824]
[0,1184,1716,2591,2824]
[0,1285,1716,2824]
[0,1285,1716,2189,2591,2824]
[0,1285,2189,2824]
[0,1285,1716,2189,2824]
[0,1279,2824]
[0,1184,1285,1716,2067,2591,2824]
[0,1184,2824]
[0,1285,2824]
[0,1285,1716,2067,2591,2824]
[0,1285,2067,2641,2824]
[0,1279,2020,2591,2824]
[0,1004,1342,1716,2067,2824]
