[0,369,1171,1548,1911]
[0,333,1271,1495,1911]
[0,333,600,846,1116,1271,1495,1840,1911]
[0,1267,1548,1911]
[0,335,1267,1548,1796,1911]
[0,333,600,1495,1911]
[0,1609,1911]
[0,333,1271,1609,1911]
[0,1271,1495,1911]
[0,1271,1548,1796,1911]
[0,333,600,846,1116,1271,1495,1609,1840,1911]
[0,309,1171,1911]
[0,1271,1609,1911]
[0,333,600,1271,1548,1911]
[0,333,1116,1495,1796,1911]
[0,1494,1911]
[0,333,600,846,1116,1271,1495,1639,1911]
[0,309,1171,1548,1911]
[0,333,600,846,1267,1594,1911]
[0,333,846,1495,1911]
[0,333,600,846,1116,1271,1548,1911]
[0,369,1171,1911]
[0,1116,1495,1796,1911]
[0,333,600,1267,1495,1911]
[0,333,600,846,1267,1495,1911]
[0,333,600,1271,1609,1911]
[0,369,846,1171,1548,1911]
[0,369,1911]
[0,333,600,846,1116,1267,1495,1594,1796,1911]
[0,1271,1911]
[0,333,600,1267,1594,1911]
[0,309,1911]
[0,1548,1911]
[0,846,1911]
[0,333,846,1267,1495,1911]
[0,333,600,846,1116,1267,1495,1911]
[0,333,600,846,1116,1271,1609,1911]
[0,335,1548,1911]
[0,1171,1618,1911]
[0,333,600,1267,1495,1796,1911]
[0,1495,1911]
[0,333,600,846,1267,1495,1796,1911]
[0,333,846,1116,1267,1495,1911]
[0,1594,1911]
[0,333,1271,1495,1840,1911]
[0,1116,1495,1911]
[0,1171,1911]
[0,1171,1548,1796,1911]
[0,335,1267,1548,1911]
[0,333,846,1116,1495,1911]
[0,333,600,846,1116,1271,1548,1796,1911]
[0,333,1548,1911]
[0,1271,1548,1911]
[0,1267,1495,1911]
[0,1796,1911]
[0,1116,1911]
[0,1267,1594,1911]
[0,1116,1796,1911]
[0,1271,1495,1840,1911]
[0,333,1116,1495,1911]
[0,333,600,846,1271,1548,1911]
[0,333,846,1116,1267,1495,1796,1911]
[0,333,1271,1495,1639,1911]
[0,333,1267,1495,1796,1911]
[0,369,1171,1548,1796,1911]
[0,333,1495,1911]
[0,333,600,846,1271,1548,1796,1911]
[0,333,600,1271,1495,1911]
[0,333,600,846,1116,1267,1495,1796,1911]
[0,333,600,846,1271,1495,1911]
[0,333,1267,1495,1911]
[0,333,600,846,1116,1271,1609,1840,1911]
[0,333,600,846,1495,1911]
[0,333,1267,1594,1911]
[0,333,1116,1618,1911]
[0,1267,1911]
[0,1267,1495,1796,1911]
[0,333,1116,1267,1495,1911]
[0,333,1267,1594,1796,1911]
[0,333,1271,1548,1796,1911]
[0,333,600,1267,1594,1796,1911]
[0,333,600,846,1271,1609,1911]
[0,333,600,846,1116,1271,1495,1911]
[0,333,600,1271,1495,1840,1911]
[0,333,1116,1911]
[0,1267,1548,1796,1911]
[0,1171,1548,1911]
[0,333,600,846,1116,1267,1594,1796,1911]
[0,333,600,846,1271,1495,1840,1911]
[0,333,846,1116,1495,1796,1911]
[0,309,1171,1618,1911]
[0,333,600,1271,1548,1796,1911]
[0,333,600,846,1267,1594,1796,1911]
[0,333,600,846,1116,1267,1594,1911]
[0,333,1911]
[0,333,600,846,1116,1271,1495,1639,1840,1911]
[0,369,846,1171,1548,1796,1911]
[0,333,1267,1911]
[0,333,1116,1267,1495,1796,1911]
[0,333,600,1271,1495,1639,1911]
[0,333,1271,1548,1911]
[0,309,1171,1548,1796,1911]
[0,333,600,846,1271,1495,1639,1911]
[0,333,600,846,1116,1271,1495,1609,1911]
[0,333,1271,1911]
[0,1618,1911]
[0,846,1495,1911]
[0,1116,1618,1911]
