[0,347,1046]
[0,275,717,1046]
[0,275,552,1046]
[0,178,339,397,485,717,839,1046]
[0,485,717,1046]
[0,339,485,1046]
[0,347,717,1046]
[0,339,421,1046]
[0,339,397,1046]
[0,178,413,1046]
[0,178,339,413,717,1046]
[0,275,552,717,1046]
[0,397,1046]
[0,178,275,397,717,1046]
[0,339,485,717,1046]
[0,275,397,552,717,1046]
[0,178,339,485,717,839,1046]
[0,339,397,485,717,1046]
[0,178,339,397,485,717,1046]
[0,178,339,397,552,717,1046]
[0,178,339,397,717,839,1046]
[0,275,397,1046]
[0,485,1046]
[0,421,1046]
[0,178,339,485,717,1046]
[0,178,485,717,1046]
[0,178,397,1046]
[0,178,485,1046]
[0,178,421,1046]
[0,178,339,397,552,717,839,1046]
[0,178,413,717,1046]
[0,421,717,1046]
[0,339,397,717,1046]
[0,339,413,717,1046]
[0,178,397,717,839,1046]
[0,178,397,552,717,839,1046]
[0,339,717,1046]
[0,178,339,397,717,1046]
[0,339,421,717,1046]
[0,275,397,717,1046]
[0,339,1046]
[0,275,1046]
[0,178,397,717,1046]
[0,178,1046]
[0,178,275,397,552,717,1046]
[0,178,339,421,717,1046]
[0,178,421,717,1046]
[0,339,413,1046]
[0,413,717,1046]
[0,717,1046]
[0,397,717,1046]
[0,552,1046]
[0,178,397,552,717,1046]
[0,413,1046]
