[0,1283,1871,2060,2527,2641,2824]
[0,791,1283,2149,2527,2641,2824]
[0,791,1283,1407,1871,2060,2527,2824]
[0,679,1283,2149,2824]
[0,1283,2149,2527,2824]
[0,791,1283,1871,2022,2175,2527,2824]
[0,791,1283,2149,2527,2824]
[0,791,1283,1407,1871,2022,2824]
[0,791,1283,1871,2175,2824]
[0,791,1283,2175,2824]
[0,791,1283,2175,2527,2641,2824]
[0,1283,2060,2641,2824]
[0,791,1283,1871,2060,2824]
[0,1283,2060,2527,2641,2824]
[0,1283,2641,2824]
[0,1283,2060,2824]
[0,791,1283,2060,2824]
[0,791,1283,1871,2175,2527,2824]
[0,791,1283,1407,1871,2060,2641,2824]
[0,791,1283,2060,2527,2824]
[0,791,1283,1407,1871,2022,2641,2824]
[0,791,1283,1871,2022,2175,2641,2824]
[0,791,1283,1871,2175,2641,2824]
[0,791,1283,1407,1871,2060,2527,2641,2824]
[0,791,1283,1407,1871,2022,2175,2527,2641,2824]
[0,791,1283,1407,1871,2060,2175,2527,2641,2824]
[0,791,1283,1407,1871,2149,2824]
[0,791,1283,2641,2824]
[0,679,1283,2824]
[0,791,1283,1407,1871,2175,2824]
[0,791,1283,1871,2149,2527,2824]
[0,791,1283,1871,2022,2824]
[0,791,1283,1407,1871,2022,2175,2527,2824]
[0,791,1283,1407,1871,2149,2527,2641,2824]
[0,1283,1871,2060,2824]
[0,1283,2022,2824]
[0,791,1283,2022,2824]
[0,791,1283,1407,1871,2149,2527,2824]
[0,791,1283,1871,2149,2527,2641,2824]
[0,791,1283,2824]
[0,791,1283,1407,1871,2175,2641,2824]
[0,1283,2149,2824]
[0,1283,2527,2641,2824]
[0,791,1283,1407,1871,2060,2175,2527,2824]
[0,679,1283,1871,2149,2824]
[0,791,1283,1407,1871,2175,2527,2824]
[0,1283,1871,2060,2641,2824]
[0,791,1283,1871,2060,2527,2824]
[0,791,1283,1871,2175,2527,2641,2824]
[0,791,1283,1407,1871,2175,2527,2641,2824]
[0,791,1283,1407,1871,2022,2175,2641,2824]
[0,1283,2824]
[0,791,1283,1871,2060,2641,2824]
[0,791,1283,2022,2641,2824]
[0,1283,1871,2022,2824]
[0,1283,2175,2824]
[0,791,1283,1407,1871,2060,2824]
[0,1283,2149,2527,2641,2824]
[0,791,1283,1871,2149,2824]
[0,791,1283,2149,2824]
[0,791,1283,1871,2060,2527,2641,2824]
[0,791,1283,2175,2527,2824]
[0,1283,2175,2527,2641,2824]
[0,791,1283,1871,2022,2641,2824]
[0,1283,2175,2527,2824]
