[0,216,339,444,718,804,1046]
[0,42,216,260,339,441,549,718,869,975,1046]
[0,42,339,444,718,804,1046]
[0,216,339,441,549,718,869,975,1046]
[0,216,260,444,718,1046]
[0,441,718,1046]
[0,339,444,549,718,1046]
[0,216,444,549,718,804,975,1046]
[0,42,441,718,855,975,1046]
[0,42,216,433,549,749,1046]
[0,216,444,718,1046]
[0,216,339,441,549,718,869,1046]
[0,42,433,718,1046]
[0,444,718,1046]
[0,718,869,975,1046]
[0,441,718,855,975,1046]
[0,42,433,718,855,975,1046]
[0,42,1046]
[0,339,444,1046]
[0,339,441,549,718,855,975,1046]
[0,216,339,441,718,855,1046]
[0,549,718,1046]
[0,216,260,339,444,718,1046]
[0,42,216,444,718,1046]
[0,444,1046]
[0,42,441,718,869,1046]
[0,339,441,549,718,855,1046]
[0,439,749,1046]
[0,42,216,260,339,444,718,1046]
[0,216,444,549,718,804,1046]
[0,42,441,718,869,975,1046]
[0,549,718,855,1046]
[0,216,439,1046]
[0,216,260,441,718,869,975,1046]
[0,42,444,718,804,975,1046]
[0,216,260,339,441,549,718,855,975,1046]
[0,855,1046]
[0,216,260,339,444,718,804,975,1046]
[0,42,439,1046]
[0,216,433,549,718,855,975,1046]
[0,216,339,441,718,869,975,1046]
[0,216,441,549,718,855,975,1046]
[0,216,441,718,869,975,1046]
[0,42,441,1046]
[0,42,216,260,339,444,549,718,804,975,1046]
[0,42,339,441,718,855,975,1046]
[0,216,433,549,749,1046]
[0,216,441,549,718,869,1046]
[0,42,216,433,549,718,855,975,1046]
[0,216,441,718,855,1046]
[0,339,444,718,804,1046]
[0,433,718,855,1046]
[0,216,441,718,1046]
[0,216,444,718,804,1046]
[0,42,216,260,441,718,869,975,1046]
[0,433,749,1046]
[0,339,441,718,1046]
[0,216,339,441,549,718,855,1046]
[0,216,260,339,444,549,718,804,975,1046]
[0,42,216,433,749,1046]
[0,339,444,718,804,975,1046]
[0,433,718,855,975,1046]
[0,42,216,260,339,441,549,718,855,975,1046]
[0,216,260,339,441,549,718,869,975,1046]
[0,216,260,441,718,855,975,1046]
[0,855,975,1046]
[0,216,441,549,718,855,1046]
[0,444,718,804,975,1046]
[0,216,433,749,1046]
[0,441,718,855,1046]
[0,718,869,1046]
[0,441,1046]
[0,42,441,718,855,1046]
[0,216,441,718,855,975,1046]
[0,718,804,975,1046]
[0,216,339,441,549,718,855,975,1046]
[0,339,444,549,718,804,1046]
[0,42,339,441,549,718,855,975,1046]
[0,216,441,1046]
[0,42,216,260,339,441,718,869,975,1046]
[0,216,433,718,855,1046]
[0,749,1046]
[0,42,216,260,339,444,718,804,1046]
[0,216,433,718,855,975,1046]
[0,42,216,439,749,1046]
[0,216,444,718,804,975,1046]
[0,975,1046]
[0,260,1046]
[0,718,804,1046]
[0,441,718,869,975,1046]
[0,42,216,260,339,441,718,855,975,1046]
[0,42,216,433,718,855,975,1046]
[0,339,441,718,855,1046]
[0,216,444,549,718,1046]
[0,216,444,1046]
[0,216,433,1046]
[0,42,433,718,855,1046]
[0,433,1046]
[0,42,339,444,718,804,975,1046]
[0,339,549,1046]
[0,339,549,718,1046]
[0,42,444,1046]
[0,42,433,1046]
[0,42,216,260,444,718,1046]
[0,216,433,549,718,855,1046]
[0,444,718,804,1046]
[0,216,433,718,1046]
[0,42,444,718,1046]
[0,339,441,1046]
[0,339,441,718,855,975,1046]
[0,439,1046]
[0,42,441,718,1046]
[0,216,339,444,549,718,804,975,1046]
[0,216,339,444,718,804,975,1046]
[0,216,260,339,441,718,869,975,1046]
[0,216,441,718,869,1046]
[0,339,444,549,718,804,975,1046]
[0,42,216,444,718,804,975,1046]
[0,718,1046]
[0,42,339,444,718,1046]
[0,42,216,444,549,718,1046]
[0,216,260,339,444,718,804,1046]
[0,718,855,1046]
[0,216,1046]
[0,216,339,441,718,855,975,1046]
[0,216,339,441,718,869,1046]
[0,42,433,749,1046]
[0,42,439,749,1046]
[0,339,444,718,1046]
[0,216,718,1046]
[0,42,216,441,718,855,975,1046]
[0,216,339,444,549,718,804,1046]
[0,42,216,260,441,718,855,975,1046]
[0,339,1046]
[0,216,339,444,718,1046]
[0,216,339,444,549,718,1046]
[0,441,718,869,1046]
[0,216,441,549,718,869,975,1046]
[0,42,216,444,549,718,804,975,1046]
[0,42,216,260,339,444,718,804,975,1046]
[0,216,260,339,441,718,855,975,1046]
[0,718,855,975,1046]
[0,42,444,718,804,1046]
[0,869,975,1046]
[0,216,439,749,1046]
[0,869,1046]
[0,42,339,444,549,718,804,975,1046]
[0,339,549,718,855,1046]
[0,42,216,441,718,869,975,1046]
[0,433,718,1046]
