[0,2093,2189]
[0,269,1058,1983,2189]
[0,138,423,537,921,1441,1639,1883,2189]
[0,921,2093,2189]
[0,1441,1639,1883,2189]
[0,1441,1883,2189]
[0,2148,2189]
[0,140,921,1639,1883,2189]
[0,140,1983,2189]
[0,1883,2093,2189]
[0,921,1983,2189]
[0,1441,2189]
[0,138,1441,1883,2189]
[0,537,1441,1883,2189]
[0,138,423,537,921,1441,1639,1883,2093,2189]
[0,921,1441,1639,1883,2189]
[0,423,921,2189]
[0,1058,2189]
[0,138,921,1639,1883,2189]
[0,138,1883,2093,2189]
[0,269,921,2189]
[0,269,921,1983,2189]
[0,140,921,1883,2093,2189]
[0,140,423,537,921,1639,1883,2189]
[0,140,921,2093,2189]
[0,537,1441,1639,1883,2189]
[0,138,537,1441,1639,1883,2093,2189]
[0,140,921,1983,2189]
[0,138,1441,1639,1883,2189]
[0,138,1441,1883,2093,2189]
[0,423,921,1441,1639,1883,2189]
[0,1883,2189]
[0,1058,1983,2189]
[0,423,921,1883,2189]
[0,537,1441,2189]
[0,138,423,921,1441,1639,1883,2189]
[0,921,2189]
[0,140,423,921,1639,1883,2093,2189]
[0,138,1883,2189]
[0,138,921,1441,1639,1883,2189]
[0,140,1883,2093,2189]
[0,140,423,537,921,1639,1883,2093,2189]
[0,138,921,1441,1639,1883,2093,2189]
[0,921,1883,2189]
[0,423,921,1639,1883,2189]
[0,138,1441,1639,1883,2093,2189]
[0,140,1883,2189]
[0,140,921,2189]
[0,138,921,1639,1883,2093,2189]
[0,138,423,537,1441,1639,1883,2189]
[0,138,921,1883,2189]
[0,140,423,921,1639,1883,2189]
[0,140,921,1639,1883,2093,2189]
[0,138,537,1441,1639,1883,2189]
[0,140,921,1883,2189]
[0,269,1058,2189]
[0,138,423,537,1441,1639,1883,2093,2189]
[0,921,1639,1883,2189]
[0,138,921,1883,2093,2189]
[0,1983,2189]
