[0,108,777,875,993,1115,1343]
[0,108,993,1115,1343]
[0,71,222,915,993,1115,1201,1343]
[0,108,222,777,915,993,1115,1343]
[0,108,222,915,993,1115,1343]
[0,993,1145,1343]
[0,105,869,993,1115,1343]
[0,869,993,1343]
[0,108,222,702,777,875,993,1115,1343]
[0,222,915,993,1115,1343]
[0,222,777,993,1115,1343]
[0,869,993,1115,1343]
[0,108,222,777,915,993,1115,1201,1343]
[0,223,869,993,1115,1343]
[0,105,993,1145,1343]
[0,108,915,993,1115,1343]
[0,222,777,993,1343]
[0,108,222,777,993,1115,1343]
[0,105,875,993,1115,1343]
[0,875,993,1115,1343]
[0,71,222,875,993,1115,1343]
[0,131,993,1343]
[0,869,993,1145,1343]
[0,222,915,993,1115,1201,1343]
[0,223,869,993,1145,1343]
[0,105,223,869,993,1115,1343]
[0,222,875,993,1115,1201,1343]
[0,222,993,1115,1201,1343]
[0,71,222,993,1115,1343]
[0,222,993,1115,1343]
[0,993,1343]
[0,108,222,777,993,1115,1201,1343]
[0,105,222,875,993,1115,1216,1343]
[0,223,993,1145,1343]
[0,105,223,869,993,1115,1216,1343]
[0,108,222,915,993,1115,1201,1343]
[0,105,223,875,993,1115,1343]
[0,105,222,875,993,1115,1343]
[0,108,875,993,1115,1343]
[0,108,222,777,875,993,1115,1343]
[0,222,875,993,1115,1343]
[0,105,223,875,993,1115,1216,1343]
[0,223,869,993,1343]
[0,105,993,1115,1343]
[0,105,223,869,993,1145,1343]
[0,108,222,777,875,993,1115,1216,1343]
[0,108,222,702,777,915,993,1115,1201,1343]
[0,105,869,993,1145,1343]
[0,108,222,993,1115,1343]
[0,222,993,1343]
[0,108,993,1343]
[0,108,222,875,993,1115,1216,1343]
[0,71,222,915,993,1115,1343]
[0,223,875,993,1115,1343]
[0,108,222,993,1115,1201,1343]
[0,108,222,702,777,875,993,1115,1216,1343]
[0,71,993,1115,1343]
[0,131,993,1145,1343]
[0,993,1115,1343]
[0,223,993,1343]
[0,108,222,875,993,1115,1343]
[0,105,993,1343]
[0,108,222,702,777,915,993,1115,1343]
[0,71,993,1343]
[0,71,222,875,993,1115,1201,1343]
[0,223,993,1115,1343]
