[0,42,433,1046]
[0,42,869,983,1046]
[0,207,433,509,611,869,1046]
[0,207,433,611,748,869,1046]
[0,869,983,1046]
[0,207,433,611,869,1046]
[0,42,207,433,509,611,748,869,983,1046]
[0,207,433,869,983,1046]
[0,433,869,983,1046]
[0,207,433,509,611,869,983,1046]
[0,207,433,869,1046]
[0,207,869,1046]
[0,433,869,1046]
[0,207,433,611,1046]
[0,207,1046]
[0,207,869,983,1046]
[0,42,207,433,611,869,983,1046]
[0,42,433,869,983,1046]
[0,42,207,433,869,983,1046]
[0,207,433,983,1046]
[0,42,1046]
[0,207,433,1046]
[0,207,983,1046]
[0,42,207,433,1046]
[0,207,433,611,869,983,1046]
[0,42,207,433,509,611,869,983,1046]
[0,207,433,509,611,748,869,983,1046]
[0,42,207,433,983,1046]
[0,207,433,509,611,748,869,1046]
[0,869,1046]
[0,433,1046]
