[0,298,622,1105,2272,2726,2812]
[0,1105,2711,2812]
[0,49,1789,2636,2812]
[0,621,1105,2636,2812]
[0,1111,2812]
[0,1789,2636,2812]
[0,2711,2812]
[0,546,1111,2683,2812]
[0,298,621,1105,2272,2636,2726,2812]
[0,1105,2636,2812]
[0,2636,2812]
[0,621,1105,2272,2726,2812]
[0,622,1105,2272,2812]
[0,1111,2683,2812]
[0,49,298,621,1105,1367,2272,2636,2812]
[0,621,1105,2726,2812]
[0,546,1111,2812]
[0,298,622,1105,1359,2272,2636,2812]
[0,451,1105,1789,2812]
[0,298,621,1105,1367,2272,2636,2812]
[0,298,621,1105,2272,2636,2812]
[0,1105,2726,2812]
[0,621,2636,2812]
[0,49,298,621,1105,2272,2636,2726,2812]
[0,622,2272,2812]
[0,451,1105,1789,2711,2812]
[0,298,622,1105,2272,2812]
[0,621,2812]
[0,49,1105,2636,2812]
[0,1105,2812]
[0,622,1105,2272,2711,2812]
[0,298,621,1105,1367,2272,2812]
[0,451,1789,2812]
[0,622,1105,2272,2636,2812]
[0,622,1105,2272,2636,2726,2812]
[0,1789,2812]
[0,298,622,1105,1359,2272,2636,2726,2812]
[0,298,622,1105,2272,2636,2812]
[0,49,621,1105,2272,2636,2812]
[0,49,298,621,1105,1367,2272,2636,2726,2812]
[0,621,1105,2272,2636,2726,2812]
[0,1789,2711,2812]
[0,49,622,1105,2272,2726,2812]
[0,622,2636,2812]
[0,298,621,1105,1367,2272,2636,2726,2812]
[0,621,1105,2272,2636,2812]
[0,622,2812]
[0,49,298,622,1105,2272,2636,2726,2812]
[0,298,621,1105,2272,2812]
[0,49,621,1105,2272,2726,2812]
[0,2726,2812]
[0,622,1105,1928,2711,2812]
[0,621,1105,2272,2812]
[0,622,1105,1928,2812]
[0,451,1789,2711,2812]
[0,49,621,1105,2272,2636,2726,2812]
[0,298,621,1105,2272,2726,2812]
[0,2272,2812]
[0,49,622,1105,2272,2636,2726,2812]
[0,49,2636,2812]
[0,622,1105,2812]
[0,49,298,621,1105,2272,2636,2812]
[0,49,621,1105,2636,2812]
[0,298,622,1105,2272,2636,2726,2812]
[0,621,2272,2812]
[0,622,1105,2711,2812]
[0,622,1928,2812]
[0,298,622,1105,1359,2272,2812]
[0,2683,2812]
[0,1928,2812]
[0,622,1105,2636,2812]
[0,622,1105,2726,2812]
[0,49,622,1105,2272,2711,2812]
[0,49,298,622,1105,1359,2272,2636,2726,2812]
[0,622,1105,2272,2726,2812]
[0,621,1105,2812]
[0,1105,1789,2812]
