[0,1121,1377,2812]
[0,1121,1795,2812]
[0,197,518,1121,2812]
[0,197,730,1121,1306,1817,2812]
[0,1377,2812]
[0,185,1121,1817,2640,2812]
[0,197,286,730,1121,1227,2728,2812]
[0,185,1121,1817,2082,2640,2812]
[0,185,730,1121,1176,1817,2082,2640,2812]
[0,197,1121,1377,2812]
[0,185,1121,1817,2812]
[0,518,730,1121,2812]
[0,197,1121,2728,2812]
[0,197,286,730,1121,1173,1377,2812]
[0,1121,1817,2082,2812]
[0,197,518,1121,1817,1876,2812]
[0,1121,1817,2812]
[0,1121,2640,2812]
[0,197,286,730,1121,1377,2728,2812]
[0,197,730,1121,1227,2728,2812]
[0,1795,2812]
[0,163,1795,1876,2812]
[0,1817,2812]
[0,197,730,1121,1817,2812]
[0,197,730,1121,1173,1377,2812]
[0,185,730,1121,1817,2812]
[0,1227,2812]
[0,197,730,1121,1227,2812]
[0,163,518,730,1121,1795,2640,2812]
[0,163,730,1121,1795,1876,2812]
[0,1121,2812]
[0,163,518,730,1121,1795,2812]
[0,163,518,730,1121,2640,2812]
[0,730,1121,1306,1817,2082,2640,2812]
[0,197,730,1121,1306,1817,2082,2812]
[0,730,1121,1795,2640,2812]
[0,163,730,1121,1817,2082,2640,2812]
[0,197,730,1121,1306,1817,2082,2640,2812]
[0,163,518,730,1121,1795,1876,2812]
[0,197,1121,1817,2082,2812]
[0,197,1817,2812]
[0,163,518,730,1121,2812]
[0,197,1227,2812]
[0,197,1121,1227,2728,2812]
[0,163,1121,1795,2812]
[0,185,1121,2812]
[0,265,1306,2812]
[0,197,518,730,1121,1817,1876,2812]
[0,185,1121,1176,1817,2640,2812]
[0,185,1121,1817,2082,2812]
[0,730,1121,2812]
[0,197,1121,1817,2082,2640,2812]
[0,1817,1876,2812]
[0,197,1121,1306,1817,2082,2812]
[0,197,1121,1173,2812]
[0,185,730,1121,1817,2082,2812]
[0,518,730,1121,1795,2812]
[0,518,730,1121,1817,2812]
[0,730,1121,1817,2082,2812]
[0,197,1121,1817,2812]
[0,197,1121,1817,2640,2812]
[0,518,730,1121,1795,2640,2812]
[0,518,1121,2812]
[0,197,1121,1817,1876,2812]
[0,185,1121,1176,1817,2082,2640,2812]
[0,185,730,1121,1817,2082,2640,2812]
[0,518,730,1121,2640,2812]
[0,163,730,1121,1817,2640,2812]
[0,197,1121,2640,2812]
[0,197,1121,1306,1817,2812]
[0,197,730,1121,1377,2812]
[0,197,1121,1227,2812]
[0,197,286,730,1121,1173,1377,2728,2812]
[0,185,286,730,1121,1176,1817,2082,2640,2812]
[0,185,1121,2640,2812]
[0,163,518,730,1121,1795,1876,2640,2812]
[0,1306,2812]
[0,163,730,1121,1306,1817,2082,2640,2812]
[0,185,1121,1176,2640,2812]
[0,730,1121,1377,2812]
[0,163,730,1121,2812]
[0,185,286,730,1121,1817,2082,2640,2812]
[0,730,1121,1817,2640,2812]
[0,197,286,730,1121,1377,2812]
[0,163,730,1121,1795,2812]
[0,163,730,1121,2640,2812]
[0,163,1121,1795,1876,2812]
[0,197,286,730,1121,2728,2812]
[0,197,286,730,1121,1227,2812]
[0,163,1795,2812]
[0,730,1121,1795,2812]
[0,730,1121,1817,2812]
[0,730,1121,2640,2812]
[0,197,518,1121,1817,2812]
[0,730,1121,1817,2082,2640,2812]
[0,197,1121,2812]
[0,163,1121,2812]
[0,197,730,1121,1817,2082,2812]
[0,518,1121,1817,2812]
[0,197,730,1121,2812]
[0,197,286,730,1121,2812]
[0,197,518,730,1121,2812]
[0,730,1121,1306,1817,2812]
[0,163,1121,2640,2812]
[0,197,1817,1876,2812]
[0,1795,1876,2812]
[0,197,518,730,1121,1817,2812]
[0,197,1121,1306,1817,2082,2640,2812]
[0,730,1121,1306,1817,2082,2812]
[0,197,1121,1173,1377,2812]
