[0,131,462,634,985,1053,1180]
[0,126,254,462,634,805,852,985,1053,1180]
[0,126,462,634,805,852,985,1053,1180]
[0,354,985,1053,1180]
[0,131,254,354,634,985,1053,1180]
[0,131,254,354,523,634,985,1053,1180]
[0,131,254,354,634,1053,1180]
[0,126,254,462,634,985,1053,1180]
[0,131,254,354,523,634,1180]
[0,126,254,523,634,1180]
[0,131,852,1180]
[0,462,634,852,1180]
[0,131,523,634,1053,1180]
[0,254,462,634,852,1053,1180]
[0,126,523,634,985,1053,1180]
[0,131,354,523,634,852,985,1053,1180]
[0,254,1180]
[0,1053,1180]
[0,354,852,1180]
[0,126,254,462,634,1053,1180]
[0,131,354,634,985,1053,1180]
[0,131,354,1180]
[0,126,254,354,462,634,805,852,985,1053,1180]
[0,126,254,354,523,634,805,852,985,1053,1180]
[0,126,1180]
[0,131,523,1180]
[0,126,354,634,1180]
[0,126,254,523,634,1053,1180]
[0,254,523,1053,1180]
[0,126,523,634,1053,1180]
[0,126,254,354,634,1053,1180]
[0,354,634,805,852,985,1053,1180]
[0,852,1180]
[0,131,354,523,634,1180]
[0,126,462,634,1053,1180]
[0,354,1180]
[0,126,634,1180]
[0,131,254,354,462,634,852,1053,1180]
[0,131,354,523,634,1053,1180]
[0,126,254,523,1053,1180]
[0,354,634,852,1180]
[0,126,254,354,634,852,985,1053,1180]
[0,254,462,634,1053,1180]
[0,131,254,354,634,852,1053,1180]
[0,131,354,634,1180]
[0,131,254,354,523,634,852,1053,1180]
[0,126,254,354,523,634,1053,1180]
[0,126,354,634,852,985,1053,1180]
[0,131,462,1053,1180]
[0,254,523,852,1053,1180]
[0,126,254,354,462,634,1053,1180]
[0,131,462,634,805,852,985,1053,1180]
[0,126,254,462,634,852,985,1053,1180]
[0,131,254,462,634,1053,1180]
[0,131,254,354,523,634,852,985,1053,1180]
[0,254,462,852,1180]
[0,131,462,634,1180]
[0,131,254,354,634,852,985,1053,1180]
[0,131,254,462,634,852,1053,1180]
[0,131,523,852,1053,1180]
[0,523,852,1053,1180]
[0,126,254,354,634,985,1053,1180]
[0,126,354,634,1053,1180]
[0,523,852,1180]
[0,131,523,852,1180]
[0,131,354,634,852,1053,1180]
[0,462,852,1180]
[0,131,462,634,852,985,1053,1180]
[0,126,254,354,634,1180]
[0,354,805,852,985,1053,1180]
[0,131,1053,1180]
[0,126,354,523,634,1053,1180]
[0,126,254,354,462,634,852,1053,1180]
[0,254,523,1180]
[0,131,254,462,634,805,852,985,1053,1180]
[0,131,254,354,523,634,1053,1180]
[0,131,254,354,523,634,805,852,985,1053,1180]
[0,126,523,634,1180]
[0,131,1180]
[0,131,634,1180]
[0,131,354,634,852,1180]
[0,131,254,354,462,634,1053,1180]
[0,254,462,634,852,1180]
[0,131,462,1180]
[0,354,852,1053,1180]
[0,131,354,852,1053,1180]
[0,131,523,634,852,985,1053,1180]
[0,254,462,634,1180]
[0,126,254,354,523,634,852,1053,1180]
[0,462,634,805,852,985,1053,1180]
[0,126,254,354,462,634,852,985,1053,1180]
[0,254,634,1180]
[0,126,254,634,1180]
[0,126,354,634,852,1053,1180]
[0,354,852,985,1053,1180]
[0,126,254,354,523,634,985,1053,1180]
[0,126,354,634,805,852,985,1053,1180]
[0,131,523,634,1180]
[0,131,462,634,852,1180]
[0,126,462,634,852,985,1053,1180]
[0,126,523,634,852,985,1053,1180]
[0,126,523,634,852,1053,1180]
[0,131,354,523,634,852,1053,1180]
[0,462,634,1053,1180]
[0,523,634,985,1053,1180]
[0,126,354,634,985,1053,1180]
[0,126,634,1053,1180]
[0,131,354,634,805,852,985,1053,1180]
[0,354,634,852,985,1053,1180]
[0,254,523,852,1180]
[0,126,523,1053,1180]
[0,131,254,354,462,634,852,985,1053,1180]
[0,126,254,523,852,1053,1180]
[0,126,523,852,1053,1180]
[0,126,254,354,523,634,852,985,1053,1180]
[0,126,462,634,985,1053,1180]
[0,131,354,852,1180]
[0,131,523,634,852,1053,1180]
[0,131,354,634,852,985,1053,1180]
[0,462,634,985,1053,1180]
[0,523,1180]
[0,985,1053,1180]
[0,126,254,354,634,805,852,985,1053,1180]
[0,131,462,634,1053,1180]
[0,131,254,354,462,634,805,852,985,1053,1180]
[0,523,634,1053,1180]
[0,354,634,852,1053,1180]
[0,131,634,1053,1180]
[0,634,1053,1180]
[0,131,254,354,634,1180]
[0,126,1053,1180]
[0,523,1053,1180]
[0,131,523,634,985,1053,1180]
[0,131,523,1053,1180]
[0,131,254,462,634,852,985,1053,1180]
[0,354,634,1180]
[0,126,254,354,523,634,1180]
[0,462,634,852,985,1053,1180]
[0,131,354,1053,1180]
[0,131,254,354,634,805,852,985,1053,1180]
[0,634,1180]
[0,126,462,634,852,1053,1180]
[0,354,634,1053,1180]
[0,126,254,523,634,852,1053,1180]
[0,523,634,1180]
[0,126,254,354,634,852,1053,1180]
[0,354,634,985,1053,1180]
[0,131,462,634,852,1053,1180]
[0,462,1180]
[0,462,634,852,1053,1180]
[0,462,634,1180]
[0,126,462,634,1180]
[0,354,1053,1180]
[0,126,254,462,634,852,1053,1180]
[0,131,354,634,1053,1180]
