[0,76,323,564,930,1004,1343]
[0,870,1343]
[0,76,564,920,1018,1343]
[0,564,1343]
[0,1008,1112,1343]
[0,637,920,1018,1343]
[0,76,227,564,1004,1343]
[0,96,920,1018,1343]
[0,323,1004,1343]
[0,664,1008,1112,1343]
[0,76,637,748,1004,1112,1343]
[0,748,1008,1343]
[0,227,564,1018,1343]
[0,76,637,748,1004,1343]
[0,664,748,920,1008,1112,1343]
[0,637,748,1004,1112,1343]
[0,227,564,930,1343]
[0,96,564,748,920,1018,1343]
[0,227,564,748,1018,1343]
[0,664,748,1008,1112,1343]
[0,564,1018,1343]
[0,96,227,564,748,920,1018,1343]
[0,920,1018,1343]
[0,96,564,748,1018,1343]
[0,564,920,1018,1343]
[0,664,1343]
[0,637,748,1004,1343]
[0,930,1343]
[0,96,227,564,664,748,920,1018,1343]
[0,227,564,1004,1343]
[0,564,664,748,920,1008,1112,1343]
[0,96,564,664,748,920,1018,1343]
[0,227,930,1343]
[0,564,748,1008,1112,1343]
[0,96,564,920,1018,1343]
[0,76,930,1343]
[0,76,564,748,920,1008,1112,1343]
[0,109,1343]
[0,76,227,564,930,1343]
[0,637,1343]
[0,637,1018,1343]
[0,227,1004,1343]
[0,748,1004,1343]
[0,748,1008,1112,1343]
[0,1004,1343]
[0,1008,1343]
[0,323,564,1004,1343]
[0,564,748,920,1008,1112,1343]
[0,76,1004,1343]
[0,76,564,1343]
[0,564,748,920,1018,1343]
[0,96,564,664,748,1018,1343]
[0,76,564,1004,1343]
[0,76,564,664,748,920,1008,1112,1343]
[0,76,920,1018,1343]
[0,944,1343]
[0,76,323,564,1004,1343]
[0,564,748,1018,1343]
[0,109,870,1343]
[0,564,930,1343]
[0,664,920,1008,1112,1343]
[0,96,637,920,1018,1343]
[0,920,1008,1112,1343]
[0,227,1018,1343]
[0,748,1018,1343]
[0,564,1004,1343]
[0,76,564,748,1008,1112,1343]
[0,76,564,930,1004,1343]
[0,76,227,564,930,1004,1343]
[0,1018,1343]
[0,664,1008,1343]
[0,96,944,1343]
[0,227,564,748,920,1018,1343]
[0,76,564,930,1343]
[0,109,944,1343]
[0,564,748,1008,1343]
[0,76,1018,1343]
