[0,348,606,877,1141,1709,1924,2120]
[0,348,877,1141,1709,2120]
[0,348,533,606,877,1141,1280,1625,1924,2120]
[0,348,877,1141,1625,2120]
[0,348,606,1280,1625,2120]
[0,348,606,877,1141,1280,1924,2120]
[0,348,1280,2120]
[0,348,533,606,1141,1280,1924,2120]
[0,348,1141,2120]
[0,1141,2120]
[0,348,606,2120]
[0,1625,2120]
[0,348,533,606,1141,1280,2120]
[0,348,533,606,1141,1280,1625,1924,2120]
[0,401,2120]
[0,348,533,606,877,1141,1280,1709,1924,2120]
[0,348,606,1141,1280,2120]
[0,348,606,877,1141,1625,1924,2120]
[0,348,1280,1625,2120]
[0,348,606,1141,1280,1924,2120]
[0,348,2120]
[0,877,1625,2120]
[0,348,533,606,877,1141,1280,1924,2120]
[0,348,606,877,1141,2120]
[0,348,401,533,606,877,1141,1280,1625,1924,2120]
[0,348,606,1141,1924,2120]
[0,348,606,877,1141,1625,2120]
[0,348,533,606,1280,2120]
[0,348,570,2120]
[0,401,1141,1924,2120]
[0,348,401,533,606,2120]
[0,348,606,877,1141,1924,2120]
[0,348,401,533,606,1141,1280,1924,2120]
[0,401,1280,2120]
[0,348,401,533,606,1280,2120]
[0,1280,2120]
[0,348,877,1709,2120]
[0,877,2120]
[0,401,1141,2120]
[0,348,606,1924,2120]
[0,348,606,1141,1280,1625,1924,2120]
[0,348,877,2120]
[0,348,877,1141,2120]
[0,348,877,1625,2120]
[0,348,401,533,606,1141,1280,1625,1924,2120]
[0,877,1709,2120]
[0,348,1625,2120]
[0,348,533,606,2120]
[0,348,588,2120]
[0,348,606,877,1141,1280,1625,1924,2120]
[0,348,606,877,1141,1709,2120]
[0,348,606,1625,1924,2120]
[0,348,606,877,1141,1280,1709,1924,2120]
[0,348,606,1280,1625,1924,2120]
[0,348,606,1280,2120]
[0,348,401,533,606,1141,1280,2120]
[0,348,606,877,2120]
[0,348,401,533,606,877,1141,1280,1924,2120]
[0,348,606,1141,2120]
[0,348,606,1625,2120]
[0,348,401,533,606,877,1141,1280,1709,1924,2120]
