[0,349,951,1741,2956]
[0,951,2571,2956]
[0,2277,2956]
[0,349,600,951,2277,2571,2956]
[0,2640,2956]
[0,349,600,2956]
[0,349,600,951,2277,2571,2865,2956]
[0,349,600,951,1741,2060,2277,2571,2833,2956]
[0,349,951,1741,2060,2640,2956]
[0,349,600,951,2833,2956]
[0,349,600,951,1741,2060,2277,2640,2865,2956]
[0,349,600,951,2571,2956]
[0,349,600,951,1741,2060,2277,2571,2956]
[0,951,1741,2571,2956]
[0,349,600,951,1741,2060,2956]
[0,349,600,951,2956]
[0,349,600,951,1741,2277,2571,2956]
[0,1213,2956]
[0,349,1213,1900,2956]
[0,951,2277,2956]
[0,951,2956]
[0,349,600,951,1741,2277,2571,2865,2956]
[0,1226,2956]
[0,349,1213,1900,2496,2956]
[0,349,951,2277,2956]
[0,491,2956]
[0,349,600,951,1741,2060,2865,2956]
[0,349,600,951,1741,2956]
[0,349,600,951,2277,2571,2833,2956]
[0,349,951,1741,2571,2956]
[0,349,600,1213,2956]
[0,349,600,951,2571,2865,2956]
[0,349,600,951,2571,2833,2956]
[0,349,600,951,1741,2060,2277,2956]
[0,349,600,951,1741,2865,2956]
[0,349,951,2956]
[0,349,600,951,2865,2956]
[0,349,951,1741,2277,2571,2956]
[0,349,600,951,1741,2060,2277,2865,2956]
[0,349,600,951,1741,2060,2277,2571,2865,2956]
[0,349,1213,2956]
[0,349,600,951,1741,2060,2640,2956]
[0,349,951,1741,2060,2956]
[0,1213,1900,2496,2956]
[0,1213,1900,2956]
[0,349,951,2277,2571,2956]
[0,349,600,951,2277,2956]
[0,491,2277,2956]
[0,600,2956]
[0,349,951,2571,2956]
[0,349,600,951,1741,2060,2277,2640,2956]
[0,349,600,951,1741,2277,2571,2833,2956]
[0,951,1741,2956]
