[0,205,427,593,911,1197]
[0,427,593,911,1197]
[0,427,521,1197]
[0,427,510,1197]
[0,205,427,593,1197]
[0,205,427,593,697,1197]
[0,205,427,593,787,1197]
[0,205,339,510,787,1197]
[0,205,339,427,593,697,911,1197]
[0,427,593,697,911,1197]
[0,427,593,697,1197]
[0,205,427,593,697,911,1197]
[0,205,344,427,593,787,911,1197]
[0,427,510,787,911,1146,1197]
[0,427,521,697,1197]
[0,427,593,1197]
[0,205,344,427,521,787,911,1146,1197]
[0,205,339,427,593,697,1146,1197]
[0,427,593,697,1146,1197]
[0,510,1197]
[0,205,344,427,593,697,911,1197]
[0,427,593,787,1146,1197]
[0,205,344,427,521,593,697,911,1197]
[0,205,427,510,787,911,1197]
[0,427,521,787,1197]
[0,205,344,427,521,593,697,787,911,1197]
[0,510,787,1197]
[0,205,427,911,1197]
[0,205,427,787,911,1197]
[0,205,344,427,593,697,1146,1197]
[0,205,344,427,521,593,697,911,1146,1197]
[0,205,344,427,521,593,787,911,1146,1197]
[0,205,339,427,510,787,911,1146,1197]
[0,205,339,427,521,1197]
[0,205,427,697,911,1197]
[0,205,339,427,510,593,787,911,1146,1197]
[0,205,427,697,1197]
[0,205,427,521,697,911,1197]
[0,205,427,521,787,911,1197]
[0,205,427,593,697,787,911,1197]
[0,205,339,427,593,697,787,911,1197]
[0,205,344,427,521,593,697,1197]
[0,205,344,427,521,593,697,787,911,1146,1197]
[0,205,427,521,697,1146,1197]
[0,205,339,427,593,787,911,1197]
[0,427,787,911,1197]
[0,427,697,1197]
[0,339,510,787,1197]
[0,427,521,697,911,1197]
[0,205,339,427,593,697,1197]
[0,427,593,787,911,1197]
[0,427,510,787,1197]
[0,205,427,593,787,911,1197]
[0,205,339,427,521,697,1197]
[0,427,1197]
[0,205,339,427,521,697,1146,1197]
[0,427,787,1197]
[0,205,339,427,510,593,787,911,1197]
[0,427,593,787,1197]
[0,427,521,697,1146,1197]
[0,427,521,1146,1197]
[0,205,339,427,510,593,697,787,911,1146,1197]
[0,427,510,787,911,1197]
[0,339,510,1197]
[0,205,339,427,510,593,697,787,911,1197]
[0,205,427,593,697,1146,1197]
[0,205,339,427,510,593,697,1197]
[0,205,344,427,521,593,787,911,1197]
[0,205,427,521,697,1197]
[0,339,510,787,911,1197]
[0,205,344,427,593,697,1197]
[0,205,344,427,521,593,697,1146,1197]
[0,427,521,787,911,1197]
[0,205,339,510,1197]
[0,205,427,510,787,911,1146,1197]
[0,427,697,911,1197]
[0,205,339,427,510,593,697,911,1197]
[0,205,339,510,787,911,1197]
[0,205,344,427,521,787,911,1197]
[0,205,339,427,510,787,911,1197]
[0,205,427,1197]
[0,205,427,521,1197]
[0,205,427,787,1197]
[0,205,339,427,521,697,911,1197]
[0,205,339,427,510,593,697,1146,1197]
[0,205,339,427,521,697,911,1146,1197]
[0,205,344,427,593,697,787,911,1197]
[0,427,911,1197]
[0,205,339,427,510,593,697,911,1146,1197]
