[0,256,374,798,1081,1180]
[0,213,748,1180]
[0,256,518,646,798,1180]
[0,213,1180]
[0,213,374,1180]
[0,213,374,1081,1180]
[0,256,374,518,798,1180]
[0,256,1081,1180]
[0,256,374,518,646,798,1081,1180]
[0,71,1081,1180]
[0,256,518,669,1180]
[0,256,798,1081,1180]
[0,256,374,1180]
[0,213,374,748,1081,1180]
[0,798,1180]
[0,569,798,1180]
[0,71,256,374,518,798,1081,1180]
[0,66,256,374,518,646,798,1012,1081,1180]
[0,256,747,798,1180]
[0,71,256,798,1081,1180]
[0,66,256,374,518,646,798,1081,1180]
[0,66,256,374,747,798,1180]
[0,66,256,374,747,798,1081,1180]
[0,66,798,1180]
[0,256,1180]
[0,839,1180]
[0,798,1081,1180]
[0,71,1180]
[0,66,256,374,798,1180]
[0,71,256,1081,1180]
[0,326,1180]
[0,66,256,374,518,646,747,798,1180]
[0,256,518,669,798,1180]
[0,256,374,747,798,1180]
[0,256,798,1180]
[0,66,256,374,518,747,798,1180]
[0,66,1180]
[0,518,798,1180]
[0,66,256,374,518,646,798,1180]
[0,66,256,374,798,1012,1081,1180]
[0,66,256,374,518,669,798,1180]
[0,66,256,374,518,798,1012,1081,1180]
[0,66,256,374,646,798,1180]
[0,256,518,798,1081,1180]
[0,71,256,374,518,669,798,1180]
[0,256,374,518,646,798,1180]
[0,256,374,518,798,1012,1081,1180]
[0,569,798,1081,1180]
[0,256,707,1180]
[0,66,256,374,747,798,1012,1081,1180]
[0,71,256,1180]
[0,66,256,374,518,798,1180]
[0,256,374,518,669,798,1081,1180]
[0,71,256,374,518,798,1180]
[0,66,569,798,1180]
[0,66,256,374,518,646,747,798,1012,1081,1180]
[0,256,646,798,1180]
[0,256,669,798,1180]
[0,326,839,1180]
[0,256,669,1180]
[0,66,256,374,1180]
[0,71,256,374,518,669,798,1012,1081,1180]
[0,256,374,798,1180]
[0,66,256,374,518,747,798,1012,1081,1180]
[0,213,374,748,1180]
[0,1081,1180]
[0,707,1180]
[0,71,256,374,518,669,798,1081,1180]
[0,71,256,518,798,1081,1180]
[0,256,518,798,1180]
[0,256,374,518,669,798,1180]
[0,66,256,1180]
[0,256,707,1081,1180]
[0,213,1081,1180]
[0,66,569,798,1081,1180]
[0,669,1180]
[0,71,256,374,1180]
[0,256,374,518,798,1081,1180]
[0,66,256,374,798,1081,1180]
[0,256,374,669,798,1180]
[0,256,374,518,646,798,1012,1081,1180]
[0,256,374,646,798,1180]
[0,256,374,798,1012,1081,1180]
[0,748,1180]
[0,71,256,374,798,1180]
