[0,51,99,195,635,683,825,1045,1180]
[0,195,690,1180]
[0,195,683,825,1180]
[0,51,195,683,825,1045,1180]
[0,99,195,683,825,1045,1180]
[0,51,99,195,635,690,825,1045,1180]
[0,51,99,195,683,825,1045,1180]
[0,195,683,1180]
[0,195,690,1045,1180]
[0,99,195,690,1180]
[0,195,635,690,825,1045,1180]
[0,51,195,683,1180]
[0,99,195,683,1045,1180]
[0,51,99,195,690,825,1045,1180]
[0,51,195,635,683,825,1045,1180]
[0,99,195,683,1180]
[0,195,683,825,1045,1180]
[0,51,99,195,242,683,825,1045,1180]
[0,99,195,690,1045,1180]
[0,690,1180]
[0,51,99,195,242,635,683,825,1045,1180]
[0,51,195,635,690,825,1045,1180]
[0,51,99,195,242,635,690,825,1045,1180]
[0,683,1180]
[0,99,195,690,825,1045,1180]
[0,195,683,1045,1180]
[0,51,195,683,1045,1180]
[0,51,195,690,1180]
[0,195,690,825,1045,1180]
[0,51,195,690,825,1045,1180]
[0,51,195,690,1045,1180]
