[0,1109,1805,2482,4758]
[0,656,1805,2566,4758]
[0,220,716,1805,2482,2899,3707,4758]
[0,716,1109,1805,2482,2899,3707,4367,4758]
[0,1109,1805,2899,3707,4758]
[0,220,716,1805,3707,4758]
[0,220,716,1109,1805,4367,4758]
[0,2482,3707,4758]
[0,1782,2899,4758]
[0,1782,4758]
[0,716,1109,1805,4367,4758]
[0,656,1805,2566,4612,4758]
[0,716,1805,2482,2899,3707,4758]
[0,1805,3707,4612,4758]
[0,220,716,1109,1805,2482,4758]
[0,220,716,2482,2899,4758]
[0,716,1805,4758]
[0,220,716,1109,1805,2482,2899,4758]
[0,656,1805,2566,3707,4758]
[0,2482,2899,3707,4758]
[0,220,1805,4758]
[0,220,716,1109,1805,4367,4612,4758]
[0,220,716,1805,2899,3707,4612,4758]
[0,2566,3707,4758]
[0,220,716,1109,1805,2482,2899,3707,4367,4758]
[0,220,716,1109,1805,4758]
[0,716,2566,4758]
[0,716,1109,1805,2482,4758]
[0,716,2482,4758]
[0,220,2566,4758]
[0,220,716,2566,4758]
[0,716,2482,3707,4758]
[0,2481,4612,4758]
[0,220,2482,4758]
[0,220,716,2482,4758]
[0,1805,3707,4758]
[0,220,716,2482,2899,3707,4612,4758]
[0,716,2482,2899,4758]
[0,220,716,1109,1805,2482,2899,4367,4758]
[0,716,2482,2899,3707,4758]
[0,716,1109,1805,4758]
[0,220,716,1109,1805,2482,2899,3707,4758]
[0,220,716,1805,2482,2899,3707,4612,4758]
[0,220,716,1109,1805,2482,2899,4367,4612,4758]
[0,716,1109,1805,2482,2899,3707,4758]
[0,716,1805,3707,4758]
[0,1805,2566,4758]
[0,1805,2899,3707,4612,4758]
[0,716,1109,1805,2482,2899,4367,4758]
[0,2482,4758]
[0,2482,2899,4758]
[0,1109,1805,3707,4758]
[0,220,716,1109,1805,2482,4367,4758]
[0,220,716,1109,1805,2482,4367,4612,4758]
[0,656,1805,2566,3707,4612,4758]
[0,220,716,1805,4758]
[0,220,716,1109,1805,2482,2899,3707,4612,4758]
[0,1109,1805,2482,2899,3707,4758]
[0,220,716,1109,1805,2482,2899,3707,4367,4612,4758]
[0,716,1109,1805,2482,2899,4758]
[0,220,716,1805,2899,3707,4758]
[0,2481,4758]
[0,1109,1805,4758]
[0,1805,2482,2899,3707,4758]
[0,1109,1805,2482,2899,4758]
[0,220,716,1805,3707,4612,4758]
[0,716,1109,1805,2482,4367,4758]
[0,1805,2899,3707,4758]
[0,220,1109,1805,4758]
[0,1805,4758]
[0,220,716,2482,2899,3707,4758]
[0,716,1805,2899,3707,4758]
[0,1805,2566,3707,4758]
[0,2566,4758]
