[0,603,665,992,1038,1180]
[0,81,603,665,1180]
[0,81,377,603,849,992,1180]
[0,603,665,858,992,1116,1180]
[0,81,603,665,858,992,1038,1116,1180]
[0,81,603,665,849,992,1038,1116,1180]
[0,318,643,1180]
[0,318,643,992,1180]
[0,81,603,665,858,992,1180]
[0,643,992,1180]
[0,603,665,849,992,1116,1180]
[0,603,665,1180]
[0,81,603,665,858,992,1116,1180]
[0,81,603,665,849,992,1180]
[0,81,603,665,849,992,1116,1180]
[0,377,603,1180]
[0,81,603,992,1116,1180]
[0,603,665,858,992,1038,1180]
[0,81,603,992,1180]
[0,643,1180]
[0,603,849,992,1116,1180]
[0,81,643,1180]
[0,603,1180]
[0,603,849,992,1180]
[0,603,665,858,1180]
[0,603,665,849,992,1038,1180]
[0,603,858,1180]
[0,81,643,992,1180]
[0,603,665,849,1180]
[0,81,603,849,992,1180]
[0,81,377,603,992,1180]
[0,603,992,1116,1180]
[0,603,665,992,1180]
[0,603,849,1180]
[0,81,603,849,992,1116,1180]
[0,603,858,992,1116,1180]
[0,81,603,858,992,1116,1180]
[0,81,603,1180]
[0,603,992,1180]
[0,603,858,992,1180]
[0,603,665,849,992,1038,1116,1180]
[0,377,603,849,992,1180]
[0,603,665,849,992,1180]
[0,603,665,858,992,1038,1116,1180]
[0,377,603,992,1180]
[0,81,603,858,992,1180]
[0,603,665,858,992,1180]
