[0,102,270,1651]
[0,125,270,513,1137,1535,1651]
[0,1123,1651]
[0,102,270,651,897,1123,1535,1651]
[0,270,651,897,1137,1651]
[0,270,513,897,1137,1651]
[0,102,270,651,1123,1651]
[0,125,270,513,897,1137,1651]
[0,207,1651]
[0,102,270,1174,1535,1651]
[0,125,270,1137,1651]
[0,102,270,452,1174,1535,1651]
[0,270,651,897,1174,1651]
[0,102,270,651,897,1137,1651]
[0,207,1137,1651]
[0,102,270,651,1174,1535,1651]
[0,270,651,897,1123,1651]
[0,270,1174,1535,1651]
[0,270,651,897,1137,1535,1651]
[0,102,270,452,1174,1651]
[0,125,270,651,1137,1651]
[0,270,1137,1651]
[0,125,270,513,897,1137,1535,1651]
[0,651,1651]
[0,270,1174,1651]
[0,651,1137,1651]
[0,270,651,1137,1651]
[0,270,1651]
[0,125,270,1123,1651]
[0,270,651,897,1123,1535,1651]
[0,651,1174,1651]
[0,102,270,651,897,1123,1651]
[0,270,452,1174,1651]
[0,270,651,897,1174,1535,1651]
[0,102,270,1174,1651]
[0,125,270,1137,1535,1651]
[0,102,270,1137,1651]
[0,102,270,651,1137,1651]
[0,270,651,1174,1535,1651]
[0,125,270,651,897,1137,1535,1651]
[0,270,1123,1651]
[0,102,270,651,897,1174,1535,1651]
[0,270,651,1174,1651]
[0,1137,1651]
[0,270,452,1174,1535,1651]
[0,125,270,651,897,1137,1651]
[0,1174,1651]
[0,125,270,513,1137,1651]
[0,651,1123,1651]
[0,270,651,1123,1651]
[0,270,513,1137,1651]
[0,102,270,651,897,1137,1535,1651]
[0,102,270,1123,1651]
[0,125,270,1651]
