[0,159,266,591,701,1161,1706,2017]
[0,159,266,591,701,1218,1706,2017]
[0,591,701,1474,1582,1706,2017]
[0,266,591,1706,2017]
[0,591,1032,2017]
[0,159,266,591,701,1161,2017]
[0,591,1196,1706,2017]
[0,159,266,591,701,1474,1582,1706,2017]
[0,266,591,1196,1706,2017]
[0,591,701,1032,2017]
[0,266,591,701,1032,2017]
[0,591,701,1032,1846,2017]
[0,266,591,701,1032,1474,1582,1706,2017]
[0,159,266,591,1474,1582,1706,2017]
[0,591,701,1582,1706,2017]
[0,159,591,1846,2017]
[0,591,1161,2017]
[0,159,591,1161,1846,2017]
[0,266,591,701,1582,1706,2017]
[0,591,1032,1846,2017]
[0,266,591,1032,1846,2017]
[0,266,591,701,1218,1582,1706,2017]
[0,567,2017]
[0,159,266,591,701,1196,1706,2017]
[0,591,1218,1582,1706,2017]
[0,266,591,1196,2017]
[0,266,591,701,1196,2017]
[0,266,591,1032,1582,1706,2017]
[0,591,701,1161,2017]
[0,591,701,1161,1706,2017]
[0,266,591,701,1161,2017]
[0,591,1706,2017]
[0,591,701,1196,1706,2017]
[0,266,591,701,1032,1706,2017]
[0,159,636,2017]
[0,266,591,701,1161,1706,2017]
[0,1196,2017]
[0,1218,2017]
[0,266,591,701,1196,1706,2017]
[0,159,636,1582,2017]
[0,591,701,1032,1582,1706,2017]
[0,266,591,701,1032,1582,1706,2017]
[0,591,1161,1846,2017]
[0,591,701,1706,2017]
[0,591,701,1161,1846,2017]
[0,266,591,701,1706,2017]
[0,159,591,701,1032,1846,2017]
[0,159,266,591,701,1032,1706,2017]
[0,159,266,591,701,1218,1582,1706,2017]
[0,266,591,1161,1846,2017]
[0,567,1582,2017]
[0,266,591,701,1161,1846,2017]
[0,159,266,591,1032,2017]
[0,591,1474,1582,1706,2017]
[0,591,1218,1706,2017]
[0,266,591,1218,1706,2017]
[0,591,701,1218,1706,2017]
[0,591,1846,2017]
[0,636,1582,2017]
[0,159,266,591,701,1032,1474,1582,1706,2017]
[0,591,1032,1706,2017]
[0,266,591,701,1032,1846,2017]
[0,266,591,1032,1706,2017]
[0,159,266,591,701,1196,2017]
[0,266,591,1474,1582,1706,2017]
[0,266,591,1032,2017]
[0,266,591,701,1218,1706,2017]
[0,636,2017]
[0,159,266,591,1582,1706,2017]
[0,159,266,591,701,1161,1846,2017]
[0,159,266,591,1161,2017]
[0,159,591,1032,1846,2017]
[0,266,591,1846,2017]
[0,159,266,591,701,1032,1846,2017]
[0,591,1032,1582,1706,2017]
[0,591,1196,2017]
[0,159,266,591,701,1032,1582,1706,2017]
[0,591,1218,2017]
[0,591,701,1218,1582,1706,2017]
[0,591,1161,1706,2017]
[0,591,701,1196,2017]
[0,266,591,1161,1706,2017]
[0,266,591,1161,2017]
[0,159,266,591,2017]
[0,159,266,591,1196,2017]
[0,159,266,591,701,1706,2017]
[0,266,591,1218,1582,1706,2017]
[0,159,591,1161,2017]
[0,591,2017]
[0,266,591,2017]
[0,591,701,1032,1474,1582,1706,2017]
[0,159,266,591,1706,2017]
[0,159,266,591,701,1032,2017]
[0,159,591,701,1161,1846,2017]
[0,266,591,701,1474,1582,1706,2017]
[0,591,701,1032,1706,2017]
[0,591,1582,1706,2017]
[0,266,591,1582,1706,2017]
