[0,619,1248,1501,2120]
[0,111,309,619,1248,1548,2028,2120]
[0,111,309,619,1248,1548,2120]
[0,309,517,1248,1548,2120]
[0,111,309,517,1248,1548,2028,2120]
[0,1009,2120]
[0,309,619,1548,2120]
[0,1548,2120]
[0,111,309,517,1248,1548,2120]
[0,1009,1548,2120]
[0,1248,1501,2120]
[0,309,619,1501,1820,2120]
[0,517,1248,1548,2120]
[0,619,1548,2120]
[0,309,619,1248,1501,1820,2120]
[0,619,2120]
[0,174,1247,1548,2120]
[0,111,309,619,1248,1501,1820,2120]
[0,309,619,1248,1548,1820,2120]
[0,309,619,1248,1548,2120]
[0,111,309,619,1248,1501,2120]
[0,111,309,619,1248,1548,1820,2120]
[0,309,1548,2120]
[0,309,619,1501,2120]
[0,309,517,1009,1548,2120]
[0,517,1009,1548,2120]
[0,1248,2120]
[0,1501,2120]
[0,174,1248,1548,2120]
[0,309,619,2120]
[0,619,1501,2120]
[0,517,2120]
[0,1248,1548,2120]
[0,309,619,1248,1501,2120]
[0,619,1248,1548,2120]
[0,309,1501,2120]
[0,174,1247,1548,2028,2120]
[0,517,1548,2120]
[0,174,1248,1548,2028,2120]
[0,1247,1548,2120]
[0,1247,2120]
