[0,279,404,1327]
[0,279,404,496,651,1140,1194,1327]
[0,152,279,651,1327]
[0,279,404,496,651,1086,1140,1327]
[0,344,566,1327]
[0,152,279,404,651,889,1140,1327]
[0,344,1327]
[0,404,838,1140,1327]
[0,404,496,651,1140,1327]
[0,279,404,1140,1327]
[0,404,651,1327]
[0,344,1140,1327]
[0,279,404,496,651,1140,1327]
[0,566,1140,1327]
[0,279,404,651,1140,1327]
[0,152,279,404,496,651,1086,1140,1327]
[0,279,404,496,651,1086,1140,1194,1327]
[0,651,889,1327]
[0,152,279,404,496,651,1146,1327]
[0,651,889,1140,1327]
[0,152,279,404,496,651,1140,1194,1327]
[0,152,279,404,496,651,1086,1146,1327]
[0,152,279,404,651,1140,1327]
[0,838,1327]
[0,279,404,1086,1140,1327]
[0,496,651,1327]
[0,152,279,404,651,1146,1327]
[0,496,651,1140,1327]
[0,152,279,404,651,1086,1146,1327]
[0,279,651,1140,1327]
[0,344,838,1140,1327]
[0,344,566,1140,1327]
[0,279,651,889,1327]
[0,344,566,889,1327]
[0,404,1140,1327]
[0,152,279,651,1140,1327]
[0,279,651,889,1140,1327]
[0,279,651,1146,1327]
[0,566,1327]
[0,651,1140,1327]
[0,152,279,404,496,651,1327]
[0,279,404,651,1327]
[0,279,404,496,651,1327]
[0,152,279,651,1146,1327]
[0,152,279,404,496,651,1086,1140,1194,1327]
[0,344,566,889,1140,1327]
[0,404,838,1327]
[0,566,889,1327]
[0,152,279,404,496,651,1140,1327]
[0,152,279,404,651,1327]
[0,344,838,1327]
[0,404,496,651,1327]
[0,404,651,1140,1327]
[0,279,404,651,1086,1140,1327]
[0,279,651,1327]
[0,651,1327]
[0,404,496,651,1140,1194,1327]
[0,152,279,651,889,1140,1327]
[0,404,1327]
[0,152,279,404,651,1086,1140,1327]
