[0,547,1924,2368,2498,2661,2775,2817,2865,2956]
[0,2406,2498,2661,2773,2817,2865,2956]
[0,547,1924,2368,2956]
[0,547,1924,2390,2956]
[0,547,1924,2390,2498,2661,2817,2865,2956]
[0,2390,2498,2661,2815,2865,2956]
[0,547,2368,2498,2661,2865,2956]
[0,547,2956]
[0,2390,2773,2817,2865,2956]
[0,2406,2498,2817,2865,2956]
[0,547,1924,2390,2498,2661,2865,2956]
[0,547,2390,2498,2661,2815,2865,2956]
[0,2390,2498,2661,2773,2817,2865,2956]
[0,2406,2773,2817,2865,2956]
[0,2390,2498,2865,2956]
[0,2368,2498,2661,2865,2956]
[0,2390,2661,2865,2956]
[0,547,2406,2498,2661,2775,2817,2865,2956]
[0,547,1459,1924,2368,2498,2661,2956]
[0,1459,2368,2956]
[0,547,1924,2390,2498,2661,2815,2865,2956]
[0,547,2406,2498,2661,2956]
[0,547,1924,2368,2498,2661,2817,2865,2956]
[0,2406,2498,2865,2956]
[0,2406,2775,2817,2865,2956]
[0,2498,2661,2865,2956]
[0,547,1924,2406,2498,2661,2773,2817,2865,2956]
[0,2406,2498,2956]
[0,2368,2817,2865,2956]
[0,2390,2498,2956]
[0,2406,2865,2956]
[0,547,1459,1924,2368,2661,2956]
[0,547,2406,2661,2956]
[0,547,2406,2956]
[0,2498,2661,2956]
[0,547,1459,1924,2390,2498,2661,2865,2956]
[0,547,1924,2406,2661,2956]
[0,547,1459,1924,2368,2498,2661,2865,2956]
[0,2390,2865,2956]
[0,547,2390,2661,2956]
[0,2390,2498,2815,2865,2956]
[0,2368,2498,2661,2775,2817,2865,2956]
[0,2406,2661,2865,2956]
[0,547,2368,2498,2661,2775,2817,2865,2956]
[0,2368,2498,2865,2956]
[0,547,2390,2498,2661,2956]
[0,547,1924,2390,2498,2661,2956]
[0,2406,2498,2661,2865,2956]
[0,2390,2661,2773,2817,2865,2956]
[0,547,2390,2498,2661,2773,2817,2865,2956]
[0,2390,2498,2817,2865,2956]
[0,547,1924,2390,2661,2956]
[0,2406,2498,2661,2956]
[0,547,1924,2406,2498,2661,2956]
[0,547,1924,2406,2498,2661,2865,2956]
[0,2498,2775,2817,2865,2956]
[0,2390,2498,2661,2956]
[0,2406,2498,2661,2775,2817,2865,2956]
[0,547,2368,2498,2661,2817,2865,2956]
[0,2406,2498,2661,2817,2865,2956]
[0,2390,2498,2661,2817,2865,2956]
[0,547,2498,2661,2956]
[0,2406,2817,2865,2956]
[0,2406,2661,2956]
[0,547,2406,2498,2661,2817,2865,2956]
[0,2498,2661,2775,2817,2865,2956]
[0,2390,2498,2661,2865,2956]
[0,547,2368,2498,2661,2956]
[0,547,1924,2368,2498,2661,2956]
[0,2406,2661,2817,2865,2956]
[0,547,1924,2368,2498,2661,2865,2956]
[0,547,1459,1924,2390,2498,2661,2815,2865,2956]
[0,2406,2956]
[0,2390,2661,2956]
[0,2368,2498,2956]
[0,547,1924,2406,2498,2661,2775,2817,2865,2956]
[0,547,1459,1924,2390,2661,2956]
[0,547,1924,2390,2498,2661,2773,2817,2865,2956]
[0,2498,2817,2865,2956]
[0,547,1459,1924,2368,2956]
[0,2368,2498,2661,2956]
[0,2498,2956]
[0,1459,2956]
[0,547,1459,1924,2390,2956]
[0,547,2406,2498,2661,2773,2817,2865,2956]
[0,547,1459,2368,2956]
[0,2368,2498,2817,2865,2956]
[0,2368,2956]
[0,2390,2956]
[0,2368,2865,2956]
[0,547,1459,1924,2368,2498,2661,2817,2865,2956]
[0,547,1924,2406,2956]
[0,547,2498,2956]
[0,2390,2815,2865,2956]
[0,547,2390,2498,2661,2865,2956]
[0,2390,2661,2817,2865,2956]
[0,2406,2661,2775,2817,2865,2956]
[0,547,1459,1924,2390,2498,2661,2956]
[0,547,2368,2956]
[0,547,2390,2956]
[0,547,1924,2406,2498,2661,2817,2865,2956]
[0,547,2406,2498,2661,2865,2956]
[0,2498,2661,2817,2865,2956]
[0,2498,2865,2956]
[0,2368,2498,2661,2817,2865,2956]
[0,2406,2661,2773,2817,2865,2956]
[0,547,1924,2368,2661,2956]
[0,547,2390,2498,2661,2817,2865,2956]
[0,2390,2817,2865,2956]
