[0,684,1180]
[0,818,1180]
[0,52,227,390,684,812,947,1180]
[0,52,227,684,947,1180]
[0,227,390,684,818,947,1180]
[0,227,818,1180]
[0,52,227,390,684,818,947,1180]
[0,227,390,684,812,947,1180]
[0,52,227,684,812,947,1138,1180]
[0,52,227,340,390,684,812,947,1138,1180]
[0,227,1180]
[0,52,227,390,684,812,947,1138,1180]
[0,52,227,340,390,684,818,947,1180]
[0,684,947,1180]
[0,227,390,684,947,1180]
[0,227,684,1180]
[0,227,684,818,947,1180]
[0,52,227,340,390,684,812,947,1180]
[0,52,227,684,812,947,1180]
[0,227,684,812,947,1180]
[0,227,684,947,1180]
[0,52,227,684,818,947,1180]
[0,947,1180]
