[0,153,258,398,745,843,896,1067,1180]
[0,153,258,843,1180]
[0,153,258,398,745,843,1180]
[0,198,843,1180]
[0,153,1180]
[0,258,745,843,1180]
[0,153,258,398,745,843,1067,1180]
[0,258,398,843,1180]
[0,198,258,398,745,843,1067,1180]
[0,198,1067,1180]
[0,258,843,1067,1180]
[0,258,843,1180]
[0,198,258,745,843,896,1067,1180]
[0,258,745,843,896,1067,1180]
[0,198,258,398,745,843,1180]
[0,153,198,258,745,843,896,1067,1180]
[0,258,745,843,896,1180]
[0,153,258,398,843,1067,1180]
[0,198,398,843,1180]
[0,258,1180]
[0,198,843,1067,1180]
[0,258,398,745,843,1067,1180]
[0,198,398,843,1067,1180]
[0,198,258,843,896,1180]
[0,258,398,745,843,896,1067,1180]
[0,198,258,398,745,843,896,1067,1180]
[0,198,1180]
[0,153,258,843,1067,1180]
[0,198,258,745,843,896,1180]
[0,153,198,258,398,745,843,896,1067,1180]
[0,153,745,843,1067,1180]
[0,153,198,258,843,896,1180]
[0,258,745,843,1067,1180]
[0,198,258,745,843,1180]
[0,843,1180]
[0,153,843,1180]
[0,153,198,258,843,1180]
[0,153,198,1180]
[0,153,258,745,843,1067,1180]
[0,398,843,1180]
[0,153,198,258,745,843,896,1180]
[0,258,398,745,843,1180]
[0,1067,1180]
[0,153,843,1067,1180]
[0,153,258,398,843,1180]
[0,198,258,843,1180]
[0,153,198,258,1180]
[0,258,843,896,1180]
[0,198,258,1180]
[0,153,745,843,1180]
[0,198,258,745,843,1067,1180]
[0,258,398,843,1067,1180]
[0,398,1180]
