[0,77,424,661,835,922]
[0,379,462,573,835,922]
[0,462,573,835,922]
[0,77,462,573,730,835,922]
[0,77,379,462,661,835,922]
[0,77,379,462,573,661,835,922]
[0,424,661,922]
[0,77,462,573,835,922]
[0,77,454,922]
[0,77,379,462,573,661,730,835,922]
[0,424,661,835,922]
[0,424,835,922]
[0,77,462,661,835,922]
[0,77,379,454,573,661,730,835,922]
[0,454,835,922]
[0,454,573,922]
[0,77,462,573,784,835,922]
[0,454,661,922]
[0,77,454,835,922]
[0,77,379,454,573,661,730,784,835,922]
[0,454,661,835,922]
[0,77,379,454,573,835,922]
[0,77,424,829,922]
[0,454,573,835,922]
[0,77,454,573,661,835,922]
[0,379,462,661,835,922]
[0,77,424,661,784,835,922]
[0,835,922]
[0,77,454,573,730,835,922]
[0,77,454,573,835,922]
[0,424,829,922]
[0,77,424,835,922]
[0,77,379,462,573,730,835,922]
[0,77,379,454,573,661,784,835,922]
[0,77,379,462,573,661,784,835,922]
[0,379,922]
[0,462,835,922]
[0,77,379,454,661,784,835,922]
[0,462,573,922]
[0,462,661,922]
[0,77,835,922]
[0,454,730,922]
[0,462,573,661,922]
[0,462,922]
[0,454,573,730,835,922]
[0,77,379,462,573,661,730,784,835,922]
[0,77,454,661,784,835,922]
[0,77,379,454,573,661,835,922]
[0,454,573,730,922]
[0,77,379,454,661,730,835,922]
[0,77,379,462,573,784,835,922]
[0,462,573,661,835,922]
[0,424,922]
[0,379,462,573,730,835,922]
[0,77,379,462,661,730,835,922]
[0,77,454,661,835,922]
[0,462,730,922]
[0,77,424,784,835,922]
[0,462,573,730,835,922]
[0,77,379,454,573,730,835,922]
[0,77,454,661,730,835,922]
[0,77,424,922]
[0,77,379,454,661,835,922]
[0,379,462,573,661,835,922]
[0,454,922]
[0,77,379,454,661,730,784,835,922]
[0,454,573,661,835,922]
[0,77,462,661,730,835,922]
[0,77,462,835,922]
[0,454,573,661,922]
[0,77,379,462,573,835,922]
[0,462,661,835,922]
[0,462,573,730,922]
