[0,1542,2053]
[0,1512,1846,1976,2053]
[0,1512,1828,2053]
[0,1512,1973,2053]
[0,1542,2003,2053]
[0,1512,1828,1973,2053]
[0,1512,1563,2003,2053]
[0,1512,1563,1846,2003,2053]
[0,1466,1542,1846,2003,2053]
[0,1466,1542,1756,1828,2003,2053]
[0,1512,1563,1828,1973,2053]
[0,1466,1542,1828,2003,2053]
[0,1512,1563,1846,1976,2053]
[0,1512,1563,2053]
[0,1466,1542,2003,2053]
[0,1466,1542,1756,1846,2003,2053]
[0,1512,1563,1756,1846,2003,2053]
[0,1542,1846,2053]
[0,1512,1563,1976,2053]
[0,1542,1756,1846,2053]
[0,1512,1563,1846,2053]
[0,1512,2003,2053]
[0,1512,1563,1828,2053]
[0,1512,2053]
[0,1512,1756,1846,1976,2053]
[0,1512,1756,1976,2053]
[0,1512,1756,2053]
[0,1512,1976,2053]
[0,1512,1756,1846,2053]
[0,1542,1828,2053]
[0,1466,1542,1756,1846,2053]
[0,1512,1563,1756,1846,2053]
[0,1466,1542,1846,2053]
[0,1512,1563,1756,1828,2053]
[0,1512,1563,1756,1828,1973,2053]
[0,1512,1563,1828,2003,2053]
[0,1512,1846,2053]
[0,1512,1756,1828,2053]
[0,1512,1756,1828,1973,2053]
[0,1466,1542,1756,1828,2053]
[0,1512,1563,1756,1846,1976,2053]
[0,1466,1542,2053]
[0,1512,1563,1973,2053]
[0,1512,1756,1973,2053]
[0,1466,1542,1828,2053]
[0,1512,1563,1756,1828,2003,2053]
