[0,1039,2041,2509,2812]
[0,1039,2771,2812]
[0,477,1044,2041,2509,2771,2812]
[0,893,2509,2812]
[0,1039,2041,2511,2812]
[0,477,893,1044,2041,2509,2771,2812]
[0,893,2812]
[0,477,1044,2812]
[0,1033,2041,2812]
[0,477,2812]
[0,477,1039,2041,2509,2812]
[0,477,1039,1905,2771,2812]
[0,477,1039,2041,2510,2771,2812]
[0,1039,2509,2812]
[0,1039,2511,2812]
[0,477,1039,1905,2511,2771,2812]
[0,477,898,1039,1905,2511,2771,2812]
[0,477,1033,2041,2509,2771,2812]
[0,477,898,1039,1905,2511,2812]
[0,477,1039,2041,2812]
[0,477,1039,2041,2511,2812]
[0,1039,2041,2510,2771,2812]
[0,477,893,1039,2041,2510,2771,2812]
[0,477,1039,2812]
[0,477,2511,2812]
[0,1033,2771,2812]
[0,1044,2041,2509,2771,2812]
[0,1033,2509,2812]
[0,477,893,1039,2041,2510,2812]
[0,1033,2041,2509,2771,2812]
[0,477,1039,1905,2511,2812]
[0,1044,2041,2812]
[0,1039,1905,2511,2812]
[0,1039,1905,2812]
[0,1039,2041,2510,2812]
[0,477,1039,2041,2509,2771,2812]
[0,1044,2812]
[0,1033,2812]
[0,477,1039,2509,2812]
[0,477,1044,2041,2509,2812]
[0,1039,2510,2812]
[0,1033,2511,2812]
[0,477,1039,2771,2812]
[0,477,1039,2511,2812]
[0,1033,2041,2771,2812]
[0,1039,2812]
[0,1033,2041,2509,2812]
[0,477,1039,2041,2510,2812]
[0,477,1044,2041,2812]
[0,477,893,1044,2041,2509,2812]
[0,2771,2812]
[0,1044,2509,2812]
[0,1039,2041,2812]
[0,1044,2771,2812]
[0,1044,2041,2771,2812]
[0,1033,2041,2511,2812]
[0,477,1033,2041,2812]
[0,477,1033,2812]
[0,477,1039,1905,2812]
[0,477,1033,2041,2509,2812]
[0,1039,2041,2509,2771,2812]
[0,1044,2041,2509,2812]
[0,477,1033,2041,2511,2812]
[0,1039,2041,2771,2812]
