[0,231,565,922]
[0,478,668,754,922]
[0,73,218,423,565,668,754,922]
[0,231,478,565,668,754,922]
[0,668,754,922]
[0,105,231,423,565,668,922]
[0,218,423,668,922]
[0,73,231,478,565,668,922]
[0,73,218,423,478,565,668,754,922]
[0,105,423,565,668,754,922]
[0,218,423,668,754,922]
[0,105,335,423,565,668,922]
[0,107,478,668,922]
[0,73,231,478,668,922]
[0,218,565,728,922]
[0,73,423,668,754,922]
[0,105,335,423,478,565,668,754,817,922]
[0,73,218,335,423,478,565,668,754,922]
[0,73,218,423,668,754,922]
[0,123,565,922]
[0,218,478,668,922]
[0,218,668,922]
[0,218,478,668,754,922]
[0,73,668,922]
[0,73,231,423,668,754,922]
[0,105,231,357,423,565,668,754,922]
[0,423,668,922]
[0,105,922]
[0,105,668,754,922]
[0,231,478,565,668,922]
[0,73,478,668,754,922]
[0,105,423,565,668,922]
[0,105,335,423,478,565,668,754,922]
[0,478,565,922]
[0,73,478,565,922]
[0,73,231,423,478,565,668,754,922]
[0,218,335,423,565,668,922]
[0,73,218,478,565,668,754,922]
[0,231,423,668,754,922]
[0,105,231,423,565,668,754,922]
[0,668,922]
[0,105,423,668,922]
[0,218,423,565,922]
[0,218,478,565,668,922]
[0,73,478,565,668,754,922]
[0,423,668,754,922]
[0,218,478,565,668,754,922]
[0,231,478,668,754,922]
[0,231,668,922]
[0,73,231,478,565,668,754,922]
[0,224,668,922]
[0,218,423,565,668,922]
[0,73,231,423,565,668,754,922]
[0,73,922]
[0,105,565,922]
[0,105,335,423,565,922]
[0,231,423,565,922]
[0,218,565,922]
[0,565,668,922]
[0,73,231,478,565,922]
[0,224,478,668,922]
[0,73,565,922]
[0,73,218,478,565,728,922]
[0,73,231,357,423,478,565,668,754,922]
[0,105,231,423,478,565,668,754,922]
[0,218,478,565,922]
[0,565,668,754,922]
[0,231,423,565,668,922]
[0,478,565,668,922]
[0,218,478,565,728,922]
[0,105,668,922]
[0,231,478,565,922]
[0,423,565,922]
[0,105,231,423,478,565,668,754,817,922]
[0,565,922]
[0,231,423,668,922]
[0,105,423,565,922]
[0,231,668,754,922]
[0,105,231,423,565,922]
[0,73,668,754,922]
[0,218,423,565,668,754,922]
[0,73,218,335,423,565,668,754,922]
[0,107,668,922]
[0,218,668,754,922]
[0,218,335,423,565,668,754,922]
[0,105,423,668,754,922]
[0,105,231,423,565,668,754,817,922]
[0,73,231,357,423,565,668,754,922]
[0,478,668,922]
[0,105,335,423,565,668,754,817,922]
[0,73,218,478,565,922]
[0,105,231,357,423,478,565,668,754,922]
[0,105,231,357,423,478,565,668,754,817,922]
[0,231,423,565,668,754,922]
[0,73,224,478,668,922]
[0,105,335,423,565,668,754,922]
[0,478,565,668,754,922]
[0,231,478,668,922]
[0,105,231,357,423,565,668,754,817,922]
[0,73,478,668,922]
