[0,112,1089,2264,2759]
[0,1144,1851,2759]
[0,1089,1784,2504,2759]
[0,1089,2504,2759]
[0,1090,2039,2264,2366,2759]
[0,1090,2039,2264,2540,2759]
[0,1089,1820,2264,2540,2759]
[0,1089,2039,2264,2759]
[0,1089,1784,2759]
[0,112,1089,1784,2759]
[0,1851,2759]
[0,1144,1820,2759]
[0,1820,2759]
[0,1089,2039,2759]
[0,1089,2080,2504,2759]
[0,1144,2264,2759]
[0,216,1144,1851,2759]
[0,1089,1820,2540,2759]
[0,1144,1851,2366,2759]
[0,1089,2080,2264,2504,2759]
[0,1089,2759]
[0,1144,2759]
[0,112,1089,1784,2264,2504,2759]
[0,216,1144,1851,2366,2759]
[0,1090,2039,2264,2759]
[0,1144,1820,2540,2759]
[0,216,1144,2264,2759]
[0,1089,1784,2264,2504,2759]
[0,112,1089,1784,2080,2264,2504,2759]
[0,1784,2759]
[0,112,1089,1784,2080,2264,2366,2504,2759]
[0,1089,2080,2759]
[0,1089,1820,2264,2759]
[0,216,1089,1820,2264,2540,2759]
[0,1089,1820,2759]
[0,2039,2759]
[0,1089,2039,2264,2540,2759]
[0,216,1144,1820,2264,2540,2759]
[0,1144,1820,2264,2540,2759]
[0,1089,2264,2759]
[0,1090,2759]
[0,1090,2039,2759]
[0,1144,1820,2264,2759]
[0,1089,1784,2080,2264,2504,2759]
