[0,106,429,613,840,1183,1465]
[0,613,1011,1465]
[0,429,613,1011,1118,1183,1308,1375,1465]
[0,429,613,840,1148,1465]
[0,106,429,613,1011,1118,1183,1465]
[0,613,1011,1118,1183,1308,1375,1465]
[0,106,429,613,1011,1183,1465]
[0,613,840,1183,1375,1465]
[0,429,613,1011,1148,1465]
[0,613,1011,1148,1465]
[0,429,613,1011,1118,1183,1465]
[0,429,613,1148,1465]
[0,1118,1465]
[0,106,429,613,840,1011,1183,1308,1375,1465]
[0,106,429,613,1011,1118,1183,1375,1465]
[0,613,1011,1183,1465]
[0,429,613,840,1183,1375,1465]
[0,1011,1183,1465]
[0,429,613,840,1011,1183,1465]
[0,429,613,1183,1465]
[0,106,613,1011,1183,1465]
[0,613,840,1183,1465]
[0,106,429,613,1183,1308,1375,1465]
[0,106,429,613,840,1183,1308,1375,1465]
[0,613,1011,1183,1375,1465]
[0,429,613,1011,1183,1308,1465]
[0,106,429,613,840,1011,1118,1183,1308,1375,1465]
[0,106,429,613,840,1148,1375,1465]
[0,429,613,1011,1183,1308,1375,1465]
[0,106,613,1011,1183,1308,1465]
[0,613,1465]
[0,613,840,1183,1308,1375,1465]
[0,106,429,613,840,1011,1183,1375,1465]
[0,106,429,613,1183,1375,1465]
[0,613,840,1148,1465]
[0,613,1183,1308,1375,1465]
[0,613,1011,1183,1308,1465]
[0,613,1183,1375,1465]
[0,1011,1118,1183,1308,1375,1465]
[0,1011,1465]
[0,106,429,613,676,840,1148,1465]
[0,106,429,613,676,840,1148,1375,1465]
[0,429,613,840,1183,1308,1375,1465]
[0,1136,1465]
[0,429,613,1183,1375,1465]
[0,429,613,840,1183,1465]
[0,106,613,1011,1148,1308,1465]
[0,613,1011,1183,1308,1375,1465]
[0,429,613,1011,1183,1375,1465]
[0,429,613,1183,1308,1375,1465]
[0,106,429,613,1011,1183,1308,1375,1465]
[0,429,613,1011,1183,1465]
[0,1183,1308,1375,1465]
[0,1011,1183,1308,1375,1465]
[0,106,1136,1465]
[0,613,1011,1118,1183,1465]
[0,106,429,613,840,1011,1183,1465]
[0,613,1148,1308,1465]
[0,106,429,613,1011,1183,1375,1465]
[0,106,613,1011,1148,1465]
[0,613,1148,1465]
[0,1148,1465]
[0,106,429,613,840,1011,1118,1183,1375,1465]
[0,1011,1118,1183,1465]
[0,1011,1118,1183,1375,1465]
[0,106,429,613,1148,1465]
[0,106,429,613,840,1183,1375,1465]
[0,613,1183,1465]
[0,106,429,613,1011,1183,1308,1465]
[0,1183,1465]
[0,1011,1183,1375,1465]
[0,106,429,613,840,1148,1465]
[0,106,429,613,1011,1118,1183,1308,1375,1465]
[0,1118,1183,1465]
[0,613,1011,1148,1308,1465]
[0,106,429,613,1183,1465]
[0,1183,1375,1465]
[0,106,429,613,1011,1148,1465]
