[0,407,565,986,1669,2200,2481,2824]
[0,565,1669,2200,2824]
[0,407,1669,2200,2481,2824]
[0,459,2481,2824]
[0,459,1669,1979,2200,2481,2824]
[0,459,1669,2138,2481,2824]
[0,565,2200,2481,2824]
[0,565,986,1669,1979,2200,2481,2824]
[0,407,2200,2481,2824]
[0,2200,2824]
[0,565,986,1228,1669,1979,2200,2481,2824]
[0,407,1986,2824]
[0,407,1669,1986,2481,2824]
[0,565,986,1308,1669,1979,2200,2481,2824]
[0,407,1669,1986,2200,2481,2824]
[0,407,565,986,1228,1669,2200,2481,2824]
[0,550,2479,2824]
[0,1986,2824]
[0,1669,2824]
[0,1669,2200,2824]
[0,565,986,1308,1669,2200,2481,2824]
[0,407,565,986,1308,1669,1986,2200,2481,2824]
[0,565,1669,1986,2200,2481,2824]
[0,459,2200,2481,2824]
[0,565,986,1228,1669,2200,2481,2824]
[0,459,2138,2481,2824]
[0,407,565,986,1669,1986,2200,2481,2824]
[0,1669,2138,2824]
[0,565,986,1308,1669,1986,2200,2481,2824]
[0,565,1669,2824]
[0,459,2138,2824]
[0,407,2824]
[0,407,565,986,1308,1669,1979,2200,2481,2824]
[0,565,986,1669,2200,2481,2824]
[0,407,2200,2824]
[0,407,565,1669,1979,2200,2481,2824]
[0,407,565,986,1669,1979,2200,2481,2824]
[0,565,2824]
[0,407,1669,2200,2824]
[0,565,986,1308,1669,2200,2824]
[0,565,1669,2200,2481,2824]
[0,565,986,1669,1986,2200,2481,2824]
[0,407,565,1669,2200,2481,2824]
[0,459,2824]
[0,407,565,986,1228,1669,1979,2200,2481,2824]
[0,2138,2824]
[0,459,1669,2200,2824]
[0,407,2481,2824]
[0,459,1669,2138,2824]
[0,565,2481,2824]
[0,459,1669,2200,2481,2824]
[0,459,2200,2824]
[0,407,565,1669,1986,2200,2481,2824]
[0,407,1669,1979,2200,2481,2824]
[0,407,1986,2481,2824]
[0,550,2824]
[0,565,1669,1979,2200,2481,2824]
[0,565,986,1669,2200,2824]
