[0,129,267,1147,1197]
[0,267,462,697,917,1197]
[0,44,129,267,637,697,917,1147,1197]
[0,267,462,1197]
[0,637,1147,1197]
[0,462,1147,1197]
[0,118,267,917,1147,1197]
[0,118,267,462,917,1147,1197]
[0,462,1197]
[0,267,637,1147,1197]
[0,267,462,1147,1197]
[0,129,267,462,1197]
[0,129,267,637,697,917,1147,1197]
[0,129,267,637,1147,1197]
[0,267,637,697,917,1197]
[0,129,267,462,917,1197]
[0,129,267,637,697,1147,1197]
[0,129,697,1197]
[0,118,267,462,917,1197]
[0,129,267,462,917,1147,1197]
[0,917,1147,1197]
[0,267,917,1197]
[0,118,267,462,1197]
[0,917,1197]
[0,697,1197]
[0,697,917,1197]
[0,44,129,267,462,1147,1197]
[0,129,267,917,1197]
[0,267,637,1197]
[0,129,1197]
[0,44,129,267,462,637,697,917,1147,1197]
[0,637,917,1197]
[0,44,129,267,462,917,1147,1197]
[0,462,917,1197]
[0,129,267,637,1197]
[0,267,637,917,1197]
[0,462,697,917,1197]
[0,267,917,1147,1197]
[0,118,267,917,1197]
[0,129,267,462,637,697,917,1197]
[0,637,1197]
[0,129,267,1197]
[0,267,462,917,1197]
[0,129,267,462,637,697,917,1147,1197]
[0,129,267,462,1147,1197]
[0,129,267,637,917,1197]
[0,129,1147,1197]
[0,129,267,637,697,1197]
[0,129,267,637,697,917,1197]
[0,118,267,637,1147,1197]
[0,118,267,462,1147,1197]
[0,129,267,462,697,917,1197]
[0,267,1197]
[0,129,267,917,1147,1197]
[0,118,267,637,1197]
[0,1147,1197]
[0,637,697,917,1197]
