[0,684,1180]
[0,948,1180]
[0,102,197,684,949,1180]
[0,102,197,684,949,1022,1180]
[0,684,948,1180]
[0,897,1180]
[0,400,684,1180]
[0,400,684,1022,1180]
[0,102,197,400,684,949,1022,1180]
[0,180,684,948,1180]
[0,197,1180]
[0,400,684,949,1180]
[0,1022,1180]
[0,102,197,400,684,830,949,1022,1180]
[0,881,1180]
[0,197,897,1180]
[0,949,1180]
[0,102,197,400,684,949,1180]
[0,665,948,1180]
[0,197,684,881,1180]
[0,684,1022,1180]
[0,197,400,684,949,1180]
[0,102,197,684,830,949,1022,1180]
[0,102,197,684,830,949,1180]
[0,665,1180]
[0,102,197,400,684,830,949,1180]
[0,102,197,684,830,881,949,1022,1180]
[0,180,684,949,1180]
[0,684,881,1180]
[0,102,197,243,400,684,830,881,949,1022,1180]
[0,197,684,949,1180]
[0,684,949,1180]
[0,188,665,948,1180]
[0,197,400,684,830,949,1180]
[0,102,197,400,684,830,881,949,1022,1180]
[0,197,684,830,949,1180]
[0,102,197,684,881,1180]
