[0,436,667,744,847,1046]
[0,436,744,1046]
[0,454,549,667,744,847,902,1046]
[0,59,303,549,847,1046]
[0,454,549,667,744,1046]
[0,59,436,667,744,847,1046]
[0,59,303,454,549,711,867,1046]
[0,436,744,847,1046]
[0,454,744,1046]
[0,59,454,549,1046]
[0,667,744,847,1046]
[0,59,479,847,1046]
[0,59,454,549,667,744,867,1046]
[0,59,436,667,744,847,902,1046]
[0,59,454,549,667,744,847,1046]
[0,59,436,1046]
[0,454,711,1046]
[0,454,1046]
[0,436,479,1046]
[0,303,549,847,1046]
[0,303,549,1046]
[0,454,667,744,1046]
[0,59,303,847,1046]
[0,59,436,479,667,744,847,902,1046]
[0,303,667,744,847,1046]
[0,59,454,549,711,867,1046]
[0,303,454,711,867,1046]
[0,454,549,744,867,1046]
[0,454,549,711,1046]
[0,454,549,744,1046]
[0,436,479,744,1046]
[0,454,549,744,847,1046]
[0,436,1046]
[0,436,667,744,847,902,1046]
[0,667,1046]
[0,303,667,744,847,902,1046]
[0,59,479,1046]
[0,59,303,1046]
[0,479,847,1046]
[0,454,549,667,744,867,1046]
[0,454,549,667,744,847,1046]
[0,59,436,744,847,1046]
[0,59,436,744,847,902,1046]
[0,59,454,549,667,744,847,902,1046]
[0,59,303,667,744,847,902,1046]
[0,436,479,667,744,847,902,1046]
[0,59,303,667,744,847,1046]
[0,454,667,744,847,1046]
[0,454,711,867,1046]
[0,667,744,847,902,1046]
[0,847,1046]
[0,436,479,744,847,1046]
[0,303,744,1046]
[0,436,479,667,744,847,1046]
[0,436,744,847,902,1046]
[0,454,744,867,1046]
[0,303,847,1046]
[0,454,744,847,1046]
[0,454,549,1046]
[0,303,454,549,711,867,1046]
[0,303,744,847,1046]
[0,667,744,1046]
[0,59,454,549,711,1046]
[0,744,847,1046]
[0,454,549,711,867,1046]
[0,479,1046]
[0,303,1046]
