[0,826,1005,1180]
[0,128,699,1083,1180]
[0,709,1005,1180]
[0,699,1005,1180]
[0,154,515,709,1005,1180]
[0,251,515,826,1180]
[0,154,648,709,836,1005,1180]
[0,251,826,1005,1180]
[0,251,515,709,1180]
[0,154,515,648,709,836,1005,1180]
[0,251,384,515,648,709,826,1005,1116,1180]
[0,251,515,709,1005,1116,1180]
[0,333,515,836,1083,1180]
[0,128,699,1180]
[0,154,515,648,826,1005,1180]
[0,154,826,1180]
[0,154,709,1180]
[0,251,515,648,826,1180]
[0,333,699,1180]
[0,333,515,699,1180]
[0,154,699,1005,1180]
[0,154,515,836,1005,1180]
[0,709,1180]
[0,128,648,709,1005,1116,1180]
[0,333,515,648,826,1005,1180]
[0,128,648,709,826,1005,1116,1180]
[0,154,836,1005,1180]
[0,251,515,648,709,1180]
[0,154,826,1005,1180]
[0,251,709,1180]
[0,333,515,648,826,1005,1116,1180]
[0,333,709,1005,1116,1180]
[0,333,515,648,709,1005,1116,1180]
[0,154,1180]
[0,128,333,515,836,1083,1180]
[0,333,515,648,709,1005,1180]
[0,515,709,1005,1180]
[0,515,709,1180]
[0,699,1180]
[0,333,515,648,826,1180]
[0,128,333,515,699,1180]
[0,515,836,1005,1180]
[0,128,826,1005,1116,1180]
[0,515,826,1005,1180]
[0,333,515,836,1180]
[0,333,515,648,709,1180]
[0,648,826,1180]
[0,648,709,1180]
[0,333,699,836,1180]
[0,515,836,1180]
[0,128,333,515,648,826,1005,1180]
[0,154,384,515,648,709,826,1005,1116,1180]
[0,333,709,1005,1180]
[0,251,826,1180]
[0,128,333,515,648,709,826,1005,1116,1180]
[0,251,515,648,709,826,1005,1116,1180]
[0,648,826,1005,1180]
[0,154,515,826,1005,1180]
[0,154,384,515,709,1005,1180]
[0,333,515,826,1180]
[0,333,515,826,1005,1180]
[0,333,515,709,1180]
[0,515,826,1180]
[0,128,333,515,648,826,1005,1116,1180]
[0,154,384,515,648,709,836,1005,1180]
[0,154,515,826,1180]
[0,154,384,515,1180]
[0,154,515,648,826,1180]
[0,251,515,648,826,1005,1180]
[0,154,515,648,826,1005,1116,1180]
[0,251,384,515,648,826,1005,1180]
[0,154,709,1005,1180]
[0,128,648,826,1005,1180]
[0,251,515,648,826,1005,1116,1180]
[0,128,333,699,1180]
[0,154,515,709,1180]
[0,333,826,1005,1180]
[0,648,1180]
[0,154,515,648,709,1180]
[0,154,648,1180]
[0,154,384,515,648,826,1005,1180]
[0,251,648,709,1180]
[0,251,515,826,1005,1180]
[0,251,384,515,648,826,1005,1116,1180]
[0,154,648,709,1180]
[0,128,826,1005,1180]
[0,709,1005,1116,1180]
[0,154,384,515,648,709,1005,1180]
[0,154,515,709,1005,1116,1180]
[0,154,515,648,836,1005,1180]
[0,128,709,1180]
[0,251,515,648,709,1005,1180]
[0,251,515,709,1005,1180]
[0,648,709,1005,1116,1180]
[0,154,384,515,648,836,1005,1180]
[0,251,515,648,709,1005,1116,1180]
[0,333,515,709,1005,1116,1180]
[0,128,333,699,836,1083,1180]
[0,836,1005,1180]
[0,128,648,826,1005,1116,1180]
[0,128,333,515,836,1180]
[0,515,648,709,1180]
[0,836,1180]
[0,154,515,648,709,1005,1116,1180]
[0,154,709,836,1005,1180]
[0,333,515,1180]
[0,333,515,648,709,826,1005,1116,1180]
[0,648,709,1005,1180]
[0,699,836,1180]
[0,154,699,1180]
[0,333,515,709,1005,1180]
[0,154,384,515,648,709,1180]
[0,251,709,1005,1116,1180]
[0,154,648,709,1005,1180]
[0,128,333,515,699,836,1083,1180]
[0,128,699,836,1180]
[0,333,836,1180]
[0,154,384,515,648,826,1005,1116,1180]
[0,59,154,384,515,648,709,836,1005,1180]
[0,333,515,699,836,1180]
[0,826,1180]
[0,128,699,836,1083,1180]
[0,154,384,515,709,1180]
[0,154,515,648,709,826,1005,1116,1180]
[0,515,1180]
[0,154,515,1180]
[0,251,515,1180]
[0,128,333,699,836,1180]
[0,128,333,515,1180]
[0,128,709,1005,1116,1180]
[0,154,836,1180]
[0,333,826,1180]
[0,154,709,1005,1116,1180]
[0,154,515,648,709,1005,1180]
[0,128,709,1005,1180]
[0,333,709,1180]
[0,251,709,1005,1180]
[0,128,333,515,699,836,1180]
