[0,90,528,984,1183,1451,2017]
[0,83,530,984,1183,1505,2017]
[0,267,2017]
[0,83,267,530,1183,1489,2017]
[0,267,984,2017]
[0,530,1183,1451,2017]
[0,984,2017]
[0,90,528,984,1183,1939,2017]
[0,90,528,1027,2017]
[0,528,1183,1456,2017]
[0,83,530,2017]
[0,83,530,1027,2017]
[0,83,761,2017]
[0,530,984,1183,1451,2017]
[0,90,528,984,1183,1456,1939,2017]
[0,530,1027,2017]
[0,528,2017]
[0,90,528,1183,2017]
[0,83,761,1027,2017]
[0,136,2017]
[0,761,1027,2017]
[0,136,705,2017]
[0,136,705,1939,2017]
[0,83,530,984,1183,1451,2017]
[0,83,267,530,1183,2017]
[0,530,1183,2017]
[0,90,528,984,1183,2017]
[0,83,530,1183,2017]
[0,267,530,1183,2017]
[0,90,528,1027,1939,2017]
[0,528,1183,1451,2017]
[0,90,528,984,1183,1456,2017]
[0,530,2017]
[0,761,2017]
[0,530,984,1183,1505,2017]
[0,530,1183,1505,2017]
[0,83,2017]
[0,528,984,1183,2017]
[0,528,1027,2017]
[0,528,984,1183,1456,2017]
[0,90,528,2017]
[0,83,530,1183,1489,2017]
[0,83,530,984,1183,1505,1957,2017]
[0,530,1183,1489,2017]
[0,530,984,1183,2017]
[0,267,530,1183,1489,2017]
[0,83,530,984,1183,2017]
[0,528,1183,2017]
[0,1183,2017]
[0,90,528,1939,2017]
[0,83,530,1183,1505,2017]
[0,705,2017]
[0,528,984,1183,1451,2017]
