[0,329,707,1112,1472,1846,2017]
[0,560,707,2017]
[0,329,707,1008,1253,1472,2017]
[0,119,560,707,1152,1472,2017]
[0,119,329,560,707,1008,1152,1341,1472,1889,2017]
[0,119,560,707,1472,2017]
[0,707,2017]
[0,119,556,707,1112,1472,1846,2017]
[0,119,707,1152,1472,1705,2017]
[0,707,1112,1238,1472,1846,2017]
[0,556,707,1152,1472,2017]
[0,707,1008,2017]
[0,329,707,1112,1472,2017]
[0,119,556,707,1152,1472,2017]
[0,329,1008,1472,2017]
[0,556,707,1112,1238,1472,1846,2017]
[0,329,560,707,1008,1253,1472,2017]
[0,329,560,707,1008,1253,1472,1889,2017]
[0,119,329,560,707,1008,1152,1341,1472,2017]
[0,119,707,1112,1472,1846,2017]
[0,119,707,1112,1472,2017]
[0,707,1152,1472,2017]
[0,119,707,1472,2017]
[0,707,1008,1472,2017]
[0,119,329,560,707,1008,1253,1472,2017]
[0,119,560,707,1152,1472,1705,2017]
[0,707,1472,2017]
[0,1472,2017]
[0,119,329,560,707,1008,1253,1472,1889,2017]
[0,119,329,560,707,1112,1238,1472,1846,2017]
[0,119,329,560,707,1008,1152,1253,1472,2017]
[0,329,560,707,1112,1472,2017]
[0,329,1472,2017]
[0,329,560,707,1008,1152,1472,2017]
[0,560,707,1152,1472,1705,2017]
[0,329,707,1008,1472,2017]
[0,1008,1472,2017]
[0,707,1112,1472,2017]
[0,119,560,707,1341,1472,2017]
[0,329,560,707,1008,1152,1341,1472,2017]
[0,119,329,560,707,1008,1472,1889,2017]
[0,560,707,1112,1472,2017]
[0,119,329,560,707,1112,1472,1846,2017]
[0,329,560,707,1008,1472,1889,2017]
[0,119,707,1152,1472,2017]
[0,560,707,1152,1472,2017]
[0,119,329,560,707,1008,1152,1253,1472,1889,2017]
[0,329,2017]
[0,707,1229,2017]
[0,329,560,707,1472,2017]
[0,119,556,707,1112,1238,1472,1846,2017]
[0,329,707,2017]
[0,556,707,1112,1472,1846,2017]
[0,329,560,707,1008,1152,1253,1472,2017]
[0,329,560,707,1008,1152,1341,1472,1889,2017]
[0,329,560,707,1008,1341,1472,2017]
[0,560,707,1008,1472,2017]
[0,119,707,2017]
[0,119,329,560,707,1341,1472,2017]
[0,560,707,1341,1472,2017]
[0,707,1112,2017]
[0,1226,2017]
[0,329,560,707,2017]
[0,329,560,707,1341,1472,2017]
[0,707,1112,1472,1846,2017]
[0,119,707,1341,1472,2017]
[0,1341,1472,2017]
[0,707,1152,1472,1705,2017]
[0,558,1226,2017]
[0,329,560,1472,2017]
[0,329,560,707,1112,1472,1846,2017]
[0,558,2017]
[0,119,707,1229,2017]
[0,560,707,1472,2017]
[0,329,560,707,1112,1238,1472,1846,2017]
[0,119,329,560,707,1008,1472,2017]
[0,119,560,707,2017]
[0,707,1341,1472,2017]
[0,329,560,707,1008,1472,2017]
