[0,350,436,647,1180]
[0,436,647,935,1180]
[0,647,935,1180]
[0,436,647,1180]
[0,265,647,1180]
[0,159,278,647,935,1180]
[0,278,647,935,1180]
[0,159,228,436,647,1180]
[0,159,265,350,436,647,1180]
[0,159,436,647,1007,1180]
[0,647,1007,1180]
[0,159,350,436,647,935,1180]
[0,159,276,647,1180]
[0,619,1007,1180]
[0,436,647,1007,1180]
[0,159,228,350,436,647,1180]
[0,619,1180]
[0,159,228,350,436,647,935,1180]
[0,228,619,1180]
[0,159,265,647,935,1180]
[0,159,228,436,647,935,1180]
[0,276,647,1180]
[0,159,278,647,1180]
[0,265,350,436,647,1180]
[0,350,436,647,935,1180]
[0,647,1180]
[0,278,647,1180]
[0,159,265,436,647,1180]
[0,159,350,436,647,1180]
[0,228,619,1007,1180]
[0,159,436,647,935,1180]
[0,159,265,647,1180]
[0,159,228,436,647,1007,1180]
[0,265,647,935,1180]
[0,159,436,647,1180]
